MutationType	Signature A	Signature B	Signature C	Signature D	Signature E	Signature F	Signature G	Signature H	Signature I
A[C>A]A	3.826606029127125e-06	3.6032540722154696e-06	3.8513928470791045e-06	3.666614890663957e-06	3.806031419692744e-06	3.90009424981837e-06	3.898934203889437e-06	3.4002838864373672e-06	3.733469258727062e-06
A[C>A]C	3.826606029127125e-06	3.6032540722154696e-06	3.8513928470791045e-06	3.666614890663957e-06	3.806031419692744e-06	3.90009424981837e-06	3.898934203889437e-06	3.4002838864373672e-06	3.733469258727062e-06
A[C>A]G	3.826606029127125e-06	3.6032540722154696e-06	3.8513928470791045e-06	3.666614890663957e-06	3.806031419692744e-06	3.90009424981837e-06	3.898934203889437e-06	3.4002838864373672e-06	3.733469258727062e-06
A[C>A]T	2.4169371200828623e-06	2.6464713308035606e-06	4.03213463698598e-06	0.024813121062712704	2.61401686540166e-06	0.014287045183590228	0.006584515710112761	0.01428719867861485	2.8116915558390807e-06
A[C>G]A	0.04808656208780566	0.043765864817475346	0.021531559282031366	0.01266185200333272	1.202307497734036e-06	0.04672459905623022	0.015549545099729386	0.05373530104929558	0.007192756704700758
A[C>G]C	3.826606029127125e-06	3.6032540722154696e-06	3.8513928470791045e-06	3.666614890663957e-06	3.806031419692744e-06	3.90009424981837e-06	3.898934203889437e-06	3.4002838864373672e-06	3.733469258727062e-06
A[C>G]G	3.826606029127125e-06	3.6032540722154696e-06	3.8513928470791045e-06	3.666614890663957e-06	3.806031419692744e-06	3.90009424981837e-06	3.898934203889437e-06	3.4002838864373672e-06	3.733469258727062e-06
A[C>G]T	3.826606029127125e-06	3.6032540722154696e-06	3.8513928470791045e-06	3.666614890663957e-06	3.806031419692744e-06	3.90009424981837e-06	3.898934203889437e-06	3.4002838864373672e-06	3.733469258727062e-06
A[C>T]A	0.14784261662900744	0.16953712530777437	0.1120582568254291	0.024482849063981387	0.09474375943865206	0.03782581391599782	0.0898807960718816	0.133490117848903	0.08933076542084115
A[C>T]C	3.826606029127125e-06	3.6032540722154696e-06	3.8513928470791045e-06	3.666614890663957e-06	3.806031419692744e-06	3.90009424981837e-06	3.898934203889437e-06	3.4002838864373672e-06	3.733469258727062e-06
A[C>T]G	0.05147071670229188	0.03679454663591027	0.06114082148737946	0.006280406036348471	0.029326264775431883	0.032935593889436995	0.039803076285825946	0.050274013296821365	0.05697074256976163
A[C>T]T	0.054704505750392415	0.015906670252816883	0.051092376792958805	0.0798066844037664	0.007997349683397274	0.012912216860531737	0.007148512467999672	0.009495319786335426	0.035460304533075686
A[T>A]A	3.826606029127125e-06	3.6032540722154696e-06	3.8513928470791045e-06	3.666614890663957e-06	3.806031419692744e-06	3.90009424981837e-06	3.898934203889437e-06	3.4002838864373672e-06	3.733469258727062e-06
A[T>A]C	0.04789718479072738	0.01881289201189111	0.07446731790039161	0.034927226134981636	0.0068846151990066716	0.03447492024693373	0.01651123323268831	0.04400941683433686	0.058023654031254125
A[T>A]G	3.826606029127125e-06	3.6032540722154696e-06	3.8513928470791045e-06	3.666614890663957e-06	3.806031419692744e-06	3.90009424981837e-06	3.898934203889437e-06	3.4002838864373672e-06	3.733469258727062e-06
A[T>A]T	3.826606029127125e-06	3.6032540722154696e-06	3.8513928470791045e-06	3.666614890663957e-06	3.806031419692744e-06	3.90009424981837e-06	3.898934203889437e-06	3.4002838864373672e-06	3.733469258727062e-06
A[T>C]A	0.027259952419488993	0.042030898758547056	0.04517588265534659	0.01238231796547434	0.0459163336849029	0.02245508090892027	0.04682664272136263	0.009921243894389675	0.1019068117858312
A[T>C]C	3.826606029127125e-06	3.6032540722154696e-06	3.8513928470791045e-06	3.666614890663957e-06	3.806031419692744e-06	3.90009424981837e-06	3.898934203889437e-06	3.4002838864373672e-06	3.733469258727062e-06
A[T>C]G	2.7870825305584678e-06	2.7255202992562796e-06	3.612152090423708e-06	0.009929094005336273	0.009745984690759992	3.3388206195480244e-06	0.006584053433457304	5.094699314585479e-06	3.345683129120434e-06
A[T>C]T	0.015547808574107161	0.040538113204790095	0.055183717118530096	0.0438351532553599	0.045541407767147865	0.03622935865855783	0.04240960174770072	0.02120197768885224	0.03985671503469139
A[T>G]A	3.826606029127125e-06	3.6032540722154696e-06	3.8513928470791045e-06	3.666614890663957e-06	3.806031419692744e-06	3.90009424981837e-06	3.898934203889437e-06	3.4002838864373672e-06	3.733469258727062e-06
A[T>G]C	3.826606029127125e-06	3.6032540722154696e-06	3.8513928470791045e-06	3.666614890663957e-06	3.806031419692744e-06	3.90009424981837e-06	3.898934203889437e-06	3.4002838864373672e-06	3.733469258727062e-06
A[T>G]G	3.826606029127125e-06	3.6032540722154696e-06	3.8513928470791045e-06	3.666614890663957e-06	3.806031419692744e-06	3.90009424981837e-06	3.898934203889437e-06	3.4002838864373672e-06	3.733469258727062e-06
A[T>G]T	3.826606029127125e-06	3.6032540722154696e-06	3.8513928470791045e-06	3.666614890663957e-06	3.806031419692744e-06	3.90009424981837e-06	3.898934203889437e-06	3.4002838864373672e-06	3.733469258727062e-06
C[C>A]A	3.826606029127125e-06	3.6032540722154696e-06	3.8513928470791045e-06	3.666614890663957e-06	3.806031419692744e-06	3.90009424981837e-06	3.898934203889437e-06	3.4002838864373672e-06	3.733469258727062e-06
C[C>A]C	3.826606029127125e-06	3.6032540722154696e-06	3.8513928470791045e-06	3.666614890663957e-06	3.806031419692744e-06	3.90009424981837e-06	3.898934203889437e-06	3.4002838864373672e-06	3.733469258727062e-06
C[C>A]G	3.826606029127125e-06	3.6032540722154696e-06	3.8513928470791045e-06	3.666614890663957e-06	3.806031419692744e-06	3.90009424981837e-06	3.898934203889437e-06	3.4002838864373672e-06	3.733469258727062e-06
C[C>A]T	3.826606029127125e-06	3.6032540722154696e-06	3.8513928470791045e-06	3.666614890663957e-06	3.806031419692744e-06	3.90009424981837e-06	3.898934203889437e-06	3.4002838864373672e-06	3.733469258727062e-06
C[C>G]A	3.826606029127125e-06	3.6032540722154696e-06	3.8513928470791045e-06	3.666614890663957e-06	3.806031419692744e-06	3.90009424981837e-06	3.898934203889437e-06	3.4002838864373672e-06	3.733469258727062e-06
C[C>G]C	3.826606029127125e-06	3.6032540722154696e-06	3.8513928470791045e-06	3.666614890663957e-06	3.806031419692744e-06	3.90009424981837e-06	3.898934203889437e-06	3.4002838864373672e-06	3.733469258727062e-06
C[C>G]G	3.826606029127125e-06	3.6032540722154696e-06	3.8513928470791045e-06	3.666614890663957e-06	3.806031419692744e-06	3.90009424981837e-06	3.898934203889437e-06	3.4002838864373672e-06	3.733469258727062e-06
C[C>G]T	3.826606029127125e-06	3.6032540722154696e-06	3.8513928470791045e-06	3.666614890663957e-06	3.806031419692744e-06	3.90009424981837e-06	3.898934203889437e-06	3.4002838864373672e-06	3.733469258727062e-06
C[C>T]A	3.826606029127125e-06	3.6032540722154696e-06	3.8513928470791045e-06	3.666614890663957e-06	3.806031419692744e-06	3.90009424981837e-06	3.898934203889437e-06	3.4002838864373672e-06	3.733469258727062e-06
C[C>T]C	3.826606029127125e-06	3.6032540722154696e-06	3.8513928470791045e-06	3.666614890663957e-06	3.806031419692744e-06	3.90009424981837e-06	3.898934203889437e-06	3.4002838864373672e-06	3.733469258727062e-06
C[C>T]G	0.07334634982858992	0.0075631226460750765	0.007156303165337342	0.053127930092979614	0.021543800185303084	0.05270353664365488	0.07736385030748132	0.006531566487108109	0.06679394886515058
C[C>T]T	0.07691814017815114	0.09956869692339569	0.043311084902618216	0.07076550244565791	0.008190662174960731	0.09762619320192252	0.04454141938697041	0.031341134165032605	0.05075096023332868
C[T>A]A	3.826606029127125e-06	3.6032540722154696e-06	3.8513928470791045e-06	3.666614890663957e-06	3.806031419692744e-06	3.90009424981837e-06	3.898934203889437e-06	3.4002838864373672e-06	3.733469258727062e-06
C[T>A]C	0.032922324564178866	0.08203069064239012	1.609620654988402e-06	0.022533226466388324	0.04058082197293975	0.06653205915666768	0.014629863320670785	0.025579176065101843	0.04665065835689441
C[T>A]G	3.3208986552111553e-06	3.1052668548170586e-06	3.567645660938396e-06	3.2625393953450583e-06	0.01717924629510583	8.708227228230207e-06	2.946054351249051e-06	3.0819182279943064e-06	0.005636750191654367
C[T>A]T	3.528922035954197e-06	3.2933892884546972e-06	0.026559024189409242	2.591732513437999e-06	3.920765297592911e-06	4.567626801889109e-06	3.840032126369329e-06	3.028289692597956e-06	3.565417107206192e-06
C[T>C]A	0.05144656157589368	0.017192169731016834	0.02245926551517522	0.005564684588523934	0.06313580727664841	0.06163993923696838	0.12571882380154142	0.013593130931272169	2.3788021416587943e-06
C[T>C]C	3.633267907957671e-06	0.02430828707922146	3.2419352791147908e-06	0.007407474937832788	3.553027934063486e-06	0.031930724909874496	3.930728634287271e-06	2.447726714647364e-06	0.00534723535957154
C[T>C]G	3.826606029127125e-06	3.6032540722154696e-06	3.8513928470791045e-06	3.666614890663957e-06	3.806031419692744e-06	3.90009424981837e-06	3.898934203889437e-06	3.4002838864373672e-06	3.733469258727062e-06
C[T>C]T	0.014119153920811348	0.040906861807385696	1.135835490497407e-10	0.1588753753678459	0.029113747628626868	0.014811078481572898	0.04883637824131165	0.01428284526492431	0.04963833367526469
C[T>G]A	3.826606029127125e-06	3.6032540722154696e-06	3.8513928470791045e-06	3.666614890663957e-06	3.806031419692744e-06	3.90009424981837e-06	3.898934203889437e-06	3.4002838864373672e-06	3.733469258727062e-06
C[T>G]C	0.006058456938401193	1.8557563098248103e-06	2.540099415568951e-06	2.478887276882828e-06	0.007438336034015449	2.836111345611407e-06	0.009800091149461466	3.2528600140690694e-06	4.684113909738524e-06
C[T>G]G	3.826606029127125e-06	3.6032540722154696e-06	3.8513928470791045e-06	3.666614890663957e-06	3.806031419692744e-06	3.90009424981837e-06	3.898934203889437e-06	3.4002838864373672e-06	3.733469258727062e-06
C[T>G]T	3.826606029127125e-06	3.6032540722154696e-06	3.8513928470791045e-06	3.666614890663957e-06	3.806031419692744e-06	3.90009424981837e-06	3.898934203889437e-06	3.4002838864373672e-06	3.733469258727062e-06
G[C>A]A	3.826606029127125e-06	3.6032540722154696e-06	3.8513928470791045e-06	3.666614890663957e-06	3.806031419692744e-06	3.90009424981837e-06	3.898934203889437e-06	3.4002838864373672e-06	3.733469258727062e-06
G[C>A]C	3.826606029127125e-06	3.6032540722154696e-06	3.8513928470791045e-06	3.666614890663957e-06	3.806031419692744e-06	3.90009424981837e-06	3.898934203889437e-06	3.4002838864373672e-06	3.733469258727062e-06
G[C>A]G	3.826606029127125e-06	3.6032540722154696e-06	3.8513928470791045e-06	3.666614890663957e-06	3.806031419692744e-06	3.90009424981837e-06	3.898934203889437e-06	3.4002838864373672e-06	3.733469258727062e-06
G[C>A]T	0.03774137060464132	0.014013168016889094	0.05371767787523479	0.015010251653974885	0.10007772860018652	0.01428237911753893	0.006967296481091606	0.13644056826392145	0.004803749288269372
G[C>G]A	3.826606029127125e-06	3.6032540722154696e-06	3.8513928470791045e-06	3.666614890663957e-06	3.806031419692744e-06	3.90009424981837e-06	3.898934203889437e-06	3.4002838864373672e-06	3.733469258727062e-06
G[C>G]C	0.007956324046375331	0.005797756997112274	0.0519137295508573	0.0714181611374162	0.04436020867384336	0.026354100930863877	0.011848274243802717	0.16117972404482417	0.028727762362827407
G[C>G]G	3.826606029127125e-06	3.6032540722154696e-06	3.8513928470791045e-06	3.666614890663957e-06	3.806031419692744e-06	3.90009424981837e-06	3.898934203889437e-06	3.4002838864373672e-06	3.733469258727062e-06
G[C>G]T	0.05415478304658487	0.03684137592524682	0.005949849808380621	0.021209696184172514	0.008604206754653761	0.014546079612934405	0.09356444044006137	0.032288160674462676	0.05166327306991693
G[C>T]A	3.826606029127125e-06	3.6032540722154696e-06	3.8513928470791045e-06	3.666614890663957e-06	3.806031419692744e-06	3.90009424981837e-06	3.898934203889437e-06	3.4002838864373672e-06	3.733469258727062e-06
G[C>T]C	3.757604193490842e-06	2.869344025961166e-06	2.9246061212477855e-06	3.383737361337152e-06	3.7969709811466925e-06	2.869405651133837e-06	0.011968351553007111	3.132175925335539e-06	3.5193697628669534e-06
G[C>T]G	3.826606029127125e-06	3.6032540722154696e-06	3.8513928470791045e-06	3.666614890663957e-06	3.806031419692744e-06	3.90009424981837e-06	3.898934203889437e-06	3.4002838864373672e-06	3.733469258727062e-06
G[C>T]T	3.826606029127125e-06	3.6032540722154696e-06	3.8513928470791045e-06	3.666614890663957e-06	3.806031419692744e-06	3.90009424981837e-06	3.898934203889437e-06	3.4002838864373672e-06	3.733469258727062e-06
G[T>A]A	3.826606029127125e-06	3.6032540722154696e-06	3.8513928470791045e-06	3.666614890663957e-06	3.806031419692744e-06	3.90009424981837e-06	3.898934203889437e-06	3.4002838864373672e-06	3.733469258727062e-06
G[T>A]C	3.826606029127125e-06	3.6032540722154696e-06	3.8513928470791045e-06	3.666614890663957e-06	3.806031419692744e-06	3.90009424981837e-06	3.898934203889437e-06	3.4002838864373672e-06	3.733469258727062e-06
G[T>A]G	3.826606029127125e-06	3.6032540722154696e-06	3.8513928470791045e-06	3.666614890663957e-06	3.806031419692744e-06	3.90009424981837e-06	3.898934203889437e-06	3.4002838864373672e-06	3.733469258727062e-06
G[T>A]T	3.826606029127125e-06	3.6032540722154696e-06	3.8513928470791045e-06	3.666614890663957e-06	3.806031419692744e-06	3.90009424981837e-06	3.898934203889437e-06	3.4002838864373672e-06	3.733469258727062e-06
G[T>C]A	3.826606029127125e-06	3.6032540722154696e-06	3.8513928470791045e-06	3.666614890663957e-06	3.806031419692744e-06	3.90009424981837e-06	3.898934203889437e-06	3.4002838864373672e-06	3.733469258727062e-06
G[T>C]C	3.826606029127125e-06	3.6032540722154696e-06	3.8513928470791045e-06	3.666614890663957e-06	3.806031419692744e-06	3.90009424981837e-06	3.898934203889437e-06	3.4002838864373672e-06	3.733469258727062e-06
G[T>C]G	3.826606029127125e-06	3.6032540722154696e-06	3.8513928470791045e-06	3.666614890663957e-06	3.806031419692744e-06	3.90009424981837e-06	3.898934203889437e-06	3.4002838864373672e-06	3.733469258727062e-06
G[T>C]T	0.030035010888969305	0.02437448616907418	0.028007622050236512	0.04081747431148205	0.04310562877880664	0.04261601766242086	0.014960945067517864	1.3897862598870894e-06	0.02793861094068161
G[T>G]A	3.826606029127125e-06	3.6032540722154696e-06	3.8513928470791045e-06	3.666614890663957e-06	3.806031419692744e-06	3.90009424981837e-06	3.898934203889437e-06	3.4002838864373672e-06	3.733469258727062e-06
G[T>G]C	3.826606029127125e-06	3.6032540722154696e-06	3.8513928470791045e-06	3.666614890663957e-06	3.806031419692744e-06	3.90009424981837e-06	3.898934203889437e-06	3.4002838864373672e-06	3.733469258727062e-06
G[T>G]G	3.826606029127125e-06	3.6032540722154696e-06	3.8513928470791045e-06	3.666614890663957e-06	3.806031419692744e-06	3.90009424981837e-06	3.898934203889437e-06	3.4002838864373672e-06	3.733469258727062e-06
G[T>G]T	3.826606029127125e-06	3.6032540722154696e-06	3.8513928470791045e-06	3.666614890663957e-06	3.806031419692744e-06	3.90009424981837e-06	3.898934203889437e-06	3.4002838864373672e-06	3.733469258727062e-06
T[C>A]A	0.06332638592569872	0.010381190981108398	0.030531100546887104	0.020132500496187953	0.08270692195499099	0.015712838964942893	0.03492086097776284	0.05448939417204385	0.015498103680555483
T[C>A]C	0.0241101248986698	0.006334504777393708	0.048010499115597224	0.053296109649635506	0.027783905770359156	0.10642695328647486	0.004070973626126016	0.03676681317258967	0.048586027267314674
T[C>A]G	3.826606029127125e-06	3.6032540722154696e-06	3.8513928470791045e-06	3.666614890663957e-06	3.806031419692744e-06	3.90009424981837e-06	3.898934203889437e-06	3.4002838864373672e-06	3.733469258727062e-06
T[C>A]T	3.826606029127125e-06	3.6032540722154696e-06	3.8513928470791045e-06	3.666614890663957e-06	3.806031419692744e-06	3.90009424981837e-06	3.898934203889437e-06	3.4002838864373672e-06	3.733469258727062e-06
T[C>G]A	2.633071206981969e-06	0.010987862405945984	3.8066381920463176e-06	0.005427669689296914	2.9335943540312413e-06	0.014814887837629446	3.5253901240157945e-06	3.1869282007896182e-06	0.014413406767952977
T[C>G]C	3.826606029127125e-06	3.6032540722154696e-06	3.8513928470791045e-06	3.666614890663957e-06	3.806031419692744e-06	3.90009424981837e-06	3.898934203889437e-06	3.4002838864373672e-06	3.733469258727062e-06
T[C>G]G	3.826606029127125e-06	3.6032540722154696e-06	3.8513928470791045e-06	3.666614890663957e-06	3.806031419692744e-06	3.90009424981837e-06	3.898934203889437e-06	3.4002838864373672e-06	3.733469258727062e-06
T[C>G]T	3.826606029127125e-06	3.6032540722154696e-06	3.8513928470791045e-06	3.666614890663957e-06	3.806031419692744e-06	3.90009424981837e-06	3.898934203889437e-06	3.4002838864373672e-06	3.733469258727062e-06
T[C>T]A	0.05698006223752221	0.15273217705811684	0.10955973383736417	0.11127151759968965	0.043457342039499094	0.11210030156801551	0.13526268875962916	0.07614238119872334	0.13157798990504532
T[C>T]C	0.011587183222216173	0.005353678834173679	3.2184203751987176e-06	3.0588927745760043e-06	7.30200478072406e-06	3.520038104677456e-06	2.09894922284622e-06	0.02619882033031008	2.5103495871283165e-06
T[C>T]G	3.826606029127125e-06	3.6032540722154696e-06	3.8513928470791045e-06	3.666614890663957e-06	3.806031419692744e-06	3.90009424981837e-06	3.898934203889437e-06	3.4002838864373672e-06	3.733469258727062e-06
T[C>T]T	2.1358807310389837e-06	0.005499060545764395	3.8171506163399474e-06	0.005428623371551844	2.897379328287294e-06	0.029624342917979017	3.1335074255828344e-06	0.007724675114207334	2.3910805216264116e-06
T[T>A]A	3.826606029127125e-06	3.6032540722154696e-06	3.8513928470791045e-06	3.666614890663957e-06	3.806031419692744e-06	3.90009424981837e-06	3.898934203889437e-06	3.4002838864373672e-06	3.733469258727062e-06
T[T>A]C	3.826606029127125e-06	3.6032540722154696e-06	3.8513928470791045e-06	3.666614890663957e-06	3.806031419692744e-06	3.90009424981837e-06	3.898934203889437e-06	3.4002838864373672e-06	3.733469258727062e-06
T[T>A]G	3.826606029127125e-06	3.6032540722154696e-06	3.8513928470791045e-06	3.666614890663957e-06	3.806031419692744e-06	3.90009424981837e-06	3.898934203889437e-06	3.4002838864373672e-06	3.733469258727062e-06
T[T>A]T	3.826606029127125e-06	3.6032540722154696e-06	3.8513928470791045e-06	3.666614890663957e-06	3.806031419692744e-06	3.90009424981837e-06	3.898934203889437e-06	3.4002838864373672e-06	3.733469258727062e-06
T[T>C]A	1.4368715334002376e-88	0.05303196940206793	0.06095899054567595	0.013636178001514065	0.13148040111686746	0.038203393404832434	0.08073904669477265	0.03363528820195277	0.014890769922097924
T[T>C]C	0.035711144882800507	2.8401501561966768e-06	0.03682214398000961	9.441226017258737e-07	0.02888614100225927	3.2697429094233334e-06	0.0024067921195513294	3.4826985152659204e-06	2.428188121241943e-06
T[T>C]G	3.826606029127125e-06	3.6032540722154696e-06	3.8513928470791045e-06	3.666614890663957e-06	3.806031419692744e-06	3.90009424981837e-06	3.898934203889437e-06	3.4002838864373672e-06	3.733469258727062e-06
T[T>C]T	0.030508159836430248	0.0354468849095296	0.05411418319631049	0.07470853680963044	0.061927572423735665	0.021951828340859077	0.010832920607549507	0.007146017584379232	0.0480740933049235
T[T>G]A	3.826606029127125e-06	3.6032540722154696e-06	3.8513928470791045e-06	3.666614890663957e-06	3.806031419692744e-06	3.90009424981837e-06	3.898934203889437e-06	3.4002838864373672e-06	3.733469258727062e-06
T[T>G]C	3.826606029127125e-06	3.6032540722154696e-06	3.8513928470791045e-06	3.666614890663957e-06	3.806031419692744e-06	3.90009424981837e-06	3.898934203889437e-06	3.4002838864373672e-06	3.733469258727062e-06
T[T>G]G	3.826606029127125e-06	3.6032540722154696e-06	3.8513928470791045e-06	3.666614890663957e-06	3.806031419692744e-06	3.90009424981837e-06	3.898934203889437e-06	3.4002838864373672e-06	3.733469258727062e-06
T[T>G]T	3.826606029127125e-06	3.6032540722154696e-06	3.8513928470791045e-06	3.666614890663957e-06	3.806031419692744e-06	3.90009424981837e-06	3.898934203889437e-06	3.4002838864373672e-06	3.733469258727062e-06
