Samples	Signature A	Signature B	Signature C	Signature D	Signature E
Sample1	2.01E+01	4.12E+01	2.13E+01	6.03E+01	2.41E+01
Sample2	6.96E+00	1.46E+01	1.31E+01	1.82E+01	9.81E+00
Sample3	1.51E+01	1.39E+01	1.50E+01	1.41E+01	1.06E+01
Sample4	3.13E+01	2.43E+01	1.32E+01	5.13E+01	1.11E+01
Sample5	1.98E+01	2.06E+01	2.56E+01	1.59E+01	9.06E+00
Sample6	2.79E+01	1.52E+01	2.02E+01	2.97E+01	8.01E+00
Sample7	1.37E+01	7.77E+00	2.86E+01	4.31E+01	1.92E+01
Sample8	1.47E+01	1.46E+01	1.75E+01	1.84E+01	9.34E+00
Sample9	1.59E+01	2.47E+01	1.51E+01	3.53E+01	1.39E+01
Sample10	1.06E+01	1.37E+01	1.35E+01	1.45E+01	6.27E+00
Sample11	3.04E+01	1.77E+01	1.12E+01	3.90E+01	6.67E+00
Sample12	3.61E+01	2.21E+01	2.64E+01	2.51E+01	8.33E+00
Sample13	2.48E+01	2.70E+01	2.95E+01	1.76E+01	1.22E+01
Sample14	2.36E+01	1.73E+01	1.77E+01	2.43E+01	7.42E+00
Sample15	2.16E+01	1.53E+01	1.76E+01	1.69E+01	8.46E+00
Sample16	4.36E+01	2.84E+01	1.73E+01	5.34E+01	7.00E+00
Sample17	0.00E+00	2.30E+01	1.88E+01	2.04E+01	1.99E+01
Sample18	2.38E+01	2.19E+01	2.50E+01	6.20E+01	2.00E+01
Sample19	3.40E+01	2.34E+01	2.75E+01	1.82E+01	1.32E+01
Sample20	1.87E+01	2.12E+01	2.06E+01	1.64E+01	1.20E+01
Sample21	1.47E+01	1.59E+01	1.25E+01	2.03E+01	1.16E+01
Sample22	1.78E+01	1.66E+01	2.28E+01	1.98E+01	1.27E+01
Sample23	3.32E+01	2.13E+01	2.04E+01	1.93E+01	2.19E+01
Sample24	3.16E+01	3.19E+01	1.97E+01	3.45E+01	7.30E+00
Sample25	1.65E+01	1.93E+01	2.33E+01	1.43E+01	1.06E+01
Sample26	1.75E+01	3.48E+01	2.37E+01	3.85E+01	2.17E+01
Sample27	2.65E+01	2.13E+01	1.80E+01	3.30E+01	5.85E+00
Sample28	2.46E+01	2.81E+01	2.43E+01	1.92E+01	1.34E+01
Sample29	1.51E+01	2.67E+01	3.36E+01	5.77E+01	4.40E+00
Sample30	1.64E+01	1.83E+01	2.69E+01	3.75E+01	1.73E+01
Sample31	1.61E+01	1.44E+01	1.86E+01	1.81E+01	1.04E+01
Sample32	1.51E+01	2.14E+01	2.62E+01	1.84E+01	8.81E+00
Sample33	1.74E+01	1.09E+01	3.18E+01	5.28E+01	2.42E+01
Sample34	1.24E+01	1.51E+01	2.59E+01	2.96E+01	1.49E+01
Sample35	1.18E+01	1.43E+01	1.58E+01	2.27E+01	1.30E+01
Sample36	9.40E+00	2.13E+01	1.47E+01	1.95E+01	1.32E+01
Sample37	2.23E+01	2.42E+01	1.79E+01	1.23E+01	8.72E+00
Sample38	1.58E+01	1.87E+01	1.84E+01	1.56E+01	8.89E+00
Sample39	1.45E+01	1.93E+01	1.75E+01	2.45E+01	1.78E+01
Sample40	2.26E+01	1.92E+01	1.85E+01	1.69E+01	7.32E+00
Sample41	3.54E+01	2.03E+01	1.46E+01	4.11E+01	1.70E+01
Sample42	9.51E+00	1.94E+01	1.98E+01	1.35E+01	8.47E+00
Sample43	1.95E+01	2.31E+01	3.05E+01	4.98E+01	3.69E+00
Sample44	1.79E+01	2.04E+01	2.29E+01	2.95E+01	1.14E+01
Sample45	2.42E+01	3.74E+01	1.52E+01	5.57E+01	1.54E+01
Sample46	4.56E+01	2.56E+01	3.06E+01	4.82E+01	1.29E+01
Sample47	1.72E+01	1.45E+01	2.99E+01	1.66E+01	1.48E+01
Sample48	2.09E+01	2.45E+01	2.19E+01	5.74E+01	6.71E+00
Sample49	1.35E+01	1.42E+01	1.86E+01	1.72E+01	6.58E+00
Sample50	1.18E+01	1.76E+01	2.43E+01	1.66E+01	9.24E+00
Sample51	1.19E+01	2.16E+01	1.97E+01	9.52E+00	9.62E+00
Sample52	2.34E+01	2.18E+01	2.59E+01	2.68E+01	1.23E+01
Sample53	2.21E+01	2.49E+01	2.15E+01	5.40E+01	8.05E+00
Sample54	1.06E+01	2.20E+01	2.56E+01	1.83E+01	8.16E+00
Sample55	2.70E+01	3.07E+01	3.46E+01	3.87E+01	1.60E+01
Sample56	2.14E+01	1.41E+01	2.10E+01	2.43E+01	9.89E+00
Sample57	1.37E+01	1.57E+01	2.35E+01	1.62E+01	1.09E+01
Sample58	1.68E+01	1.28E+01	1.77E+01	1.10E+01	8.35E+00
Sample59	2.53E+01	2.37E+01	1.82E+01	1.87E+01	8.27E+00
Sample60	2.15E+01	8.24E+00	1.98E+01	2.07E+01	5.70E+00
Sample61	1.41E+01	1.27E+01	2.07E+01	1.87E+01	1.10E+01
Sample62	2.97E+01	2.64E+01	2.12E+01	3.22E+01	1.15E+01
Sample63	1.41E+01	2.20E+01	2.23E+01	2.09E+01	1.44E+01
Sample64	2.40E+01	1.06E+01	2.22E+01	3.13E+01	8.65E+00
Sample65	3.81E+01	3.30E+01	2.13E+01	3.53E+01	2.19E+01
Sample66	1.82E+01	1.58E+01	2.15E+01	1.85E+01	1.20E+01
Sample67	1.54E+01	1.63E+01	1.00E+01	1.42E+01	6.49E+00
Sample68	2.27E+01	1.46E+01	1.49E+01	2.02E+01	1.18E+01
Sample69	2.09E+01	2.71E+01	2.93E+01	1.51E+01	1.06E+01
Sample70	1.59E+01	1.95E+01	1.21E+01	2.37E+01	1.18E+01
Sample71	1.59E+01	1.76E+01	2.75E+01	1.27E+01	1.09E+01
Sample72	1.72E+01	1.70E+01	1.41E+01	1.17E+01	6.58E+00
Sample73	1.56E+01	1.57E+01	1.65E+01	1.30E+01	1.48E+01
Sample74	2.18E+01	2.43E+01	1.52E+01	1.74E+01	1.10E+01
Sample75	1.91E+01	1.43E+01	1.48E+01	1.98E+01	1.26E+01
Sample76	1.47E+01	1.78E+01	2.40E+01	1.26E+01	4.57E+00
Sample77	2.19E+01	2.88E+01	1.56E+01	3.65E+01	1.17E+01
Sample78	6.04E+01	4.31E+01	1.92E+01	6.21E+01	1.63E+01
Sample79	4.08E+01	2.70E+01	2.24E+01	2.80E+01	7.62E+00
Sample80	1.95E+01	3.10E+01	3.10E+01	5.71E+01	6.25E+00
Sample81	2.12E+01	1.78E+01	1.98E+01	2.57E+01	1.09E+01
Sample82	1.53E+01	3.31E+01	2.57E+01	1.71E+01	1.38E+01
Sample83	2.78E+01	1.77E+01	2.69E+01	3.31E+01	1.17E+01
Sample84	3.34E+01	3.13E+01	2.36E+01	2.23E+01	9.03E+00
Sample85	4.28E+01	2.31E+01	1.78E+01	5.20E+01	8.88E+00
Sample86	3.88E+01	3.75E+01	2.82E+01	3.96E+01	7.56E+00
Sample87	2.00E+01	1.32E+01	1.99E+01	1.63E+01	1.13E+01
Sample88	2.62E+01	9.99E+00	2.35E+01	1.69E+01	8.76E+00
Sample89	1.37E+01	2.28E+01	2.84E+01	1.20E+01	1.08E+01
Sample90	2.26E+01	1.13E+01	1.81E+01	1.57E+01	4.88E+00
Sample91	8.17E+00	1.26E+01	2.00E+01	1.14E+01	1.19E+01
Sample92	1.77E+01	1.64E+01	1.71E+01	1.65E+01	1.06E+01
Sample93	1.65E+01	1.56E+01	2.50E+01	1.89E+01	1.00E+01
Sample94	1.55E+01	1.40E+01	2.04E+01	3.49E+01	1.70E+01
Sample95	2.34E+01	1.97E+01	2.08E+01	1.91E+01	1.29E+01
Sample96	1.98E+01	2.24E+01	2.02E+01	2.33E+01	1.19E+01
Sample97	8.05E+00	1.89E+01	2.35E+01	1.73E+01	1.42E+01
Sample98	1.87E+01	1.62E+01	1.87E+01	2.90E+01	1.07E+01
Sample99	2.79E+01	2.82E+01	1.38E+01	6.68E+01	2.29E+01
Sample100	1.65E+01	1.43E+01	3.36E+01	2.95E+01	5.46E+00
Sample101	1.06E+01	2.05E+01	2.35E+01	1.62E+01	6.65E+00
Sample102	3.74E+01	2.74E+01	2.04E+01	2.18E+01	8.71E+00
Sample103	1.80E+01	9.82E+00	2.17E+01	2.68E+01	1.21E+01
Sample104	2.88E+01	3.24E+01	2.00E+01	3.96E+01	1.66E+01
Sample105	3.43E+01	3.26E+01	2.14E+01	2.42E+01	1.12E+01
Sample106	1.74E+01	9.29E+00	1.36E+01	1.72E+01	9.61E+00
Sample107	2.27E+01	2.34E+01	2.13E+01	2.05E+01	9.68E+00
Sample108	1.44E+01	2.25E+01	1.92E+01	1.42E+01	1.31E+01
Sample109	2.89E+01	1.62E+01	1.68E+01	2.52E+01	2.00E+01
Sample110	4.68E+01	2.81E+01	2.78E+01	5.21E+01	1.73E+01
Sample111	1.89E+01	1.86E+01	2.10E+01	3.42E+01	1.50E+01
Sample112	8.13E+00	1.28E+01	2.06E+01	1.73E+01	7.02E+00
Sample113	2.81E+01	3.27E+01	4.23E+01	5.87E+01	5.16E+00
Sample114	2.82E+01	2.67E+01	2.25E+01	4.30E+01	1.28E+01
Sample115	1.58E+01	1.66E+01	2.02E+01	1.67E+01	1.04E+01
Sample116	1.64E+01	2.95E+01	2.26E+01	1.01E+01	9.30E+00
Sample117	2.07E+01	1.58E+01	1.87E+01	1.32E+01	8.86E+00
Sample118	1.64E+01	1.74E+01	3.20E+01	2.85E+01	1.35E+01
Sample119	1.49E+01	1.89E+01	1.49E+01	4.35E+01	2.20E+01
Sample120	1.51E+01	1.73E+01	2.54E+01	1.63E+01	9.87E+00
Sample121	1.16E+01	1.89E+01	2.05E+01	2.14E+01	1.23E+01
Sample122	1.89E+01	1.82E+01	1.91E+01	3.14E+01	1.01E+01
Sample123	1.62E+01	2.71E+01	3.71E+01	2.52E+01	1.23E+01
Sample124	4.35E+01	3.30E+01	1.70E+01	4.47E+01	6.96E+00
Sample125	4.71E+01	2.17E+01	1.21E+01	3.63E+01	1.13E+01
Sample126	2.89E+01	1.30E+01	1.55E+01	3.02E+01	5.19E+00
Sample127	8.50E+00	3.39E+01	1.85E+01	4.19E+01	1.55E+01
Sample128	1.89E+01	1.86E+01	2.83E+01	1.46E+01	6.97E+00
Sample129	1.47E+01	1.83E+01	1.76E+01	2.00E+01	8.83E+00
Sample130	7.62E+00	1.41E+01	2.59E+01	1.84E+01	9.82E+00
Sample131	1.52E+01	1.91E+01	2.41E+01	1.74E+01	7.21E+00
Sample132	1.80E+01	2.13E+01	2.49E+01	2.47E+01	4.76E+00
Sample133	1.66E+01	9.85E+00	1.49E+01	1.61E+01	4.67E+00
Sample134	1.74E+01	2.06E+01	1.72E+01	8.51E+00	9.10E+00
Sample135	1.35E+01	1.57E+01	1.25E+01	1.67E+01	1.21E+01
Sample136	1.71E+01	1.34E+01	1.61E+01	1.84E+01	9.58E+00
Sample137	2.00E+01	1.61E+01	2.57E+01	1.88E+01	1.82E+01
Sample138	2.77E+01	2.40E+01	2.27E+01	2.91E+01	9.53E+00
Sample139	2.81E+01	1.35E+01	1.88E+01	3.85E+01	9.69E+00
Sample140	2.92E+01	2.81E+01	2.23E+01	5.52E+01	1.69E+01
Sample141	1.42E+01	1.75E+01	1.68E+01	1.92E+01	1.26E+01
Sample142	2.79E+01	3.26E+01	2.99E+01	6.41E+01	2.50E+01
Sample143	1.71E+01	1.56E+01	2.33E+01	3.79E+01	2.26E+01
Sample144	4.37E+01	3.85E+01	2.05E+01	4.55E+01	3.00E+00
Sample145	3.37E+01	3.18E+01	2.09E+01	3.45E+01	6.20E+00
Sample146	1.41E+01	2.78E+01	2.16E+01	2.13E+01	1.27E+01
Sample147	3.91E+01	1.87E+01	2.18E+01	3.55E+01	1.06E+01
Sample148	1.35E+01	1.98E+01	1.43E+01	2.08E+01	9.24E+00
Sample149	2.86E+01	3.50E+01	2.16E+01	6.46E+01	2.71E+01
Sample150	1.64E+01	1.56E+01	2.48E+01	3.12E+01	6.95E+00
Sample151	1.97E+01	1.99E+01	1.52E+01	1.59E+01	1.42E+01
Sample152	2.34E+01	2.40E+01	1.59E+01	1.21E+01	1.24E+01
Sample153	1.30E+01	2.05E+01	1.88E+01	2.24E+01	8.98E+00
Sample154	2.33E+01	2.05E+01	2.07E+01	2.26E+01	4.51E+00
Sample155	6.80E+00	1.90E+01	1.15E+01	2.01E+01	1.09E+01
Sample156	9.45E+00	1.89E+01	1.86E+01	2.47E+01	9.31E+00
Sample157	1.52E+01	3.21E+01	2.68E+01	2.32E+01	1.03E+01
Sample158	2.28E+01	1.90E+01	2.29E+01	1.79E+01	8.37E+00
Sample159	1.71E+01	1.36E+01	1.65E+01	2.45E+01	1.24E+01
Sample160	2.99E+01	2.30E+01	1.77E+01	5.01E+01	1.26E+01
Sample161	1.96E+01	1.68E+01	2.13E+01	1.89E+01	9.37E+00
Sample162	3.27E+01	3.01E+01	2.35E+01	3.38E+01	1.76E+01
Sample163	2.52E+01	2.12E+01	1.67E+01	1.95E+01	1.86E+01
Sample164	1.82E+01	1.42E+01	1.28E+01	1.31E+01	8.50E+00
Sample165	1.59E+01	9.41E+00	1.19E+01	1.18E+01	1.15E+01
Sample166	2.22E+01	1.86E+01	1.24E+01	2.46E+01	1.38E+01
Sample167	1.32E+01	1.93E+01	2.25E+01	1.68E+01	1.46E+01
Sample168	2.88E+01	1.04E+01	1.76E+01	2.13E+01	1.09E+01
Sample169	3.67E+01	2.34E+01	1.93E+01	5.22E+01	1.23E+01
Sample170	1.18E+01	2.00E+01	2.11E+01	1.33E+01	1.41E+01
Sample171	1.11E+01	2.11E+01	1.42E+01	1.44E+01	9.18E+00
Sample172	2.88E+01	2.92E+01	3.05E+01	1.60E+01	1.11E+01
Sample173	3.70E+01	2.68E+01	1.62E+01	3.31E+01	8.57E+00
Sample174	2.11E+01	2.03E+01	2.00E+01	1.93E+01	1.30E+01
Sample175	2.62E+01	2.06E+01	2.52E+01	1.73E+01	7.43E+00
Sample176	1.59E+01	1.54E+01	1.36E+01	3.72E+01	2.24E+01
Sample177	2.33E+01	2.37E+01	1.96E+01	1.80E+01	8.83E+00
Sample178	1.98E+01	2.68E+01	1.60E+01	3.15E+01	1.26E+01
Sample179	2.02E+01	1.36E+01	2.57E+01	2.05E+01	1.02E+01
Sample180	1.25E+01	1.55E+01	3.67E+01	2.07E+01	8.49E+00
Sample181	1.93E+01	2.19E+01	1.72E+01	1.32E+01	1.18E+01
Sample182	3.03E+01	2.13E+01	3.80E+00	4.27E+01	1.39E+01
Sample183	2.48E+01	2.48E+01	1.94E+01	2.33E+01	8.16E+00
Sample184	2.18E+01	2.33E+01	2.43E+01	2.44E+01	9.94E+00
Sample185	2.08E+01	1.76E+01	3.48E+01	6.26E+01	2.69E+01
Sample186	2.61E+01	2.04E+01	9.33E+00	3.13E+01	1.17E+01
Sample187	2.02E+01	2.58E+01	2.97E+01	2.28E+01	1.01E+01
Sample188	5.15E+01	2.81E+01	2.66E+01	4.38E+01	7.50E+00
Sample189	1.74E+01	2.16E+01	1.08E+01	3.13E+01	8.66E+00
Sample190	1.24E+01	1.17E+01	1.41E+01	1.19E+01	8.78E+00
Sample191	1.43E+01	2.52E+01	2.60E+01	1.49E+01	8.70E+00
Sample192	2.18E+01	1.43E+01	2.15E+01	1.41E+01	1.14E+01
Sample193	1.91E+01	1.84E+01	3.88E+01	5.87E+01	5.61E+00
Sample194	2.42E+01	2.34E+01	1.89E+01	3.36E+01	1.48E+01
Sample195	1.30E+01	1.16E+01	1.37E+01	2.08E+01	9.97E+00
Sample196	1.99E+01	4.54E+01	1.44E+01	5.81E+01	1.89E+01
Sample197	4.06E+01	1.78E+01	1.93E+01	3.14E+01	9.81E+00
Sample198	1.47E+01	2.24E+01	2.66E+01	1.33E+01	6.67E+00
Sample199	1.95E+01	1.96E+01	1.40E+01	2.11E+01	1.25E+01
Sample200	1.99E+01	1.40E+01	1.98E+01	2.13E+01	9.06E+00
Sample201	1.85E+01	2.71E+01	2.49E+01	1.89E+01	1.46E+01
Sample202	3.18E+01	2.85E+01	1.26E+01	2.93E+01	9.92E+00
Sample203	1.97E+01	1.15E+01	2.34E+01	2.20E+01	1.32E+01
Sample204	1.64E+01	9.68E+00	1.57E+01	9.89E+00	1.29E+01
Sample205	2.92E+01	2.21E+01	1.79E+01	3.63E+01	1.03E+01
Sample206	2.63E+01	2.83E+01	2.28E+01	4.68E+01	1.68E+01
Sample207	9.42E+00	1.68E+01	2.42E+01	1.78E+01	6.35E+00
Sample208	1.75E+01	1.86E+01	2.63E+01	3.41E+01	8.73E+00
Sample209	2.71E+01	2.45E+01	1.46E+01	3.15E+01	1.33E+01
Sample210	4.35E+01	3.66E+01	1.73E+01	5.60E+01	9.30E+00
Sample211	1.82E+01	2.64E+01	4.51E+01	5.33E+01	5.43E+00
Sample212	3.39E+01	1.89E+01	2.10E+01	3.55E+01	7.70E+00
Sample213	5.17E+01	2.97E+01	2.18E+01	4.92E+01	7.61E+00
Sample214	1.06E+01	1.60E+01	8.43E+00	1.84E+01	1.23E+01
Sample215	1.75E+01	2.24E+01	2.62E+01	4.01E+01	1.54E+01
Sample216	1.92E+01	4.41E+01	2.54E+01	6.31E+01	2.86E+01
Sample217	2.99E+01	2.39E+01	2.32E+01	4.53E+01	3.38E+00
Sample218	1.43E+01	2.18E+01	1.88E+01	2.52E+01	9.51E+00
Sample219	2.78E+01	5.59E+01	2.48E+01	9.04E+01	3.98E+01
Sample220	3.36E+01	2.85E+01	9.35E+00	3.32E+01	1.75E+01
Sample221	3.53E+01	3.40E+01	1.45E+01	5.91E+01	1.05E+01
Sample222	2.07E+01	1.84E+01	2.45E+01	8.16E+00	1.39E+01
Sample223	2.72E+01	2.13E+01	1.95E+01	3.89E+01	9.33E+00
Sample224	4.46E+01	3.29E+01	1.85E+01	6.26E+01	9.63E+00
Sample225	1.31E+01	1.02E+01	1.31E+01	1.13E+01	1.08E+01
Sample226	2.36E+01	1.51E+01	1.90E+01	1.67E+01	1.10E+01
Sample227	1.88E+01	1.48E+01	1.10E+01	1.61E+01	1.42E+01
Sample228	2.36E+01	2.63E+01	1.76E+01	1.59E+01	1.02E+01
Sample229	2.13E+01	1.69E+01	1.49E+01	4.24E+01	1.70E+01
Sample230	2.61E+01	1.88E+01	1.58E+01	2.01E+01	1.10E+01
Sample231	1.46E+01	2.24E+01	1.16E+01	3.54E+01	1.77E+01
Sample232	2.87E+01	2.48E+01	1.91E+01	3.09E+01	1.50E+01
Sample233	1.27E+01	2.75E+01	3.10E+01	2.73E+01	5.67E+00
Sample234	1.29E+01	1.23E+01	1.21E+01	9.63E+00	1.19E+01
Sample235	2.44E+01	1.25E+01	2.63E+01	3.55E+01	8.61E+00
Sample236	2.06E+01	1.74E+01	2.24E+01	2.45E+01	1.12E+01
Sample237	1.64E+01	2.56E+01	2.16E+01	5.51E+01	7.26E+00
Sample238	1.15E+01	4.73E+01	2.79E+01	4.00E+01	1.97E+01
Sample239	1.45E+01	1.95E+01	1.15E+01	1.24E+01	6.63E+00
Sample240	1.16E+01	1.18E+01	1.56E+01	1.65E+01	1.28E+01
Sample241	2.04E+01	2.42E+01	1.81E+01	2.41E+01	1.30E+01
Sample242	2.23E+01	2.81E+01	2.39E+01	2.12E+01	1.71E+01
Sample243	2.51E+01	2.45E+01	1.82E+01	2.69E+01	7.42E+00
Sample244	1.62E+01	7.90E+00	1.02E+01	1.45E+01	7.40E+00
Sample245	2.31E+01	2.07E+01	2.93E+01	1.67E+01	8.40E+00
Sample246	1.95E+01	1.98E+01	1.66E+01	2.81E+01	1.04E+01
Sample247	1.75E+01	9.40E+00	2.09E+01	1.69E+01	8.78E+00
Sample248	1.39E+01	1.65E+01	1.47E+01	2.63E+01	1.50E+01
Sample249	1.11E+01	1.02E+01	1.06E+01	1.40E+01	8.97E+00
Sample250	3.96E+01	2.51E+01	2.25E+01	5.25E+01	1.40E+01
Sample251	2.17E+01	2.03E+01	1.58E+01	5.52E+01	1.16E+01
Sample252	2.19E+01	2.05E+01	1.65E+01	1.88E+01	1.12E+01
Sample253	2.17E+01	1.01E+01	3.07E+01	2.06E+01	1.04E+01
Sample254	1.71E+01	2.52E+01	1.13E+01	1.69E+01	1.15E+01
Sample255	4.24E+01	1.14E+01	1.57E+01	5.35E+01	1.45E+01
Sample256	1.57E+01	3.11E+01	2.66E+01	5.39E+01	7.66E+00
Sample257	1.32E+01	1.35E+01	1.65E+01	1.43E+01	6.23E+00
Sample258	2.32E+01	1.69E+01	2.59E+01	1.47E+01	8.30E+00
Sample259	2.21E+01	2.85E+01	2.17E+01	3.53E+01	1.24E+01
Sample260	1.15E+01	2.26E+01	1.87E+01	3.55E+01	1.99E+01
Sample261	2.65E+01	1.67E+01	1.41E+01	3.98E+01	1.53E+01
Sample262	4.97E+01	2.54E+01	2.33E+01	5.60E+01	1.11E+01
Sample263	4.62E+01	3.73E+01	2.46E+01	5.88E+01	8.26E+00
Sample264	1.43E+01	2.32E+01	2.22E+01	1.58E+01	7.18E+00
Sample265	2.70E+01	1.67E+01	2.60E+01	5.67E+01	2.77E+01
Sample266	1.82E+01	1.85E+01	1.75E+01	2.44E+01	4.31E+00
Sample267	2.78E+01	2.57E+01	3.75E+01	2.19E+01	7.56E+00
Sample268	7.51E+00	1.95E+01	3.12E+01	1.91E+01	6.78E+00
Sample269	2.20E+01	2.38E+01	9.86E+00	5.14E+01	2.63E+01
Sample270	2.81E+01	6.27E+01	3.43E+01	9.07E+01	2.89E+01
Sample271	7.43E+00	2.15E+01	1.82E+01	1.22E+01	1.28E+01
Sample272	1.84E+01	2.04E+01	2.69E+01	3.84E+01	2.06E+01
Sample273	4.28E+01	3.17E+01	2.40E+01	6.16E+01	7.68E+00
Sample274	1.97E+01	1.34E+01	9.21E+00	2.63E+01	8.13E+00
Sample275	2.51E+01	2.48E+01	1.37E+01	1.75E+01	1.22E+01
Sample276	2.39E+01	1.87E+01	2.35E+01	2.76E+01	1.08E+01
Sample277	2.04E+01	1.76E+01	2.46E+01	1.76E+01	1.18E+01
Sample278	1.34E+01	1.42E+01	2.12E+01	1.55E+01	9.86E+00
Sample279	1.34E+01	2.08E+01	1.68E+01	1.80E+01	8.03E+00
Sample280	2.40E+01	1.75E+01	1.07E+01	1.44E+01	1.06E+01
Sample281	2.34E+01	1.77E+01	2.29E+01	2.42E+01	6.51E+00
Sample282	4.23E+01	3.35E+01	1.98E+01	4.07E+01	1.05E+01
Sample283	2.30E+01	2.23E+01	2.17E+01	1.71E+01	6.19E+00
Sample284	4.77E+01	2.89E+01	1.87E+01	5.13E+01	7.40E+00
Sample285	1.93E+01	1.43E+01	3.96E+01	4.45E+01	1.37E+01
Sample286	1.51E+01	1.67E+01	2.23E+01	3.30E+01	1.29E+01
Sample287	6.68E+00	2.00E+01	1.96E+01	2.59E+01	1.48E+01
Sample288	2.79E+01	1.43E+01	1.53E+01	1.57E+01	1.51E+01
Sample289	1.03E+01	2.37E+01	2.59E+01	2.60E+01	1.12E+01
Sample290	3.94E+01	3.23E+01	2.47E+01	5.12E+01	9.81E+00
Sample291	4.30E+01	3.35E+01	2.67E+01	5.31E+01	8.21E+00
Sample292	2.38E+01	1.73E+01	1.93E+01	2.04E+01	8.83E+00
Sample293	2.98E+01	1.93E+01	3.31E+01	6.04E+01	3.11E+01
Sample294	2.95E+01	1.03E+01	2.11E+01	1.05E+01	6.82E+00
Sample295	1.69E+01	1.41E+01	2.16E+01	3.00E+01	7.42E+00
Sample296	2.48E+01	1.47E+01	1.69E+01	3.15E+01	1.39E+01
Sample297	1.93E+01	1.18E+01	1.97E+01	1.76E+01	1.24E+01
Sample298	2.06E+01	3.83E+01	3.40E+01	4.04E+01	1.81E+01
Sample299	1.89E+01	1.62E+01	2.44E+01	1.34E+01	1.27E+01
Sample300	2.79E+01	2.79E+01	2.12E+01	4.72E+01	2.09E+01
Sample301	3.04E+01	2.74E+01	2.18E+01	2.07E+01	9.51E+00
Sample302	1.78E+01	1.85E+01	3.05E+01	9.50E+00	7.47E+00
Sample303	1.72E+01	1.76E+01	2.51E+01	9.59E+00	9.99E+00
Sample304	2.18E+01	1.59E+01	2.25E+01	3.09E+01	1.81E+01
Sample305	3.49E+01	2.13E+01	2.85E+01	3.98E+01	9.55E+00
Sample306	3.29E+01	2.75E+01	1.93E+01	2.46E+01	8.22E+00
Sample307	1.45E+01	2.20E+01	1.78E+01	1.51E+01	1.89E+01
Sample308	1.41E+01	1.91E+01	2.30E+01	1.24E+01	5.57E+00
Sample309	1.28E+01	2.85E+01	1.89E+01	2.82E+01	1.68E+01
Sample310	2.10E+01	2.31E+01	2.46E+01	1.96E+01	9.16E+00
Sample311	9.52E+00	2.08E+01	2.93E+01	1.89E+01	1.21E+01
Sample312	2.15E+01	1.83E+01	1.33E+01	3.48E+01	1.57E+01
Sample313	2.01E+01	2.62E+01	3.27E+01	5.63E+01	6.09E+00
Sample314	1.87E+01	1.44E+01	2.38E+01	3.88E+01	1.62E+01
Sample315	1.75E+01	2.19E+01	1.90E+01	1.40E+01	1.29E+01
Sample316	1.70E+01	1.82E+01	1.61E+01	2.49E+01	1.18E+01
Sample317	2.09E+01	1.54E+01	2.81E+01	7.11E+00	9.61E+00
Sample318	2.10E+01	2.03E+01	2.75E+01	3.62E+01	1.57E+01
Sample319	8.06E+00	1.20E+01	1.60E+01	1.11E+01	1.65E+01
Sample320	2.10E+01	1.60E+01	1.62E+01	5.50E+01	2.28E+01
Sample321	1.20E+01	1.40E+01	2.65E+01	2.10E+01	1.23E+01
Sample322	3.58E+01	2.97E+01	2.71E+01	4.40E+01	1.04E+01
Sample323	1.24E+01	1.06E+01	2.09E+01	1.77E+01	4.79E+00
Sample324	3.72E+01	3.08E+01	2.89E+01	3.55E+01	8.03E+00
Sample325	1.53E+01	2.36E+01	2.18E+01	2.22E+01	7.42E+00
Sample326	2.37E+01	1.92E+01	2.47E+01	1.47E+01	6.67E+00
Sample327	1.30E+01	1.88E+01	2.55E+01	2.71E+01	1.31E+01
Sample328	4.18E+01	2.87E+01	1.70E+01	4.60E+01	1.25E+01
Sample329	2.93E+01	2.72E+01	1.09E+01	6.27E+01	2.26E+01
Sample330	1.82E+01	1.14E+01	2.43E+01	2.53E+01	8.81E+00
Sample331	1.57E+01	2.34E+01	1.39E+01	2.36E+01	9.46E+00
Sample332	2.12E+01	1.64E+01	2.30E+01	4.27E+01	1.72E+01
Sample333	3.36E+01	2.45E+01	2.68E+01	4.18E+01	1.10E+01
Sample334	1.84E+01	2.05E+01	1.75E+01	1.44E+01	9.03E+00
Sample335	3.40E+01	2.94E+01	1.32E+01	4.79E+01	8.90E+00
Sample336	2.43E+01	1.61E+01	2.39E+01	5.92E+01	2.92E+01
Sample337	2.54E+01	2.00E+01	2.48E+01	1.46E+01	1.19E+01
Sample338	1.41E+01	2.01E+01	2.35E+01	3.10E+01	8.30E+00
Sample339	2.65E+01	1.82E+01	1.62E+01	2.76E+01	1.26E+01
Sample340	1.84E+01	1.52E+01	2.14E+01	1.47E+01	7.67E+00
Sample341	1.82E+01	2.23E+01	2.75E+01	2.53E+01	8.70E+00
Sample342	2.31E+01	1.80E+01	1.60E+01	2.36E+01	2.36E+01
Sample343	1.25E+01	3.42E+01	2.42E+01	2.17E+01	1.47E+01
Sample344	2.28E+01	1.55E+01	1.78E+01	1.75E+01	9.68E+00
Sample345	4.57E+01	2.36E+01	2.02E+01	3.18E+01	1.14E+01
Sample346	4.85E+01	2.34E+01	2.31E+01	5.23E+01	1.21E+01
Sample347	1.47E+01	2.38E+01	1.29E+01	2.70E+01	1.39E+01
Sample348	3.76E+01	2.40E+01	2.03E+01	2.88E+01	1.91E+01
Sample349	2.90E+01	2.69E+01	1.22E+01	5.72E+01	2.37E+01
Sample350	1.26E+01	2.10E+01	2.72E+01	1.31E+01	1.01E+01
Sample351	1.80E+01	1.94E+01	2.44E+01	1.60E+01	1.21E+01
Sample352	2.66E+01	1.47E+01	2.66E+01	4.68E+01	1.41E+01
Sample353	2.47E+01	5.12E+01	1.98E+01	8.59E+01	3.60E+01
Sample354	4.28E+01	2.72E+01	2.56E+01	5.26E+01	1.31E+01
Sample355	1.26E+01	1.20E+01	1.58E+01	1.58E+01	1.34E+01
Sample356	1.98E+01	1.71E+01	1.61E+01	1.09E+01	9.78E+00
Sample357	1.20E+01	1.61E+01	2.24E+01	1.27E+01	1.03E+01
Sample358	1.96E+01	1.09E+01	2.10E+01	2.80E+01	1.10E+01
Sample359	4.04E+01	3.05E+01	1.80E+01	3.50E+01	1.55E+01
Sample360	1.72E+01	1.27E+01	1.32E+01	1.85E+01	7.67E+00
Sample361	1.85E+01	1.71E+01	2.67E+01	2.66E+01	1.36E+01
Sample362	1.62E+01	1.56E+01	2.15E+01	1.78E+01	9.57E+00
Sample363	2.21E+01	2.58E+01	2.19E+01	1.33E+01	1.30E+01
Sample364	3.02E+01	2.12E+01	1.94E+01	3.36E+01	1.31E+01
Sample365	2.18E+01	3.07E+01	3.11E+01	3.10E+01	1.34E+01
Sample366	9.79E+00	1.92E+01	1.80E+01	1.09E+01	1.01E+01
Sample367	4.35E+01	1.35E+01	1.83E+01	3.36E+01	1.27E+01
Sample368	2.87E+01	2.14E+01	3.52E+01	1.87E+01	9.78E+00
Sample369	1.43E+01	1.33E+01	1.74E+01	1.75E+01	6.90E+00
Sample370	2.02E+01	1.09E+01	1.89E+01	1.18E+01	7.28E+00
Sample371	1.54E+01	1.02E+01	2.15E+01	1.96E+01	1.04E+01
Sample372	1.61E+01	2.42E+01	2.48E+01	1.54E+01	8.10E+00
Sample373	4.48E+01	2.55E+01	1.94E+01	1.84E+01	9.31E+00
Sample374	2.04E+01	1.15E+01	1.83E+01	1.51E+01	7.18E+00
Sample375	1.35E+01	2.13E+01	2.78E+01	5.74E+01	2.05E+01
Sample376	4.10E+01	3.06E+01	2.01E+01	3.29E+01	8.49E+00
Sample377	2.47E+01	2.32E+01	1.29E+01	4.69E+01	1.57E+01
Sample378	2.08E+01	2.90E+01	1.62E+01	3.50E+01	5.40E+00
Sample379	2.30E+01	1.02E+01	2.93E+01	1.72E+01	6.69E+00
Sample380	4.21E+01	2.86E+01	1.19E+01	3.20E+01	1.23E+01
Sample381	1.24E+01	2.14E+01	1.57E+01	2.90E+01	7.49E+00
Sample382	2.70E+01	2.63E+01	2.25E+01	4.65E+01	1.31E+01
Sample383	1.58E+01	1.83E+01	2.08E+01	1.44E+01	1.34E+01
Sample384	1.89E+01	1.41E+01	2.27E+01	2.59E+01	5.18E+00
Sample385	2.38E+01	1.52E+01	2.20E+01	2.95E+01	1.52E+01
Sample386	3.08E+01	2.18E+01	1.40E+01	2.02E+01	1.13E+01
Sample387	1.42E+01	1.64E+01	1.70E+01	2.18E+01	7.99E+00
Sample388	2.06E+01	2.26E+01	2.26E+01	2.01E+01	9.57E+00
Sample389	1.30E+01	1.76E+01	1.53E+01	2.38E+01	1.09E+01
Sample390	2.59E+01	1.22E+01	2.47E+01	2.73E+01	1.84E+01
Sample391	3.72E+01	2.54E+01	2.18E+01	5.49E+01	1.01E+01
Sample392	1.61E+01	1.58E+01	1.31E+01	2.46E+01	1.09E+01
Sample393	2.99E+01	5.97E+01	1.72E+01	8.79E+01	3.53E+01
Sample394	1.71E+01	2.56E+01	2.61E+01	2.33E+01	1.13E+01
Sample395	2.70E+01	1.61E+01	1.85E+01	2.32E+01	1.41E+01
Sample396	2.29E+01	1.43E+01	2.69E+01	1.67E+01	1.07E+01
Sample397	1.66E+01	2.01E+01	2.17E+01	1.08E+01	1.06E+01
Sample398	2.19E+01	2.64E+01	2.46E+01	2.28E+01	1.41E+01
Sample399	1.23E+01	1.42E+01	2.53E+01	2.25E+01	8.77E+00
Sample400	1.86E+01	2.80E+01	1.31E+01	2.74E+01	1.25E+01
Sample401	1.82E+01	2.17E+01	3.14E+01	5.61E+01	6.55E+00
Sample402	1.74E+01	1.86E+01	2.21E+01	1.84E+01	9.29E+00
Sample403	1.83E+01	1.66E+01	2.12E+01	3.52E+01	1.11E+01
Sample404	1.85E+01	2.98E+01	2.37E+01	4.96E+01	1.35E+01
Sample405	2.29E+01	2.03E+01	1.19E+01	1.97E+01	8.71E+00
Sample406	4.90E+01	3.40E+01	2.77E+01	6.20E+01	1.18E+01
Sample407	1.56E+01	2.61E+01	2.83E+01	2.09E+01	1.39E+01
Sample408	2.10E+01	1.93E+01	2.96E+01	2.78E+01	0.00E+00
Sample409	3.37E+01	1.75E+01	1.77E+01	3.83E+01	9.65E+00
Sample410	1.34E+01	1.45E+01	1.87E+01	1.91E+01	8.17E+00
Sample411	2.76E+01	2.40E+01	1.95E+01	2.64E+01	6.64E+00
Sample412	2.96E+01	1.89E+01	1.63E+01	1.82E+01	1.19E+01
Sample413	4.14E+01	2.04E+01	1.17E+01	2.38E+01	9.23E+00
Sample414	3.80E+01	1.60E+01	1.33E+01	5.30E+01	1.62E+01
Sample415	3.54E+01	2.46E+01	2.47E+01	2.06E+01	9.20E+00
Sample416	1.84E+01	3.05E+01	1.59E+01	4.66E+01	2.09E+01
Sample417	2.78E+01	2.21E+01	2.54E+01	3.91E+01	1.23E+01
Sample418	1.91E+01	2.10E+01	2.83E+01	5.67E+01	4.76E+00
Sample419	1.97E+01	1.68E+01	2.78E+01	1.91E+01	9.00E+00
Sample420	2.00E+01	2.56E+01	3.09E+01	5.64E+01	2.81E+01
Sample421	3.66E+01	2.75E+01	2.33E+01	3.91E+01	1.26E+01
Sample422	2.38E+01	2.80E+01	1.73E+01	6.14E+01	2.14E+01
Sample423	2.05E+01	1.91E+01	2.52E+01	1.93E+01	5.93E+00
Sample424	2.81E+01	2.92E+01	2.23E+01	4.04E+01	6.69E+00
Sample425	2.47E+01	1.44E+01	1.85E+01	1.58E+01	7.65E+00
Sample426	2.39E+01	1.85E+01	2.03E+01	1.44E+01	1.23E+01
Sample427	1.99E+01	1.62E+01	3.32E+01	5.81E+01	1.54E+01
Sample428	1.95E+01	1.54E+01	3.75E+01	1.86E+01	9.15E+00
Sample429	2.09E+01	2.75E+01	1.81E+01	3.50E+01	1.57E+01
Sample430	2.18E+01	1.06E+01	3.31E+01	4.63E+01	4.71E+00
Sample431	1.36E+01	2.35E+01	2.73E+01	1.38E+01	9.33E+00
Sample432	1.95E+01	1.08E+01	1.37E+01	3.04E+01	1.68E+01
Sample433	3.06E+01	5.20E+01	1.51E+01	8.70E+01	4.20E+01
Sample434	1.10E+01	1.50E+01	1.53E+01	2.00E+01	1.08E+01
Sample435	3.08E+01	2.97E+01	1.98E+01	5.39E+01	1.40E+01
Sample436	7.85E+00	1.73E+01	2.31E+01	1.17E+01	9.08E+00
Sample437	9.77E+00	1.53E+01	2.07E+01	1.53E+01	9.68E+00
Sample438	1.96E+01	6.00E+00	1.70E+01	2.95E+01	1.77E+01
Sample439	4.05E+01	4.07E+01	2.37E+01	5.88E+01	1.18E+01
Sample440	4.69E+01	3.04E+01	1.89E+01	5.01E+01	7.92E+00
Sample441	1.92E+01	1.33E+01	2.11E+01	1.70E+01	1.37E+01
Sample442	1.53E+01	1.80E+01	1.60E+01	2.54E+01	1.20E+01
Sample443	2.33E+01	2.24E+01	2.86E+01	3.03E+01	2.19E+01
Sample444	1.85E+01	2.27E+01	1.93E+01	1.69E+01	9.76E+00
Sample445	1.40E+01	1.13E+01	2.50E+01	2.32E+01	1.13E+01
Sample446	1.22E+01	1.31E+01	1.74E+01	1.89E+01	1.11E+01
Sample447	3.22E+01	1.88E+01	1.44E+01	2.46E+01	1.63E+01
Sample448	2.39E+01	2.00E+01	2.17E+01	2.04E+01	5.48E+00
Sample449	5.46E+01	2.55E+01	2.92E+01	4.64E+01	8.70E+00
Sample450	1.75E+01	2.24E+01	2.33E+01	2.14E+01	1.63E+01
Sample451	2.59E+01	2.21E+01	3.02E+01	1.81E+01	7.47E+00
Sample452	1.99E+01	1.86E+01	2.34E+01	5.54E+01	2.12E+01
Sample453	2.16E+01	1.25E+01	1.30E+01	1.26E+01	9.72E+00
Sample454	3.55E+01	2.34E+01	2.17E+01	4.69E+01	1.21E+01
Sample455	3.70E+01	2.40E+01	1.21E+01	4.89E+01	7.13E+00
Sample456	1.43E+01	1.08E+01	1.72E+01	2.06E+01	8.76E+00
Sample457	1.90E+01	1.48E+01	3.39E+01	3.54E+01	1.35E+01
Sample458	1.57E+01	1.47E+01	2.31E+01	1.89E+01	6.70E+00
Sample459	3.02E+01	2.69E+01	2.91E+01	2.88E+01	1.59E+01
Sample460	1.72E+01	1.95E+01	3.09E+01	5.66E+01	2.11E+01
Sample461	2.18E+01	1.77E+01	2.43E+01	2.06E+01	9.05E+00
Sample462	1.48E+01	1.13E+01	1.30E+01	1.33E+01	1.08E+01
Sample463	3.95E+01	2.14E+01	2.85E+01	2.96E+01	6.71E+00
Sample464	1.74E+01	1.80E+01	2.11E+01	2.20E+01	8.84E+00
Sample465	2.00E+01	1.46E+01	2.65E+01	1.85E+01	1.00E+01
Sample466	2.74E+01	2.07E+01	1.92E+01	2.04E+01	1.33E+01
Sample467	3.49E+01	3.18E+01	2.38E+01	5.04E+01	1.48E+01
Sample468	1.74E+01	1.44E+01	1.34E+01	1.83E+01	1.19E+01
Sample469	8.81E+00	1.48E+01	2.06E+01	1.73E+01	8.15E+00
Sample470	2.15E+01	1.72E+01	1.99E+01	2.03E+01	7.99E+00
Sample471	4.61E+01	2.77E+01	1.53E+01	4.50E+01	1.69E+01
Sample472	3.58E+01	2.81E+01	2.06E+01	4.06E+01	1.08E+01
Sample473	1.64E+01	2.11E+01	1.38E+01	3.22E+01	1.65E+01
Sample474	2.13E+01	2.51E+01	2.03E+01	2.37E+01	1.06E+01
Sample475	1.68E+01	3.10E+01	1.41E+01	4.60E+01	2.42E+01
Sample476	2.40E+01	2.70E+01	1.99E+01	4.56E+01	1.46E+01
Sample477	1.86E+01	1.35E+01	2.06E+01	1.43E+01	8.53E+00
Sample478	1.10E+01	1.86E+01	1.64E+01	1.31E+01	9.79E+00
Sample479	2.85E+01	3.61E+01	3.02E+01	3.19E+01	1.42E+01
Sample480	2.87E+01	3.83E+01	1.74E+01	6.45E+01	1.47E+01
Sample481	2.44E+01	2.09E+01	1.49E+01	2.12E+01	7.38E+00
Sample482	1.84E+01	1.79E+01	3.12E+01	3.58E+01	1.05E+01
Sample483	3.05E+01	2.05E+01	1.84E+01	2.72E+01	1.30E+01
Sample484	1.68E+01	1.86E+01	1.95E+01	1.54E+01	1.29E+01
Sample485	1.72E+01	2.23E+01	2.46E+01	1.15E+01	8.20E+00
Sample486	1.87E+01	2.79E+01	2.27E+01	1.90E+01	1.27E+01
Sample487	4.14E+01	2.60E+01	1.93E+01	5.53E+01	1.51E+01
Sample488	1.68E+01	1.71E+01	1.53E+01	1.83E+01	5.92E+00
Sample489	1.16E+01	1.75E+01	1.78E+01	1.85E+01	1.17E+01
Sample490	1.49E+01	1.17E+01	2.52E+01	1.53E+01	1.12E+01
Sample491	4.30E+01	3.89E+01	1.61E+01	4.44E+01	9.70E+00
Sample492	3.11E+01	2.93E+01	9.29E+00	3.25E+01	2.03E+01
Sample493	2.46E+01	1.46E+01	2.55E+01	2.04E+01	1.09E+01
Sample494	4.77E+01	3.72E+01	2.01E+01	4.75E+01	1.17E+01
Sample495	2.30E+01	1.31E+01	2.92E+01	2.01E+01	8.87E+00
Sample496	2.99E+01	2.12E+01	2.19E+01	7.00E+01	2.26E+01
Sample497	3.32E+01	2.34E+01	3.56E+01	3.36E+01	0.00E+00
Sample498	2.85E+01	1.79E+01	1.94E+01	3.08E+01	5.16E+00
Sample499	1.66E+01	1.25E+01	1.87E+01	1.66E+01	8.34E+00
Sample500	3.39E+01	1.87E+01	2.24E+01	3.99E+01	1.13E+01
Sample501	1.51E+01	2.04E+01	2.24E+01	2.40E+01	1.13E+01
Sample502	2.20E+01	1.71E+01	3.11E+01	1.68E+01	8.39E+00
Sample503	1.62E+01	1.73E+01	1.22E+01	1.71E+01	7.03E+00
Sample504	2.38E+01	9.74E+00	1.55E+01	1.19E+01	1.25E+01
Sample505	1.54E+01	1.95E+01	3.18E+01	2.57E+01	6.57E+00
Sample506	2.25E+01	3.11E+01	2.55E+01	4.39E+01	1.43E+01
Sample507	2.01E+01	1.40E+01	2.08E+01	1.58E+01	9.81E+00
Sample508	1.88E+01	1.71E+01	1.51E+01	1.52E+01	8.02E+00
Sample509	1.93E+01	2.09E+01	1.96E+01	3.33E+01	1.70E+01
Sample510	2.03E+01	1.97E+01	1.51E+01	3.24E+01	1.24E+01
Sample511	1.36E+01	1.37E+01	1.92E+01	3.84E+01	2.73E+01
Sample512	1.66E+01	2.48E+01	1.57E+01	1.97E+01	1.11E+01
Sample513	1.92E+01	2.19E+01	3.02E+01	1.54E+01	1.08E+01
Sample514	2.20E+01	1.99E+01	1.38E+01	1.85E+01	1.95E+01
Sample515	1.63E+01	2.65E+01	2.07E+01	2.30E+01	9.89E+00
Sample516	1.55E+01	1.57E+01	2.10E+01	4.14E+01	2.34E+01
Sample517	2.58E+01	1.13E+01	2.25E+01	1.70E+01	8.22E+00
Sample518	2.24E+01	1.46E+01	1.24E+01	9.09E+00	1.85E+01
Sample519	1.33E+01	1.94E+01	1.78E+01	1.56E+01	1.16E+01
Sample520	1.25E+01	1.49E+01	1.93E+01	1.47E+01	8.42E+00
Sample521	2.25E+01	3.27E+01	2.24E+01	3.56E+01	1.71E+01
Sample522	2.75E+01	1.69E+01	1.78E+01	2.47E+01	9.07E+00
Sample523	4.57E+01	1.71E+01	2.01E+01	5.04E+01	5.33E+00
Sample524	1.58E+01	1.35E+01	1.51E+01	2.12E+01	1.16E+01
Sample525	2.44E+01	1.57E+01	2.35E+01	3.65E+01	9.29E+00
Sample526	1.67E+01	2.11E+01	2.11E+01	1.58E+01	8.98E+00
Sample527	3.03E+01	1.48E+01	3.10E+01	6.00E+01	3.05E+01
Sample528	1.27E+01	2.00E+01	3.28E+01	4.39E+01	5.47E+00
Sample529	1.36E+01	1.51E+01	1.81E+01	1.28E+01	7.17E+00
Sample530	2.37E+01	2.49E+01	1.98E+01	3.42E+01	1.65E+01
Sample531	1.68E+01	1.76E+01	1.65E+01	2.19E+01	1.35E+01
Sample532	2.82E+01	1.17E+01	2.83E+01	6.38E+01	2.32E+01
Sample533	1.26E+01	1.31E+01	1.85E+01	1.44E+01	1.16E+01
Sample534	4.43E+01	2.32E+01	2.43E+01	4.74E+01	4.81E+00
Sample535	1.58E+01	1.38E+01	2.99E+01	2.10E+01	9.34E+00
Sample536	2.21E+01	2.57E+01	2.95E+01	2.84E+01	1.79E+01
Sample537	2.50E+01	1.96E+01	2.56E+01	3.43E+01	7.31E+00
Sample538	1.52E+01	1.38E+01	9.07E+00	1.67E+01	5.63E+00
Sample539	2.53E+01	3.43E+01	2.43E+01	5.23E+01	2.27E+01
Sample540	2.59E+01	2.43E+01	2.25E+01	5.10E+01	1.44E+01
Sample541	1.70E+01	1.79E+01	2.01E+01	1.96E+01	1.57E+01
Sample542	4.06E+01	2.15E+01	1.75E+01	4.89E+01	1.04E+01
Sample543	1.26E+01	2.07E+01	2.13E+01	1.63E+01	7.60E+00
Sample544	1.59E+01	2.28E+01	2.10E+01	1.81E+01	1.08E+01
Sample545	3.53E+01	8.04E+00	3.67E+01	4.58E+01	1.50E+01
Sample546	4.45E+01	2.98E+01	1.63E+01	5.03E+01	1.11E+01
Sample547	1.03E+01	2.40E+01	2.12E+01	2.04E+01	1.33E+01
Sample548	2.13E+01	3.56E+01	1.68E+01	5.64E+01	1.84E+01
Sample549	1.81E+01	2.40E+01	2.17E+01	3.71E+01	1.99E+01
Sample550	2.26E+01	2.91E+01	2.46E+01	2.35E+01	1.23E+01
Sample551	1.21E+01	1.83E+01	1.76E+01	1.56E+01	1.15E+01
Sample552	1.27E+01	1.80E+01	1.88E+01	8.61E+00	1.12E+01
Sample553	1.51E+01	1.82E+01	1.56E+01	1.04E+01	9.04E+00
Sample554	1.07E+01	1.84E+01	1.25E+01	1.69E+01	1.35E+01
Sample555	3.84E+01	1.73E+01	2.15E+01	3.05E+01	8.63E+00
Sample556	1.67E+01	2.05E+01	2.51E+01	1.87E+01	8.13E+00
Sample557	2.43E+01	2.34E+01	3.06E+01	1.73E+01	1.75E+01
Sample558	1.67E+01	1.54E+01	2.26E+01	8.89E+00	1.37E+01
Sample559	2.33E+01	1.98E+01	1.57E+01	2.40E+01	1.18E+01
Sample560	1.64E+01	1.33E+01	2.71E+01	2.65E+01	1.61E+01
Sample561	2.61E+01	5.46E+01	2.48E+01	9.02E+01	3.14E+01
Sample562	1.01E+01	1.86E+01	1.46E+01	1.49E+01	8.81E+00
Sample563	3.20E+01	2.57E+01	1.08E+01	3.55E+01	1.46E+01
Sample564	1.28E+01	1.87E+01	1.71E+01	1.80E+01	8.26E+00
Sample565	7.92E+00	1.97E+01	2.49E+01	2.93E+01	1.08E+01
Sample566	2.28E+01	1.65E+01	1.70E+01	1.76E+01	9.72E+00
Sample567	1.03E+01	1.38E+01	1.51E+01	1.29E+01	1.01E+01
Sample568	1.52E+01	2.41E+01	3.97E+01	2.51E+01	1.53E+01
Sample569	2.69E+01	2.72E+01	2.23E+01	4.46E+01	1.83E+01
Sample570	1.28E+01	1.62E+01	1.63E+01	2.77E+01	5.04E+00
Sample571	1.75E+01	3.13E+01	2.99E+01	1.95E+01	1.07E+01
Sample572	1.35E+01	7.93E+00	2.41E+01	2.85E+01	1.21E+01
Sample573	2.66E+01	2.47E+01	2.60E+01	5.23E+01	2.30E+01
Sample574	2.21E+01	1.81E+01	1.77E+01	1.77E+01	1.04E+01
Sample575	2.74E+01	1.61E+01	2.68E+01	4.65E+01	2.49E+01
Sample576	2.87E+01	5.02E+01	1.68E+01	8.99E+01	4.02E+01
Sample577	1.74E+01	8.86E+00	2.24E+01	2.95E+01	7.20E+00
Sample578	2.31E+01	2.20E+01	2.23E+01	1.60E+01	6.87E+00
Sample579	3.87E+01	2.67E+01	1.83E+01	3.91E+01	6.24E+00
Sample580	1.95E+01	1.22E+01	2.05E+01	1.44E+01	1.09E+01
Sample581	9.16E+00	2.28E+01	1.25E+01	2.17E+01	7.03E+00
Sample582	2.35E+01	1.16E+01	2.56E+01	4.57E+01	2.62E+01
Sample583	1.95E+01	2.27E+01	2.17E+01	1.73E+01	1.18E+01
Sample584	3.37E+01	2.63E+01	1.78E+01	5.07E+01	1.53E+01
Sample585	2.46E+01	5.72E+01	1.58E+01	9.47E+01	4.09E+01
Sample586	1.24E+01	1.49E+01	9.53E+00	2.18E+01	9.34E+00
Sample587	2.97E+01	2.44E+01	1.44E+01	4.19E+01	1.78E+01
Sample588	1.69E+01	1.56E+01	2.15E+01	1.61E+01	1.26E+01
Sample589	3.81E+01	2.01E+01	2.16E+01	5.51E+01	1.16E+01
Sample590	3.07E+01	1.89E+01	1.59E+01	2.69E+01	7.53E+00
Sample591	2.42E+01	9.78E+00	2.18E+01	2.44E+01	1.26E+01
Sample592	4.92E+01	2.25E+01	2.39E+01	3.66E+01	1.18E+01
Sample593	1.91E+01	2.18E+01	2.92E+01	1.79E+01	1.47E+01
Sample594	2.09E+01	2.16E+01	1.99E+01	2.13E+01	1.12E+01
Sample595	1.12E+01	1.60E+01	1.71E+01	2.87E+01	9.84E+00
Sample596	1.06E+01	1.62E+01	2.40E+01	3.07E+01	1.56E+01
Sample597	2.67E+01	2.22E+01	1.50E+01	3.06E+01	1.73E+01
Sample598	2.69E+01	2.05E+01	2.75E+01	1.07E+01	1.50E+01
Sample599	8.40E+00	1.70E+01	1.84E+01	1.49E+01	5.21E+00
Sample600	2.37E+01	1.77E+01	1.74E+01	4.82E+01	2.07E+01
Sample601	1.28E+01	1.24E+01	1.58E+01	2.04E+01	9.47E+00
Sample602	1.13E+01	1.94E+01	3.10E+01	2.96E+01	7.45E+00
Sample603	2.19E+01	2.16E+01	1.76E+01	3.76E+01	1.40E+01
Sample604	1.66E+01	1.51E+01	1.63E+01	1.64E+01	6.60E+00
Sample605	2.04E+01	1.56E+01	1.77E+01	1.50E+01	9.45E+00
Sample606	2.07E+01	2.38E+01	2.16E+01	2.31E+01	1.77E+01
Sample607	2.18E+01	1.61E+01	1.63E+01	1.83E+01	9.39E+00
Sample608	1.40E+01	1.84E+01	1.86E+01	1.45E+01	8.13E+00
Sample609	2.23E+01	1.73E+01	7.24E+00	2.58E+01	1.50E+01
Sample610	2.28E+01	2.16E+01	1.33E+01	3.31E+01	1.48E+01
Sample611	1.46E+01	2.36E+01	2.12E+01	1.89E+01	8.13E+00
Sample612	1.76E+01	2.65E+00	1.85E+01	2.41E+01	1.55E+01
Sample613	2.51E+01	1.96E+01	2.14E+01	3.07E+01	1.57E+01
Sample614	8.58E+00	1.73E+01	2.35E+01	3.79E+01	2.24E+01
Sample615	1.75E+01	2.23E+01	2.34E+01	1.57E+01	1.24E+01
Sample616	1.50E+01	2.08E+01	2.30E+01	1.20E+01	7.82E+00
Sample617	2.49E+01	3.68E+01	2.27E+01	3.46E+01	2.01E+01
Sample618	1.66E+01	1.71E+01	2.77E+01	1.56E+01	6.35E+00
Sample619	1.10E+01	1.52E+01	2.29E+01	1.35E+01	1.00E+01
Sample620	1.97E+01	1.31E+01	2.27E+01	1.61E+01	1.08E+01
Sample621	2.14E+01	1.71E+01	1.17E+01	1.70E+01	1.36E+01
Sample622	2.09E+01	1.71E+01	1.73E+01	2.12E+01	1.05E+01
Sample623	1.83E+01	2.23E+01	2.71E+01	2.71E+01	1.17E+01
Sample624	3.36E+01	2.55E+01	1.40E+01	3.42E+01	8.65E+00
Sample625	1.74E+01	0.00E+00	1.69E+01	2.37E+01	6.31E+00
Sample626	2.53E+01	2.00E+01	2.06E+01	1.44E+01	8.99E+00
Sample627	2.04E+01	2.16E+01	2.06E+01	3.04E+01	1.53E+01
Sample628	2.86E+01	1.85E+01	1.65E+01	1.48E+01	1.17E+01
Sample629	1.28E+01	2.78E+01	2.40E+01	3.39E+01	1.21E+01
Sample630	2.28E+01	3.01E+01	1.45E+01	4.07E+01	1.71E+01
Sample631	1.80E+01	2.08E+01	2.68E+01	1.62E+01	7.23E+00
Sample632	2.66E+01	2.76E+01	1.77E+01	2.87E+01	1.41E+01
Sample633	4.50E+01	2.86E+01	1.86E+01	4.67E+01	7.60E+00
Sample634	2.81E+01	3.15E+01	1.94E+01	3.06E+01	8.42E+00
Sample635	1.86E+01	1.54E+01	2.12E+01	7.49E+00	9.04E+00
Sample636	1.69E+01	1.30E+01	1.67E+01	1.07E+01	1.39E+01
Sample637	2.06E+01	2.13E+01	1.76E+01	2.05E+01	9.79E+00
Sample638	1.82E+01	1.58E+01	1.63E+01	1.83E+01	1.04E+01
Sample639	1.55E+01	1.86E+01	1.54E+01	1.96E+01	5.64E+00
Sample640	1.73E+01	1.71E+01	1.59E+01	2.03E+01	1.32E+01
Sample641	2.21E+01	2.31E+01	1.55E+01	3.76E+01	9.58E+00
Sample642	1.63E+01	1.62E+01	1.57E+01	1.87E+01	8.36E+00
Sample643	2.09E+01	1.54E+01	2.46E+01	2.99E+01	1.39E+01
Sample644	2.88E+01	2.67E+01	2.21E+01	4.58E+01	1.54E+01
Sample645	1.42E+01	1.37E+01	1.58E+01	2.74E+01	1.01E+01
Sample646	2.85E+01	2.80E+01	1.78E+01	3.96E+01	1.06E+01
Sample647	2.61E+01	2.83E+01	1.20E+01	4.32E+01	1.12E+01
Sample648	2.39E+01	2.31E+01	1.54E+01	1.29E+01	9.96E+00
Sample649	1.81E+01	1.82E+01	1.58E+01	2.51E+01	5.25E+00
Sample650	2.77E+01	3.10E+01	2.29E+01	4.35E+01	1.64E+01
Sample651	1.35E+01	1.33E+01	1.62E+01	1.62E+01	1.37E+01
Sample652	2.40E+01	2.87E+01	1.84E+01	3.41E+01	1.00E+01
Sample653	2.88E+01	2.46E+01	1.70E+01	2.85E+01	1.33E+01
Sample654	4.22E+01	3.22E+01	1.90E+01	4.49E+01	1.46E+01
Sample655	1.50E+01	1.92E+01	1.49E+01	2.66E+01	1.38E+01
Sample656	1.87E+01	1.80E+01	2.10E+01	1.16E+01	4.70E+00
Sample657	1.66E+01	1.66E+01	2.26E+01	1.74E+01	8.76E+00
Sample658	1.29E+01	2.24E+01	2.27E+01	2.64E+01	1.44E+01
Sample659	2.23E+01	1.15E+01	1.30E+01	1.87E+01	1.23E+01
Sample660	2.92E+01	2.83E+01	1.79E+01	4.16E+01	2.55E+01
Sample661	4.78E+01	2.78E+01	2.93E+01	3.46E+01	7.73E+00
Sample662	4.51E+01	2.55E+01	2.74E+01	3.48E+01	6.53E+00
Sample663	1.44E+01	1.70E+01	2.42E+01	1.81E+01	1.53E+01
Sample664	1.45E+01	2.11E+01	2.05E+01	1.69E+01	1.22E+01
Sample665	2.60E+01	2.31E+01	2.33E+01	4.83E+01	2.19E+01
Sample666	2.78E+01	2.23E+01	1.53E+01	3.13E+01	1.62E+01
Sample667	1.02E+01	2.11E+01	1.60E+01	2.20E+01	1.26E+01
Sample668	2.59E+01	1.43E+01	1.75E+01	2.39E+01	9.36E+00
Sample669	3.26E+01	1.97E+01	2.55E+01	6.91E+01	2.99E+01
Sample670	2.91E+01	1.31E+01	2.95E+01	3.82E+01	1.08E+01
Sample671	3.45E+01	2.50E+01	1.18E+01	5.07E+01	1.17E+01
Sample672	1.34E+01	1.00E+01	2.01E+01	2.59E+01	1.46E+01
Sample673	1.34E+01	1.58E+01	2.06E+01	2.91E+01	1.45E+01
Sample674	2.13E+01	1.66E+01	1.16E+01	3.30E+01	1.00E+01
Sample675	2.41E+01	1.18E+01	2.25E+01	2.05E+01	1.02E+01
Sample676	1.49E+01	1.67E+01	1.95E+01	4.39E+01	2.57E+01
Sample677	1.96E+01	2.47E+01	1.76E+01	1.91E+01	1.38E+01
Sample678	2.14E+01	1.81E+01	2.31E+01	2.61E+01	8.95E+00
Sample679	1.81E+01	1.18E+01	2.17E+01	2.38E+01	9.92E+00
Sample680	1.46E+01	1.50E+01	1.72E+01	9.41E+00	7.55E+00
Sample681	2.29E+01	2.14E+01	2.43E+01	2.14E+01	1.04E+01
Sample682	1.66E+01	1.62E+01	2.15E+01	2.17E+01	1.07E+01
Sample683	1.09E+01	1.72E+01	1.65E+01	1.55E+01	1.33E+01
Sample684	2.12E+01	2.19E+01	2.17E+01	2.07E+01	1.47E+01
Sample685	2.97E+01	1.43E+01	2.01E+01	4.08E+01	1.33E+01
Sample686	5.36E+00	2.02E+01	2.32E+01	2.34E+01	1.01E+01
Sample687	1.40E+01	1.28E+01	1.51E+01	1.41E+01	9.66E+00
Sample688	2.34E+01	1.67E+01	1.94E+01	2.01E+01	1.12E+01
Sample689	8.12E+00	1.27E+01	1.03E+01	1.48E+01	6.75E+00
Sample690	3.38E+01	3.31E+01	2.24E+01	4.10E+01	9.95E+00
Sample691	1.77E+01	1.69E+01	8.61E+00	1.49E+01	8.01E+00
Sample692	1.96E+01	2.69E+01	2.73E+01	2.92E+01	1.36E+01
Sample693	2.53E+01	2.05E+01	1.81E+01	1.54E+01	1.19E+01
Sample694	1.75E+01	1.54E+01	2.08E+01	1.74E+01	5.02E+00
Sample695	2.40E+01	1.43E+01	1.52E+01	2.57E+01	1.63E+01
Sample696	1.40E+01	2.92E+01	2.65E+01	1.41E+01	1.19E+01
Sample697	2.78E+01	2.20E+01	2.36E+01	3.05E+01	7.21E+00
Sample698	1.88E+01	1.29E+01	2.38E+01	1.71E+01	1.67E+01
Sample699	2.40E+01	1.92E+01	2.00E+01	3.85E+01	1.00E+01
Sample700	3.63E+01	3.46E+01	2.31E+01	4.42E+01	1.18E+01
Sample701	2.10E+01	2.20E+01	2.32E+01	2.58E+01	1.33E+01
Sample702	1.67E+01	1.58E+01	2.39E+01	1.78E+01	1.14E+01
Sample703	2.50E+01	2.37E+01	2.02E+01	2.56E+01	1.45E+01
Sample704	1.89E+01	2.09E+01	1.61E+01	1.77E+01	7.96E+00
Sample705	3.03E+01	2.87E+01	1.62E+01	3.14E+01	9.98E+00
Sample706	1.46E+01	2.00E+01	1.92E+01	1.74E+01	5.36E+00
Sample707	1.64E+01	1.42E+01	2.05E+01	1.75E+01	1.32E+01
Sample708	1.73E+01	1.56E+01	2.99E+01	2.08E+01	8.76E+00
Sample709	2.57E+01	2.99E+01	3.51E+01	1.98E+01	1.37E+01
Sample710	2.12E+01	1.88E+01	2.13E+01	1.65E+01	5.75E+00
Sample711	3.28E+01	2.41E+01	2.03E+01	4.43E+01	1.69E+01
Sample712	2.79E+01	1.63E+01	2.69E+01	3.65E+01	1.70E+01
Sample713	1.24E+01	1.37E+01	1.35E+01	1.81E+01	7.25E+00
Sample714	4.65E+01	3.53E+01	2.14E+01	5.13E+01	7.92E+00
Sample715	2.55E+01	2.13E+01	1.93E+01	2.86E+01	1.27E+01
Sample716	2.60E+01	1.53E+01	2.68E+01	8.79E+00	1.24E+01
Sample717	1.95E+01	2.87E+01	3.38E+01	6.29E+01	7.91E+00
Sample718	2.09E+01	2.66E+01	1.57E+01	3.88E+01	1.35E+01
Sample719	3.16E+01	2.23E+01	1.79E+01	3.91E+01	1.32E+01
Sample720	1.01E+01	1.39E+01	1.87E+01	1.72E+01	8.10E+00
Sample721	2.10E+01	1.44E+01	1.97E+01	1.97E+01	7.70E+00
Sample722	2.92E+01	2.16E+01	1.57E+01	3.13E+01	9.03E+00
Sample723	2.22E+01	1.63E+01	2.19E+01	2.04E+01	1.40E+01
Sample724	9.72E+00	1.48E+01	2.17E+01	2.02E+01	1.18E+01
Sample725	3.12E+01	1.70E+01	2.00E+01	3.48E+01	1.12E+01
Sample726	4.90E+01	2.52E+01	2.90E+01	5.56E+01	1.03E+01
Sample727	1.52E+01	1.50E+01	1.82E+01	2.01E+01	9.71E+00
Sample728	1.80E+01	1.05E+01	2.15E+01	1.82E+01	8.95E+00
Sample729	1.96E+01	1.65E+01	1.38E+01	1.53E+01	7.51E+00
Sample730	1.98E+01	1.76E+01	1.64E+01	2.62E+01	1.30E+01
Sample731	3.18E+01	3.09E+01	1.49E+01	4.69E+01	1.46E+01
Sample732	1.11E+01	1.80E+01	2.10E+01	1.95E+01	1.27E+01
Sample733	1.19E+01	1.39E+01	1.50E+01	1.35E+01	5.95E+00
Sample734	1.18E+01	1.83E+01	3.11E+01	2.08E+01	5.99E+00
Sample735	1.39E+01	1.76E+01	2.11E+01	1.72E+01	1.26E+01
Sample736	1.01E+01	2.34E+01	2.17E+01	1.76E+01	1.07E+01
Sample737	2.68E+01	2.70E+01	1.88E+01	5.45E+01	1.70E+01
Sample738	3.59E+01	1.94E+01	1.71E+01	5.27E+01	1.21E+01
Sample739	1.65E+01	1.15E+01	1.79E+01	1.60E+01	9.38E+00
Sample740	1.41E+01	1.82E+01	1.48E+01	2.06E+01	1.38E+01
Sample741	1.17E+01	1.90E+01	2.23E+01	1.48E+01	1.04E+01
Sample742	1.71E+01	1.51E+01	1.86E+01	2.21E+01	1.17E+01
Sample743	2.04E+01	2.65E+01	3.00E+01	1.34E+01	1.16E+01
Sample744	2.19E+01	2.05E+01	2.17E+01	2.23E+01	7.02E+00
Sample745	1.51E+01	1.68E+01	9.48E+00	2.47E+01	9.65E+00
Sample746	1.06E+01	2.03E+01	2.45E+01	1.70E+01	8.58E+00
Sample747	2.03E+01	2.82E+01	1.28E+01	4.35E+01	1.27E+01
Sample748	3.49E+01	3.02E+01	2.31E+01	4.70E+01	1.13E+01
Sample749	8.74E+00	1.53E+01	2.05E+01	1.91E+01	1.06E+01
Sample750	3.61E+01	2.14E+01	2.56E+01	4.09E+01	8.36E+00
Sample751	2.02E+01	1.09E+01	2.97E+01	1.86E+01	1.01E+01
Sample752	2.10E+01	2.04E+01	2.78E+01	5.15E+01	5.09E+00
Sample753	2.17E+01	1.30E+01	1.89E+01	8.92E+00	7.56E+00
Sample754	1.95E+01	6.90E+00	1.92E+01	2.07E+01	7.77E+00
Sample755	1.45E+01	1.73E+01	2.52E+01	1.74E+01	7.11E+00
Sample756	1.36E+01	9.14E+00	1.79E+01	1.68E+01	7.12E+00
Sample757	4.05E+01	3.38E+01	2.46E+01	3.71E+01	9.92E+00
Sample758	4.63E+01	3.30E+01	1.67E+01	5.33E+01	1.26E+01
Sample759	1.31E+01	2.51E+01	2.40E+01	2.27E+01	9.26E+00
Sample760	2.68E+01	1.75E+01	1.76E+01	1.75E+01	9.81E+00
Sample761	1.56E+01	1.75E+01	2.74E+01	1.90E+01	1.44E+01
Sample762	2.07E+01	1.29E+01	1.54E+01	1.92E+01	1.11E+01
Sample763	1.65E+01	2.80E+01	1.70E+01	2.37E+01	8.10E+00
Sample764	2.87E+01	1.82E+01	1.91E+01	2.46E+01	1.04E+01
Sample765	1.51E+01	2.04E+01	1.81E+01	1.35E+01	8.76E+00
Sample766	1.62E+01	1.12E+01	1.95E+01	2.51E+01	9.55E+00
Sample767	3.27E+01	2.49E+01	2.52E+01	2.48E+01	1.75E+00
Sample768	2.02E+01	2.91E+01	9.51E+00	3.33E+01	1.12E+01
Sample769	1.73E+01	1.34E+01	2.21E+01	2.76E+01	8.36E+00
Sample770	2.32E+01	1.38E+01	1.30E+01	1.05E+01	7.36E+00
Sample771	1.55E+01	2.01E+01	1.29E+01	2.57E+01	6.45E+00
Sample772	1.22E+01	1.50E+01	1.55E+01	1.42E+01	9.19E+00
Sample773	2.25E+01	2.34E+01	2.98E+01	2.08E+01	6.76E+00
Sample774	2.49E+01	1.72E+01	3.74E+01	2.14E+01	1.27E+01
Sample775	2.33E+01	2.60E+01	2.11E+01	4.24E+01	9.86E+00
Sample776	2.09E+01	2.58E+01	1.35E+01	4.95E+01	9.71E+00
Sample777	2.70E+01	2.23E+01	1.75E+01	4.12E+01	1.36E+01
Sample778	1.37E+01	2.14E+01	1.66E+01	2.22E+01	9.11E+00
Sample779	4.52E+01	3.71E+01	2.92E+01	4.30E+01	8.18E+00
Sample780	1.18E+01	1.16E+01	1.99E+01	1.70E+01	6.02E+00
Sample781	1.78E+01	1.86E+01	2.25E+01	1.67E+01	1.08E+01
Sample782	1.82E+01	1.77E+01	2.41E+01	1.11E+01	8.44E+00
Sample783	1.74E+01	1.63E+01	1.55E+01	2.17E+01	7.55E+00
Sample784	2.61E+01	9.15E+00	3.22E+01	5.59E+01	1.62E+01
Sample785	1.65E+01	1.55E+01	1.42E+01	1.82E+01	8.78E+00
Sample786	1.38E+01	2.45E+01	1.92E+01	1.26E+01	7.93E+00
Sample787	1.94E+01	1.98E+01	2.44E+01	2.05E+01	1.30E+01
Sample788	2.60E+01	3.12E+01	2.93E+01	5.62E+01	1.26E+01
Sample789	3.86E+01	4.35E+01	2.15E+01	3.09E+01	8.49E+00
Sample790	1.89E+01	1.81E+01	1.99E+01	1.97E+01	8.57E+00
Sample791	1.75E+01	1.54E+01	1.41E+01	2.24E+01	1.60E+01
Sample792	2.44E+01	1.57E+01	1.75E+01	2.26E+01	9.97E+00
Sample793	2.13E+01	4.95E+01	2.29E+01	5.91E+01	2.12E+01
Sample794	1.74E+01	1.18E+01	1.83E+01	1.29E+01	7.19E+00
Sample795	1.80E+01	1.44E+01	2.46E+01	1.47E+01	1.38E+01
Sample796	2.15E+01	1.90E+01	1.93E+01	2.05E+01	1.40E+01
Sample797	1.61E+01	1.76E+01	1.97E+01	1.83E+01	1.10E+01
Sample798	3.95E+01	3.32E+01	1.62E+01	5.92E+01	1.31E+01
Sample799	4.58E+01	2.22E+01	1.63E+01	4.43E+01	8.28E+00
Sample800	1.26E+01	1.27E+01	2.46E+01	2.70E+01	4.25E+00
Sample801	1.57E+01	1.50E+01	1.49E+01	1.07E+01	1.63E+01
Sample802	2.44E+01	2.76E+01	1.18E+01	4.14E+01	9.28E+00
Sample803	1.37E+01	2.07E+01	3.23E+01	1.90E+01	1.02E+01
Sample804	2.01E+01	1.80E+01	3.26E+01	2.69E+01	1.05E+01
Sample805	9.73E+00	1.76E+01	2.23E+01	1.92E+01	1.02E+01
Sample806	1.85E+01	1.84E+01	1.78E+01	2.18E+01	1.15E+01
Sample807	1.06E+01	9.60E+00	1.49E+01	2.16E+01	1.32E+01
Sample808	2.55E+01	2.58E+01	2.44E+01	3.18E+01	1.20E+01
Sample809	2.70E+01	2.19E+01	1.72E+01	3.10E+01	9.81E+00
Sample810	1.10E+01	2.12E+01	2.07E+01	1.45E+01	1.55E+01
Sample811	1.71E+01	1.48E+01	1.63E+01	2.29E+01	9.17E+00
Sample812	2.88E+01	2.06E+01	1.48E+01	2.41E+01	1.42E+01
Sample813	1.03E+01	1.66E+01	2.29E+01	1.03E+01	1.07E+01
Sample814	1.91E+01	1.03E+01	1.55E+01	2.16E+01	1.35E+01
Sample815	1.59E+01	1.46E+01	1.30E+01	1.91E+01	1.07E+01
Sample816	4.14E+01	2.75E+01	2.06E+01	3.24E+01	1.12E+01
Sample817	1.81E+01	3.02E+01	3.14E+01	2.19E+01	1.26E+01
Sample818	2.14E+01	1.91E+01	2.07E+01	3.52E+01	1.10E+01
Sample819	2.81E+01	1.48E+01	1.65E+01	1.91E+01	9.37E+00
Sample820	1.66E+01	1.49E+01	1.64E+01	1.26E+01	1.06E+01
Sample821	1.62E+01	1.53E+01	2.18E+01	1.50E+01	8.66E+00
Sample822	1.92E+01	1.59E+01	1.75E+01	9.63E+00	9.47E+00
Sample823	1.37E+01	2.11E+01	2.13E+01	2.98E+01	8.32E+00
Sample824	1.13E+01	1.67E+01	1.99E+01	1.56E+01	1.13E+01
Sample825	2.04E+01	2.19E+01	2.12E+01	1.69E+01	4.58E+00
Sample826	3.57E+01	2.44E+01	1.01E+01	3.29E+01	1.32E+01
Sample827	2.93E+01	1.61E+01	2.81E+01	1.91E+01	1.05E+01
Sample828	2.00E+01	1.39E+01	1.79E+01	1.41E+01	1.20E+01
Sample829	1.33E+01	1.26E+01	1.93E+01	1.87E+01	6.51E+00
Sample830	2.24E+01	2.48E+01	2.09E+01	1.99E+01	1.31E+01
Sample831	1.70E+01	2.44E+01	3.15E+01	1.40E+01	9.92E+00
Sample832	3.09E+01	2.33E+01	1.87E+01	4.99E+01	1.16E+01
Sample833	1.14E+01	1.75E+01	1.76E+01	1.54E+01	6.47E+00
Sample834	3.14E+01	1.84E+01	2.19E+01	2.00E+01	1.02E+01
Sample835	1.20E+01	1.65E+01	3.54E+01	5.37E+01	8.11E+00
Sample836	1.60E+01	2.60E+01	3.32E+01	1.59E+01	1.12E+01
Sample837	3.59E+01	3.37E+01	1.25E+01	4.24E+01	1.03E+01
Sample838	1.01E+01	1.63E+01	1.38E+01	1.90E+01	9.57E+00
Sample839	2.76E+01	1.99E+01	2.82E+01	1.05E+01	1.36E+01
Sample840	3.49E+01	5.10E+01	2.30E+01	8.99E+01	3.60E+01
Sample841	1.50E+01	1.47E+01	1.45E+01	1.32E+01	1.17E+01
Sample842	4.41E+00	1.52E+01	1.50E+01	1.42E+01	9.72E+00
Sample843	1.99E+01	2.61E+01	3.87E+01	5.65E+01	5.41E+00
Sample844	1.97E+01	2.91E+01	2.48E+01	1.93E+01	9.78E+00
Sample845	3.70E+01	1.69E+01	1.97E+01	3.00E+01	7.96E+00
Sample846	2.19E+01	1.57E+01	1.47E+01	4.73E+01	1.49E+01
Sample847	1.21E+01	1.54E+01	1.26E+01	2.60E+01	1.29E+01
Sample848	1.33E+01	1.41E+01	2.26E+01	2.63E+01	1.15E+01
Sample849	1.92E+01	1.06E+01	2.73E+01	4.34E+01	2.46E+01
Sample850	1.24E+01	1.67E+01	1.04E+01	2.42E+01	1.39E+01
Sample851	2.53E+01	1.84E+01	1.96E+01	3.26E+01	1.56E+01
Sample852	2.28E+01	1.90E+01	2.37E+01	3.17E+01	9.25E+00
Sample853	4.81E+01	3.36E+01	2.30E+01	4.21E+01	9.71E+00
Sample854	2.33E+01	1.73E+01	2.13E+01	1.76E+01	1.20E+01
Sample855	2.01E+01	2.34E+01	4.09E+01	5.65E+01	8.71E+00
Sample856	2.41E+01	2.10E+01	1.78E+01	1.65E+01	9.68E+00
Sample857	2.14E+01	2.01E+01	2.08E+01	1.99E+01	1.30E+01
Sample858	2.04E+01	2.00E+01	3.39E+01	1.06E+01	1.20E+01
Sample859	3.12E+01	1.71E+01	1.37E+01	3.81E+01	2.14E+01
Sample860	2.13E+01	1.70E+01	2.68E+01	1.58E+01	1.26E+01
Sample861	1.66E+01	1.97E+01	2.37E+01	1.94E+01	9.50E+00
Sample862	1.87E+01	1.59E+01	3.10E+01	2.81E+01	1.68E+01
Sample863	2.07E+01	1.51E+01	2.08E+01	1.63E+01	9.45E+00
Sample864	3.39E+01	1.85E+01	1.83E+01	2.50E+01	9.48E+00
Sample865	4.65E+01	2.65E+01	1.97E+01	3.75E+01	8.35E+00
Sample866	1.80E+01	1.99E+01	1.54E+01	9.04E+00	1.32E+01
Sample867	2.33E+01	1.63E+01	2.95E+01	1.51E+01	1.12E+01
Sample868	1.81E+01	1.62E+01	1.57E+01	2.99E+01	1.26E+01
Sample869	1.40E+01	3.04E+01	1.75E+01	3.93E+01	1.99E+01
Sample870	2.12E+01	1.31E+01	1.23E+01	2.50E+01	1.00E+01
Sample871	2.50E+01	4.24E+01	3.06E+01	6.18E+01	2.14E+01
Sample872	2.68E+01	2.68E+01	2.81E+01	5.82E+01	5.98E+00
Sample873	2.37E+01	2.86E+01	1.97E+01	4.67E+01	1.47E+01
Sample874	1.72E+01	1.73E+01	2.73E+01	1.72E+01	7.43E+00
Sample875	2.81E+01	3.33E+01	1.70E+01	5.28E+01	2.33E+01
Sample876	2.21E+01	1.91E+01	2.54E+01	1.69E+01	7.56E+00
Sample877	1.88E+01	3.33E+01	4.26E+01	5.63E+01	4.82E+00
Sample878	3.62E+01	3.26E+01	1.65E+01	3.73E+01	1.92E+01
Sample879	2.78E+01	2.61E+01	3.02E+01	3.64E+01	1.88E+01
Sample880	2.23E+01	3.30E+01	2.19E+01	5.75E+01	2.80E+01
Sample881	1.49E+01	1.60E+01	1.94E+01	1.82E+01	9.45E+00
Sample882	1.58E+01	2.64E+01	2.08E+01	2.56E+01	5.75E+00
Sample883	2.67E+01	1.48E+01	2.12E+01	2.80E+01	9.40E+00
Sample884	1.57E+01	2.11E+01	1.34E+01	1.76E+01	1.33E+01
Sample885	1.57E+01	1.32E+01	2.15E+01	2.43E+01	1.13E+01
Sample886	2.32E+01	2.01E+01	1.63E+01	1.46E+01	9.79E+00
Sample887	1.44E+01	1.93E+01	1.60E+01	1.17E+01	7.89E+00
Sample888	1.98E+01	2.83E+01	2.32E+01	3.37E+01	1.20E+01
Sample889	3.33E+01	1.83E+01	2.64E+01	4.68E+01	1.68E+01
Sample890	2.26E+01	8.03E+00	1.65E+01	2.17E+01	9.32E+00
Sample891	8.61E+00	2.13E+01	1.98E+01	1.49E+01	7.94E+00
Sample892	2.12E+01	2.47E+01	2.04E+01	2.10E+01	7.57E+00
Sample893	1.70E+01	1.89E+01	2.58E+01	2.83E+01	1.98E+01
Sample894	1.58E+01	1.71E+01	2.28E+01	1.58E+01	9.96E+00
Sample895	2.23E+01	1.93E+01	3.35E+01	5.66E+01	2.07E+01
Sample896	4.61E+01	3.27E+01	1.29E+01	6.74E+01	1.64E+01
Sample897	1.76E+01	1.43E+01	1.82E+01	1.34E+01	1.34E+01
Sample898	3.08E+01	5.57E+01	2.25E+01	9.74E+01	3.34E+01
Sample899	1.70E+01	2.16E+01	2.24E+01	1.96E+01	1.89E+01
Sample900	3.55E+01	2.14E+01	2.58E+01	2.73E+01	7.44E+00
Sample901	7.71E+00	1.29E+01	1.90E+01	2.09E+01	9.09E+00
Sample902	1.55E+01	1.57E+01	2.03E+01	1.21E+01	1.07E+01
Sample903	1.80E+01	1.23E+01	1.52E+01	2.22E+01	1.16E+01
Sample904	1.98E+01	2.29E+01	1.73E+01	3.31E+01	6.33E+00
Sample905	2.12E+01	2.98E+01	2.00E+01	3.35E+01	1.86E+01
Sample906	1.44E+01	1.96E+01	2.96E+01	1.63E+01	1.06E+01
Sample907	1.89E+01	1.56E+01	1.47E+01	1.50E+01	1.01E+01
Sample908	1.77E+01	7.73E+00	9.66E+00	2.93E+01	1.09E+01
Sample909	1.98E+01	1.73E+01	1.68E+01	1.71E+01	6.82E+00
Sample910	2.44E+01	2.33E+01	2.00E+01	3.19E+01	1.45E+01
Sample911	9.04E+00	2.07E+01	2.26E+01	1.78E+01	8.72E+00
Sample912	1.92E+01	1.88E+01	1.79E+01	1.58E+01	8.99E+00
Sample913	3.10E+01	2.30E+01	2.89E+01	3.85E+01	1.48E+01
Sample914	1.90E+01	1.65E+01	2.01E+01	2.49E+01	1.06E+01
Sample915	1.34E+01	1.08E+01	1.98E+01	2.85E+01	1.10E+01
Sample916	1.80E+01	2.66E+01	3.14E+01	5.60E+01	2.65E+01
Sample917	3.34E+01	1.65E+01	2.16E+01	2.04E+01	1.28E+01
Sample918	1.48E+01	2.31E+01	2.39E+01	3.05E+01	8.80E+00
Sample919	1.86E+01	2.21E+01	2.76E+01	6.18E+01	2.47E+01
Sample920	4.78E+01	1.71E+01	2.02E+01	5.33E+01	1.12E+01
Sample921	1.92E+01	1.55E+01	2.12E+01	1.93E+01	1.28E+01
Sample922	2.18E+01	1.75E+01	2.14E+01	1.37E+01	1.39E+01
Sample923	1.55E+01	1.90E+01	2.22E+01	2.56E+01	1.61E+01
Sample924	2.06E+01	2.19E+01	2.55E+01	1.57E+01	1.35E+01
Sample925	2.30E+01	2.06E+01	1.84E+01	3.56E+01	1.14E+01
Sample926	1.62E+01	1.54E+01	1.56E+01	9.75E+00	6.55E+00
Sample927	1.88E+01	2.28E+01	1.94E+01	1.55E+01	1.24E+01
Sample928	5.23E+01	2.90E+01	1.13E+01	6.23E+01	1.38E+01
Sample929	2.18E+01	1.58E+01	2.10E+01	2.33E+01	1.58E+01
Sample930	1.24E+01	1.51E+01	1.25E+01	2.56E+01	1.19E+01
Sample931	1.46E+01	3.01E+01	2.48E+01	4.90E+01	3.67E+00
Sample932	2.06E+01	2.70E+01	2.15E+01	2.41E+01	1.18E+01
Sample933	2.39E+01	1.09E+01	2.02E+01	2.19E+01	1.19E+01
Sample934	2.51E+01	4.54E+01	3.64E+01	6.65E+01	2.08E+01
Sample935	1.11E+01	2.21E+01	1.65E+01	2.20E+01	8.68E+00
Sample936	1.92E+01	1.33E+01	1.57E+01	3.01E+01	1.33E+01
Sample937	1.59E+01	2.05E+01	1.71E+01	3.85E+01	2.14E+01
Sample938	1.36E+01	2.58E+01	2.03E+01	1.75E+01	9.81E+00
Sample939	1.99E+01	1.20E+01	2.27E+01	1.33E+01	7.76E+00
Sample940	3.09E+01	1.08E+01	2.47E+01	6.91E+01	2.38E+01
Sample941	1.83E+01	2.97E+01	2.68E+01	6.20E+01	9.44E+00
Sample942	1.75E+01	1.72E+01	3.62E+01	3.65E+01	1.63E+01
Sample943	3.68E+01	3.42E+01	1.99E+01	2.84E+01	7.17E+00
Sample944	8.64E+00	1.03E+01	2.65E+01	2.63E+01	8.59E+00
Sample945	1.70E+01	1.56E+01	2.26E+01	9.85E+00	1.19E+01
Sample946	3.85E+01	2.04E+01	1.82E+01	6.67E+01	3.11E+01
Sample947	1.84E+01	2.22E+01	2.76E+01	5.89E+01	2.05E+01
Sample948	1.83E+01	1.99E+01	2.19E+01	9.71E+00	1.28E+01
Sample949	1.72E+01	1.62E+01	2.68E+01	2.80E+01	1.03E+01
Sample950	1.37E+01	2.28E+01	3.26E+01	4.73E+01	1.06E+01
Sample951	1.04E+01	1.83E+01	2.20E+01	1.24E+01	1.16E+01
Sample952	3.45E+01	2.05E+01	2.83E+01	5.61E+01	1.54E+01
Sample953	1.26E+01	1.66E+01	1.62E+01	1.47E+01	1.44E+01
Sample954	2.02E+01	2.03E+01	2.59E+01	3.10E+01	1.19E+01
Sample955	2.77E+01	2.82E+01	1.81E+01	3.29E+01	1.32E+01
Sample956	1.04E+01	1.67E+01	1.69E+01	1.34E+01	1.29E+01
Sample957	2.21E+01	2.52E+01	1.83E+01	3.02E+01	1.05E+01
Sample958	1.66E+01	7.02E+00	1.40E+01	1.86E+01	1.13E+01
Sample959	2.08E+01	1.68E+01	2.28E+01	2.62E+01	1.03E+01
Sample960	3.23E+01	2.10E+01	2.69E+01	5.03E+01	1.74E+01
Sample961	1.51E+01	1.86E+01	1.86E+01	1.46E+01	1.07E+01
Sample962	1.23E+01	1.09E+01	2.11E+01	1.26E+01	1.34E+01
Sample963	3.60E+01	2.55E+01	8.78E+00	4.64E+01	1.37E+01
Sample964	2.93E+01	1.95E+01	4.06E+01	5.37E+01	9.73E+00
Sample965	3.29E+01	2.55E+01	1.14E+01	4.72E+01	1.09E+01
Sample966	1.95E+01	1.55E+01	1.39E+01	1.64E+01	1.31E+01
Sample967	2.25E+01	3.26E+01	2.16E+01	3.63E+01	1.29E+01
Sample968	3.34E+01	3.52E+01	1.74E+01	3.77E+01	9.00E+00
Sample969	2.14E+01	1.55E+01	2.40E+01	2.02E+01	1.22E+01
Sample970	3.49E+01	3.08E+01	1.70E+01	4.81E+01	6.13E+00
Sample971	3.40E+01	3.99E+01	1.88E+01	8.76E+01	3.99E+01
Sample972	1.69E+01	2.90E+01	2.20E+01	4.12E+01	1.82E+01
Sample973	2.81E+01	2.53E+01	3.57E+01	6.23E+01	5.90E+00
Sample974	1.81E+01	1.86E+01	1.49E+01	2.24E+01	1.01E+01
Sample975	1.79E+01	2.43E+01	3.56E+01	5.75E+01	6.59E+00
Sample976	3.78E+01	2.75E+01	1.91E+01	4.94E+01	9.08E+00
Sample977	2.08E+01	3.24E+01	1.55E+01	3.90E+01	2.17E+01
Sample978	8.54E+00	1.20E+01	1.60E+01	1.72E+01	8.54E+00
Sample979	2.31E+01	8.74E+00	2.00E+01	1.56E+01	1.71E+01
Sample980	1.63E+01	3.66E+01	1.69E+01	5.81E+01	1.76E+01
Sample981	2.44E+01	2.66E+01	3.69E+01	1.97E+01	9.22E+00
Sample982	1.41E+01	2.08E+01	1.76E+01	2.14E+01	1.43E+01
Sample983	2.54E+01	2.10E+01	2.54E+01	1.95E+01	9.55E+00
Sample984	1.74E+01	2.01E+01	2.56E+01	2.35E+01	6.19E+00
Sample985	3.18E+01	2.98E+01	1.52E+01	4.32E+01	9.02E+00
Sample986	4.42E+01	2.55E+01	1.41E+01	3.51E+01	6.46E+00
Sample987	3.49E+01	2.80E+01	2.09E+01	3.83E+01	5.63E+00
Sample988	2.31E+01	1.81E+01	1.88E+01	2.06E+01	8.34E+00
Sample989	1.69E+01	1.48E+01	9.25E+00	1.53E+01	1.13E+01
Sample990	2.23E+01	1.19E+01	8.73E+00	3.35E+01	1.71E+01
Sample991	1.17E+01	3.11E+01	2.30E+01	2.09E+01	1.06E+01
Sample992	1.93E+01	2.17E+01	1.15E+01	2.91E+01	1.58E+01
Sample993	1.23E+01	1.44E+01	1.49E+01	1.25E+01	1.15E+01
Sample994	1.72E+01	8.76E+00	1.62E+01	1.14E+01	1.23E+01
Sample995	2.60E+01	1.96E+01	1.85E+01	3.79E+01	1.52E+01
Sample996	1.01E+01	1.47E+01	1.61E+01	2.71E+01	1.33E+01
Sample997	2.19E+01	2.83E+01	3.37E+01	1.63E+01	1.65E+01
Sample998	3.48E+01	2.03E+01	2.26E+01	4.83E+01	1.95E+01
Sample999	3.03E+01	3.30E+01	1.59E+01	5.58E+01	9.57E+00
Sample1000	1.87E+01	2.04E+01	2.20E+01	1.28E+01	8.25E+00
Sample1001	1.80E+01	2.09E+01	3.51E+01	2.10E+01	1.04E+01
Sample1002	1.87E+01	1.68E+01	1.73E+01	1.53E+01	7.72E+00
Sample1003	1.87E+01	1.26E+01	2.07E+01	2.46E+01	1.53E+01
Sample1004	2.99E+01	2.73E+01	8.91E+00	3.17E+01	1.11E+01
Sample1005	1.17E+01	2.02E+01	2.36E+01	1.51E+01	1.16E+01
Sample1006	2.29E+01	1.55E+01	1.43E+01	2.16E+01	6.73E+00
Sample1007	1.54E+01	2.48E+01	2.78E+01	1.99E+01	1.23E+01
Sample1008	3.31E+01	3.36E+01	1.96E+01	4.64E+01	1.32E+01
Sample1009	2.99E+01	2.07E+01	1.73E+01	2.09E+01	8.76E+00
Sample1010	8.50E+00	2.50E+01	3.33E+01	2.14E+01	6.27E+00
Sample1011	1.90E+01	1.06E+01	1.53E+01	2.24E+01	8.66E+00
Sample1012	0.00E+00	2.20E+01	3.51E+01	2.40E+01	8.13E+00
Sample1013	1.38E+01	1.53E+01	2.27E+01	1.61E+01	1.03E+01
Sample1014	1.73E+01	2.83E+01	2.23E+01	2.14E+01	9.57E+00
Sample1015	1.74E+01	1.45E+01	2.80E+01	1.57E+01	1.09E+01
Sample1016	2.40E+01	2.10E+01	2.40E+01	1.58E+01	1.71E+01
Sample1017	2.49E+01	1.79E+01	3.97E+01	5.94E+01	2.80E+01
Sample1018	3.32E+01	1.34E+01	1.70E+01	3.13E+01	8.08E+00
Sample1019	1.58E+01	2.01E+01	1.83E+01	1.39E+01	8.97E+00
Sample1020	9.66E+00	1.24E+01	1.23E+01	1.58E+01	5.77E+00
Sample1021	1.91E+01	1.67E+01	2.73E+01	6.04E+01	2.55E+01
Sample1022	2.59E+01	1.16E+01	2.45E+01	1.49E+01	1.04E+01
Sample1023	2.09E+01	2.62E+01	2.58E+01	4.85E+01	3.02E+00
Sample1024	2.44E+01	1.71E+01	2.23E+01	6.26E+01	2.43E+01
Sample1025	2.64E+01	2.62E+01	2.64E+01	2.00E+01	1.14E+01
Sample1026	1.88E+01	3.60E+01	2.64E+01	4.88E+01	2.33E+01
Sample1027	1.64E+01	1.60E+01	1.11E+01	2.08E+01	1.14E+01
Sample1028	2.58E+01	2.25E+01	1.54E+01	3.19E+01	1.77E+01
Sample1029	3.13E+01	2.28E+01	2.61E+01	3.06E+01	1.24E+01
Sample1030	1.70E+01	2.31E+01	2.20E+01	1.83E+01	9.95E+00
Sample1031	2.93E+01	2.15E+01	2.30E+01	5.45E+01	9.25E+00
Sample1032	1.62E+01	1.81E+01	2.26E+01	2.68E+01	1.34E+01
Sample1033	3.14E+01	1.79E+01	2.54E+01	4.43E+01	2.16E+01
Sample1034	1.93E+01	2.27E+01	2.78E+01	2.57E+01	1.17E+01
Sample1035	1.60E+01	2.01E+01	1.00E+01	2.86E+01	1.25E+01
Sample1036	3.03E+01	2.94E+01	1.58E+01	2.74E+01	6.96E+00
Sample1037	4.40E+01	3.17E+01	2.40E+01	4.73E+01	9.98E+00
Sample1038	2.54E+01	2.32E+01	3.46E+01	5.20E+01	1.85E+01
Sample1039	2.26E+01	3.05E+01	2.42E+01	3.51E+01	1.03E+01
Sample1040	3.00E+01	2.11E+01	2.75E+01	1.87E+01	1.39E+01
Sample1041	1.16E+01	2.50E+01	3.51E+01	2.72E+01	1.71E+01
Sample1042	2.48E+01	1.85E+01	2.41E+01	8.26E+00	1.02E+01
Sample1043	1.53E+01	1.13E+01	3.62E+01	5.21E+01	6.27E+00
Sample1044	1.37E+01	1.37E+01	1.98E+01	2.58E+01	1.16E+01
Sample1045	2.23E+01	1.45E+01	8.10E+00	2.25E+01	1.04E+01
Sample1046	1.52E+01	3.98E+01	2.31E+01	3.71E+01	1.87E+01
Sample1047	1.70E+01	1.18E+01	1.63E+01	2.30E+01	1.15E+01
Sample1048	2.10E+01	1.76E+01	1.30E+01	2.41E+01	9.26E+00
Sample1049	1.86E+01	1.85E+01	2.38E+01	2.23E+01	1.10E+01
Sample1050	1.47E+01	1.50E+01	1.44E+01	1.59E+01	9.75E+00
Sample1051	4.04E+01	2.50E+01	3.03E+01	5.56E+01	2.06E+01
Sample1052	4.68E+01	2.58E+01	2.10E+01	5.28E+01	4.75E+00
Sample1053	1.52E+01	1.53E+01	2.11E+01	1.92E+01	8.52E+00
Sample1054	3.17E+01	1.80E+01	2.52E+01	2.04E+01	1.60E+01
Sample1055	3.65E+01	2.92E+01	1.63E+01	5.56E+01	1.14E+01
Sample1056	1.31E+01	2.10E+01	9.29E+00	1.58E+01	8.73E+00
Sample1057	1.08E+01	8.63E+00	2.21E+01	1.50E+01	1.16E+01
Sample1058	1.73E+01	1.22E+01	6.43E+00	2.00E+01	9.25E+00
Sample1059	1.96E+01	1.82E+01	1.03E+01	4.82E+01	2.13E+01
Sample1060	3.01E+01	1.53E+01	2.45E+01	5.09E+01	1.67E+01
Sample1061	3.00E+01	2.35E+01	1.64E+01	5.38E+01	2.15E+01
Sample1062	2.66E+01	1.99E+01	3.03E+01	2.43E+01	1.32E+01
Sample1063	3.00E+01	1.66E+01	2.10E+01	3.98E+01	8.25E+00
Sample1064	1.37E+01	1.16E+01	1.56E+01	1.74E+01	1.18E+01
Sample1065	2.58E+01	1.25E+01	2.06E+01	1.65E+01	1.30E+01
Sample1066	3.61E+01	2.36E+01	2.00E+01	3.50E+01	6.58E+00
Sample1067	1.56E+01	1.70E+01	1.05E+01	2.05E+01	9.67E+00
Sample1068	7.98E+00	1.04E+01	2.32E+01	1.24E+01	6.73E+00
Sample1069	2.42E+01	1.91E+01	2.47E+01	5.28E+01	7.96E+00
Sample1070	3.11E+01	2.14E+01	1.39E+01	3.00E+01	8.36E+00
Sample1071	3.15E+01	1.90E+01	2.00E+01	2.81E+01	9.33E+00
Sample1072	2.05E+01	2.21E+01	1.96E+01	1.54E+01	9.93E+00
Sample1073	3.16E+01	2.86E+01	1.77E+01	4.00E+01	1.19E+01
Sample1074	1.65E+01	2.03E+01	2.81E+01	1.89E+01	9.29E+00
Sample1075	2.52E+01	1.46E+01	1.59E+01	1.57E+01	1.20E+01
Sample1076	1.68E+01	1.00E+01	1.32E+01	1.08E+01	7.53E+00
Sample1077	2.87E+01	1.61E+01	2.52E+01	1.90E+01	1.10E+01
Sample1078	1.58E+01	1.64E+01	2.49E+01	1.82E+01	1.34E+01
Sample1079	1.28E+01	3.66E+01	3.09E+01	3.36E+01	1.42E+01
Sample1080	3.80E+01	2.82E+01	2.90E+01	3.49E+01	6.54E+00
Sample1081	1.54E+01	8.39E+00	1.89E+01	2.67E+01	8.86E+00
Sample1082	9.07E+00	1.08E+01	1.16E+01	1.51E+01	1.02E+01
Sample1083	2.03E+01	2.10E+01	1.83E+01	2.13E+01	1.38E+01
Sample1084	2.31E+01	1.49E+01	2.54E+01	2.13E+01	8.14E+00
Sample1085	1.54E+01	1.43E+01	2.33E+01	1.30E+01	9.39E+00
Sample1086	1.90E+01	1.65E+01	1.18E+01	1.18E+01	1.17E+01
Sample1087	1.78E+01	1.78E+01	1.75E+01	2.98E+01	7.49E+00
Sample1088	2.25E+01	2.75E+01	2.96E+01	4.73E+01	2.32E+01
Sample1089	2.13E+01	1.59E+01	1.79E+01	1.96E+01	6.79E+00
Sample1090	2.11E+01	3.09E+01	2.69E+01	3.44E+01	9.29E+00
Sample1091	2.83E+01	1.41E+01	2.07E+01	1.37E+01	1.13E+01
Sample1092	1.85E+01	1.95E+01	1.25E+01	1.49E+01	1.36E+01
Sample1093	9.54E+00	2.37E+01	2.85E+01	1.54E+01	6.18E+00
Sample1094	1.60E+01	1.33E+01	1.29E+01	1.79E+01	8.95E+00
Sample1095	1.94E+01	1.68E+01	2.11E+01	4.44E+01	3.16E+01
Sample1096	1.80E+01	2.68E+01	2.24E+01	3.07E+01	8.82E+00
Sample1097	1.55E+01	1.54E+01	2.57E+01	3.46E+01	8.89E+00
Sample1098	1.63E+01	2.00E+01	2.46E+01	1.62E+01	1.08E+01
Sample1099	2.73E+01	1.80E+01	1.62E+01	2.74E+01	1.30E+01
Sample1100	3.92E+01	1.68E+01	2.64E+01	6.75E+01	2.24E+01
Sample1101	1.05E+01	2.00E+01	2.66E+01	1.43E+01	1.41E+01
Sample1102	2.60E+01	2.41E+01	2.88E+01	6.28E+01	2.24E+01
Sample1103	2.47E+01	2.67E+01	3.22E+01	6.02E+01	2.32E+01
Sample1104	2.13E+01	9.66E+00	1.22E+01	3.39E+01	1.31E+01
Sample1105	2.30E+01	2.21E+01	1.94E+01	1.70E+01	1.62E+01
Sample1106	2.57E+01	1.93E+01	1.60E+01	4.42E+01	1.09E+01
Sample1107	2.60E+01	2.62E+01	2.00E+01	3.04E+01	6.94E+00
Sample1108	1.51E+01	1.01E+01	2.10E+01	1.95E+01	1.47E+01
Sample1109	2.09E+01	2.02E+01	8.00E+00	2.88E+01	8.05E+00
Sample1110	5.75E+00	2.18E+01	1.39E+01	1.32E+01	9.87E+00
Sample1111	2.86E+01	1.79E+01	2.15E+01	2.47E+01	1.15E+01
Sample1112	2.00E+01	1.40E+01	9.70E+00	1.72E+01	5.84E+00
Sample1113	2.79E+01	3.00E+01	2.30E+01	4.92E+01	1.96E+01
Sample1114	1.79E+01	1.62E+01	1.94E+01	1.80E+01	1.10E+01
Sample1115	1.51E+01	1.95E+01	2.59E+01	2.91E+01	6.50E+00
Sample1116	1.51E+01	2.39E+01	2.77E+01	2.57E+01	1.56E+01
Sample1117	8.25E+00	1.90E+01	1.52E+01	1.53E+01	1.03E+01
Sample1118	1.03E+01	2.23E+01	2.45E+01	1.40E+01	9.04E+00
Sample1119	2.35E+01	1.74E+01	2.17E+01	3.41E+01	9.29E+00
Sample1120	1.80E+01	8.34E+00	1.17E+01	1.98E+01	5.82E+00
Sample1121	1.27E+01	1.99E+01	1.66E+01	2.53E+01	2.28E+01
Sample1122	2.75E+01	1.84E+01	1.72E+01	3.07E+01	1.15E+01
Sample1123	1.59E+01	2.59E+01	1.96E+01	3.03E+01	1.13E+01
Sample1124	1.71E+01	2.02E+01	2.71E+01	1.53E+01	1.78E+01
Sample1125	2.15E+01	1.40E+01	1.96E+01	1.80E+01	1.19E+01
Sample1126	2.01E+01	2.68E+01	2.05E+01	2.06E+01	6.04E+00
Sample1127	2.79E+01	2.94E+01	2.77E+01	3.86E+01	9.02E+00
Sample1128	1.59E+01	2.04E+01	1.64E+01	1.77E+01	1.16E+01
Sample1129	3.44E+01	2.56E+01	1.72E+01	4.46E+01	1.26E+01
Sample1130	1.38E+01	1.66E+01	2.63E+01	5.14E+01	2.34E+01
Sample1131	1.08E+01	3.01E+01	2.10E+01	1.74E+01	5.96E+00
Sample1132	2.74E+01	2.34E+01	2.10E+01	6.07E+01	2.74E+01
Sample1133	2.65E+01	1.57E+01	1.30E+01	1.83E+01	7.45E+00
Sample1134	3.82E+01	2.22E+01	2.28E+01	4.27E+01	7.36E+00
Sample1135	2.34E+01	2.21E+01	3.61E+01	5.39E+01	2.90E+01
Sample1136	2.64E+01	3.28E+01	1.42E+01	4.37E+01	1.24E+01
Sample1137	2.04E+01	1.39E+01	1.80E+01	1.56E+01	1.26E+01
Sample1138	1.37E+01	1.89E+01	2.62E+01	1.53E+01	9.46E+00
Sample1139	1.48E+01	1.01E+01	2.58E+01	3.35E+01	1.52E+01
Sample1140	3.22E+01	4.25E+01	2.63E+01	5.27E+01	7.22E+00
Sample1141	2.27E+01	2.60E+01	2.81E+01	5.41E+01	8.18E+00
Sample1142	1.23E+01	2.07E+01	3.79E+01	4.98E+01	8.66E+00
Sample1143	3.55E+01	2.98E+01	1.17E+01	4.47E+01	1.05E+01
Sample1144	2.58E+01	2.70E+01	1.51E+01	4.72E+01	1.24E+01
Sample1145	3.11E+01	2.26E+01	2.74E+01	7.33E+01	2.68E+01
Sample1146	2.99E+01	2.30E+01	2.63E+01	1.65E+01	1.62E+01
Sample1147	4.30E+01	3.26E+01	1.69E+01	5.18E+01	4.85E+00
Sample1148	1.61E+01	1.71E+01	1.60E+01	8.71E+00	1.03E+01
Sample1149	1.75E+01	2.27E+01	2.17E+01	3.35E+01	9.83E+00
Sample1150	1.24E+01	1.49E+01	1.16E+01	1.51E+01	9.10E+00
Sample1151	2.29E+01	2.61E+01	3.00E+01	1.98E+01	6.79E+00
Sample1152	1.69E+01	2.03E+01	2.91E+01	3.98E+01	1.63E+01
Sample1153	1.75E+01	2.11E+01	2.93E+01	5.11E+01	4.38E+00
Sample1154	3.27E+01	2.48E+01	2.00E+01	4.60E+01	1.13E+01
Sample1155	1.88E+01	2.05E+01	2.28E+01	4.42E+01	1.18E+01
Sample1156	2.61E+01	1.47E+01	1.08E+01	2.19E+01	1.30E+01
Sample1157	1.36E+01	1.28E+01	1.60E+01	1.59E+01	8.56E+00
Sample1158	1.13E+01	1.96E+01	9.15E+00	1.53E+01	9.91E+00
Sample1159	3.90E+01	2.33E+01	2.62E+01	3.52E+01	4.17E+00
Sample1160	2.06E+01	1.16E+01	1.66E+01	3.95E+01	1.56E+01
Sample1161	1.38E+01	1.34E+01	1.97E+01	2.45E+01	6.61E+00
Sample1162	1.72E+01	1.51E+01	2.19E+01	2.33E+01	1.27E+01
Sample1163	1.52E+01	1.00E+01	1.31E+01	2.47E+01	1.53E+01
Sample1164	1.11E+01	1.67E+01	2.01E+01	1.42E+01	9.18E+00
Sample1165	3.21E+01	2.72E+01	1.38E+01	4.48E+01	7.34E+00
Sample1166	1.31E+01	1.39E+01	2.50E+01	2.17E+01	1.21E+01
Sample1167	1.82E+01	1.95E+01	2.48E+01	5.92E+01	2.18E+01
Sample1168	1.08E+01	2.52E+01	1.72E+01	2.79E+01	1.02E+01
Sample1169	2.07E+01	2.42E+01	2.04E+01	3.10E+01	1.66E+01
Sample1170	3.18E+01	1.46E+01	2.28E+01	2.39E+01	8.29E+00
Sample1171	3.93E+01	1.78E+01	2.12E+01	3.56E+01	9.33E+00
Sample1172	1.46E+01	2.01E+01	2.86E+01	1.90E+01	1.44E+01
Sample1173	1.48E+01	1.41E+01	2.29E+01	1.17E+01	7.34E+00
Sample1174	9.06E+00	1.21E+01	1.52E+01	9.70E+00	8.00E+00
Sample1175	1.71E+01	1.19E+01	1.99E+01	1.37E+01	1.26E+01
Sample1176	2.47E+01	1.99E+01	2.63E+01	2.05E+01	9.02E+00
Sample1177	1.33E+01	1.56E+01	2.71E+01	1.48E+01	5.38E+00
Sample1178	2.86E+01	2.59E+01	1.97E+01	3.18E+01	1.26E+01
Sample1179	2.04E+01	1.68E+01	1.92E+01	2.74E+01	9.05E+00
Sample1180	1.91E+01	1.45E+01	1.67E+01	1.58E+01	9.25E+00
Sample1181	2.36E+01	1.67E+01	1.97E+01	1.57E+01	1.06E+01
Sample1182	2.86E+01	3.44E+01	9.60E+00	3.31E+01	1.52E+01
Sample1183	1.91E+01	2.40E+01	2.33E+01	1.73E+01	1.79E+01
Sample1184	2.22E+01	2.02E+01	1.61E+01	2.77E+01	1.45E+01
Sample1185	1.09E+01	2.27E+01	2.38E+01	1.56E+01	9.22E+00
Sample1186	1.57E+01	1.55E+01	2.06E+01	1.94E+01	1.00E+01
Sample1187	1.32E+01	2.44E+01	1.52E+01	2.03E+01	8.20E+00
Sample1188	2.74E+01	1.27E+01	1.63E+01	2.45E+01	9.88E+00
Sample1189	2.30E+01	1.53E+01	7.01E+00	2.56E+01	1.90E+01
Sample1190	1.42E+01	2.24E+01	1.58E+01	1.29E+01	1.33E+01
Sample1191	1.59E+01	2.38E+01	2.16E+01	2.36E+01	7.33E+00
Sample1192	3.29E+01	2.46E+01	1.25E+01	2.97E+01	5.87E+00
Sample1193	2.69E+01	2.82E+01	2.79E+01	3.33E+01	1.26E+01
Sample1194	3.13E+01	2.50E+01	2.00E+01	3.84E+01	8.95E+00
Sample1195	1.12E+01	2.46E+01	1.53E+01	2.62E+01	7.64E+00
Sample1196	2.05E+01	2.41E+01	1.54E+01	3.03E+01	2.03E+01
Sample1197	2.48E+01	2.87E+01	1.74E+01	5.85E+01	2.19E+01
Sample1198	2.51E+01	1.66E+01	1.54E+01	1.72E+01	1.00E+01
Sample1199	1.54E+01	1.64E+01	2.29E+01	2.30E+01	7.54E+00
Sample1200	2.53E+01	1.48E+01	1.35E+01	1.60E+01	1.46E+01
Sample1201	2.97E+01	2.68E+01	1.73E+01	1.89E+01	1.05E+01
Sample1202	1.00E+01	1.35E+01	2.77E+01	2.04E+01	1.45E+01
Sample1203	1.26E+01	1.05E+01	1.07E+01	1.56E+01	1.07E+01
Sample1204	1.44E+01	8.30E+00	1.07E+01	9.46E+00	7.30E+00
Sample1205	3.72E+01	2.55E+01	2.26E+01	5.26E+01	1.36E+01
Sample1206	1.84E+01	2.00E+01	2.94E+01	1.27E+01	1.16E+01
Sample1207	1.42E+01	1.70E+01	1.92E+01	1.53E+01	7.70E+00
Sample1208	9.28E+00	2.34E+01	3.04E+01	4.18E+01	5.66E+00
Sample1209	1.88E+01	1.73E+01	1.91E+01	9.41E+00	7.99E+00
Sample1210	1.28E+01	1.76E+01	2.31E+01	1.66E+01	8.47E+00
Sample1211	1.84E+01	2.09E+01	1.85E+01	2.75E+01	9.65E+00
Sample1212	1.91E+01	1.03E+01	1.79E+01	1.57E+01	8.65E+00
Sample1213	1.80E+01	1.81E+01	1.70E+01	1.78E+01	1.30E+01
Sample1214	3.02E+01	2.60E+01	2.34E+01	2.81E+01	1.13E+01
Sample1215	1.49E+01	1.55E+01	1.64E+01	2.00E+01	9.03E+00
Sample1216	2.00E+01	1.65E+01	1.62E+01	1.69E+01	8.33E+00
Sample1217	1.74E+01	1.91E+01	1.39E+01	1.48E+01	1.17E+01
Sample1218	2.50E+01	1.27E+01	2.67E+01	6.05E+01	2.90E+01
Sample1219	3.97E+01	3.02E+01	3.05E+01	3.58E+01	7.72E+00
Sample1220	1.67E+01	3.27E+01	2.89E+01	1.63E+01	7.15E+00
Sample1221	3.72E+01	2.59E+01	1.43E+01	5.81E+01	8.92E+00
Sample1222	1.34E+01	1.87E+01	2.31E+01	2.52E+01	8.33E+00
Sample1223	1.49E+01	1.42E+01	1.64E+01	2.17E+01	1.20E+01
Sample1224	1.51E+01	2.70E+01	1.90E+01	2.64E+01	9.13E+00
Sample1225	3.10E+01	1.76E+01	2.25E+01	3.01E+01	1.09E+01
Sample1226	3.14E+01	1.96E+01	3.57E+01	1.12E+01	9.41E+00
Sample1227	1.72E+01	1.25E+01	1.53E+01	1.89E+01	6.96E+00
Sample1228	1.80E+01	2.23E+01	2.87E+01	2.49E+01	9.51E+00
Sample1229	1.89E+01	2.37E+01	1.35E+01	1.91E+01	7.47E+00
Sample1230	2.13E+01	1.63E+01	1.64E+01	4.38E+01	1.44E+01
Sample1231	2.95E+01	2.53E+01	2.14E+01	3.47E+01	1.13E+01
Sample1232	1.95E+01	1.85E+01	2.02E+01	2.39E+01	1.24E+01
Sample1233	1.57E+01	1.63E+01	2.73E+01	2.16E+01	1.35E+01
Sample1234	1.38E+01	2.62E+01	2.70E+01	1.02E+01	6.76E+00
Sample1235	3.65E+01	2.61E+01	1.30E+01	3.75E+01	1.81E+01
Sample1236	2.17E+01	1.84E+01	1.67E+01	1.26E+01	1.08E+01
Sample1237	1.77E+01	2.16E+01	2.21E+01	1.46E+01	6.44E+00
Sample1238	2.27E+01	2.95E+01	2.12E+01	3.67E+01	1.44E+01
Sample1239	1.72E+01	1.81E+01	3.12E+01	1.64E+01	7.49E+00
Sample1240	3.80E+01	3.25E+01	3.01E+01	4.16E+01	1.48E+01
Sample1241	2.20E+01	2.38E+01	1.47E+01	4.73E+01	1.65E+01
Sample1242	1.43E+01	2.31E+01	2.22E+01	1.50E+01	6.83E+00
Sample1243	3.28E+01	2.18E+01	2.21E+01	2.89E+01	6.27E+00
Sample1244	1.29E+01	1.70E+01	3.11E+01	2.65E+01	1.20E+01
Sample1245	3.53E+01	1.92E+01	1.95E+01	2.15E+01	5.43E+00
Sample1246	1.78E+01	2.02E+01	1.68E+01	1.83E+01	1.73E+01
Sample1247	1.89E+01	9.95E+00	1.88E+01	1.21E+01	1.22E+01
Sample1248	3.72E+01	2.80E+01	2.80E+01	4.70E+01	1.36E+01
Sample1249	1.51E+01	1.91E+01	1.23E+01	1.68E+01	1.77E+01
Sample1250	3.76E+01	3.37E+01	1.31E+01	4.13E+01	1.13E+01
Sample1251	1.56E+01	2.13E+01	2.41E+01	6.79E+00	1.04E+01
Sample1252	1.40E+01	2.28E+01	2.17E+01	3.74E+01	1.28E+01
Sample1253	2.58E+01	2.41E+01	1.77E+01	3.07E+01	8.12E+00
Sample1254	1.97E+01	1.77E+01	1.82E+01	1.50E+01	4.06E+00
Sample1255	7.42E+00	1.85E+01	1.31E+01	1.91E+01	4.27E+00
Sample1256	1.38E+01	1.77E+01	2.06E+01	2.21E+01	8.86E+00
Sample1257	1.43E+01	1.32E+01	2.12E+01	2.16E+01	1.35E+01
Sample1258	2.61E+01	1.83E+01	1.68E+01	2.68E+01	8.94E+00
Sample1259	2.44E+01	1.77E+01	1.78E+01	1.21E+01	8.86E+00
Sample1260	2.98E+01	2.79E+01	1.27E+01	3.58E+01	1.37E+01
Sample1261	3.14E+01	1.61E+01	2.10E+01	6.44E+01	2.16E+01
Sample1262	1.78E+01	2.02E+01	1.56E+01	2.02E+01	9.95E+00
Sample1263	1.10E+01	1.62E+01	2.95E+01	2.76E+01	1.06E+01
Sample1264	1.51E+01	2.29E+01	1.85E+01	2.31E+01	1.07E+01
Sample1265	2.13E+01	1.85E+01	1.40E+01	2.24E+01	1.31E+01
Sample1266	4.13E+01	2.87E+01	2.67E+01	3.48E+01	8.54E+00
Sample1267	3.51E+01	1.86E+01	2.70E+01	3.04E+01	8.09E+00
Sample1268	1.13E+01	1.82E+01	1.75E+01	1.01E+01	1.25E+01
Sample1269	1.17E+01	1.65E+01	1.55E+01	1.68E+01	7.51E+00
Sample1270	3.76E+01	1.81E+01	2.05E+01	2.85E+01	9.83E+00
Sample1271	1.81E+01	9.53E+00	1.41E+01	1.99E+01	1.09E+01
Sample1272	2.10E+01	1.52E+01	3.14E+01	2.83E+01	1.07E+01
Sample1273	1.90E+01	1.64E+01	1.86E+01	2.31E+01	1.14E+01
Sample1274	1.60E+01	1.60E+01	1.83E+01	2.26E+01	1.02E+01
Sample1275	3.56E+01	2.27E+01	1.55E+01	4.16E+01	9.34E+00
Sample1276	3.21E+01	2.21E+01	2.89E+01	7.17E+01	2.56E+01
Sample1277	9.99E+00	2.74E+01	2.56E+01	4.02E+01	3.38E+00
Sample1278	4.03E+01	1.87E+01	1.99E+01	3.89E+01	1.16E+01
Sample1279	1.60E+01	1.81E+01	3.27E+01	2.77E+01	1.07E+01
Sample1280	2.23E+01	1.53E+01	2.42E+01	3.76E+01	1.20E+01
Sample1281	1.39E+01	1.34E+01	2.10E+01	4.57E+01	2.20E+01
Sample1282	1.95E+01	2.25E+01	2.40E+01	1.95E+01	7.08E+00
Sample1283	2.12E+01	3.13E+01	1.71E+01	2.72E+01	1.69E+01
Sample1284	1.34E+01	1.88E+01	2.09E+01	1.72E+01	7.30E+00
Sample1285	2.79E+01	2.67E+01	2.23E+01	4.22E+01	1.73E+01
Sample1286	2.57E+01	2.35E+01	1.52E+01	4.07E+01	7.22E+00
Sample1287	1.95E+01	2.53E+01	3.36E+01	3.01E+01	8.82E+00
Sample1288	3.79E+01	2.08E+01	2.21E+01	3.96E+01	5.34E+00
Sample1289	2.50E+01	1.52E+01	1.79E+01	1.63E+01	9.16E+00
Sample1290	2.28E+01	1.75E+01	2.57E+01	1.21E+01	9.38E+00
Sample1291	2.33E+01	2.21E+01	1.54E+01	3.58E+01	1.41E+01
Sample1292	1.93E+01	1.45E+01	2.17E+01	1.64E+01	8.90E+00
Sample1293	2.51E+01	2.26E+01	2.45E+01	2.78E+01	1.61E+01
Sample1294	1.33E+01	1.94E+01	1.92E+01	1.24E+01	1.25E+01
Sample1295	3.00E+01	4.09E+01	2.19E+01	4.08E+01	1.12E+01
Sample1296	1.65E+01	1.21E+01	2.26E+01	3.37E+01	1.75E+01
Sample1297	2.10E+01	1.03E+01	2.41E+01	5.04E+01	2.34E+01
Sample1298	3.48E+01	3.87E+01	2.03E+01	5.85E+01	1.02E+01
Sample1299	2.84E+01	2.76E+01	1.61E+01	2.34E+01	1.77E+01
Sample1300	1.24E+01	1.24E+01	9.53E+00	2.34E+01	6.24E+00
Sample1301	2.28E+01	2.47E+01	2.68E+01	1.56E+01	1.32E+01
Sample1302	1.29E+01	2.18E+01	1.21E+01	2.36E+01	1.11E+01
Sample1303	2.63E+01	4.02E+01	1.97E+01	5.66E+01	2.47E+01
Sample1304	1.41E+01	2.50E+01	3.15E+01	2.01E+01	1.20E+01
Sample1305	1.88E+01	2.16E+01	2.15E+01	3.19E+01	1.39E+01
Sample1306	3.24E+01	2.01E+01	1.34E+01	2.68E+01	6.97E+00
Sample1307	2.56E+01	1.91E+01	2.32E+01	1.72E+01	8.85E+00
Sample1308	2.85E+01	2.58E+01	2.28E+01	2.38E+01	1.03E+01
Sample1309	1.80E+01	2.06E+01	2.05E+01	1.87E+01	1.17E+01
Sample1310	4.89E+00	3.39E+01	2.16E+01	2.93E+01	1.66E+01
Sample1311	2.75E+01	3.46E+01	2.45E+01	3.81E+01	7.11E+00
Sample1312	3.06E+01	1.81E+01	9.54E+00	4.11E+01	1.20E+01
Sample1313	2.66E+01	8.10E+00	1.62E+01	1.61E+01	1.36E+01
Sample1314	1.40E+01	1.95E+01	2.21E+01	1.79E+01	5.73E+00
Sample1315	2.80E+01	2.10E+01	2.91E+01	6.01E+01	1.08E+01
Sample1316	1.85E+01	1.90E+01	2.71E+01	4.81E+01	4.28E+00
Sample1317	2.17E+01	1.87E+01	2.50E+01	2.41E+01	1.55E+01
Sample1318	1.16E+01	1.82E+01	1.93E+01	1.34E+01	7.86E+00
Sample1319	1.54E+01	2.61E+01	3.74E+01	4.61E+01	7.54E+00
Sample1320	1.54E+01	2.12E+01	3.05E+01	3.62E+01	7.29E+00
Sample1321	3.33E+01	2.52E+01	1.23E+01	3.47E+01	1.30E+01
Sample1322	2.70E+01	1.05E+01	2.18E+01	4.56E+01	2.14E+01
Sample1323	2.41E+01	1.73E+01	3.37E+01	6.29E+01	1.92E+01
Sample1324	2.80E+01	3.33E+01	2.26E+01	3.98E+01	1.06E+01
Sample1325	1.11E+01	1.80E+01	1.89E+01	1.95E+01	1.01E+01
Sample1326	2.52E+01	1.60E+01	1.17E+01	2.02E+01	1.19E+01
Sample1327	3.71E+01	2.55E+01	1.37E+01	3.98E+01	1.23E+01
Sample1328	3.42E+01	2.27E+01	2.53E+01	3.92E+01	4.84E+00
Sample1329	2.25E+01	1.32E+01	2.55E+01	1.02E+01	6.52E+00
Sample1330	1.33E+01	1.63E+01	2.18E+01	1.78E+01	7.74E+00
Sample1331	4.27E+01	3.01E+01	2.19E+01	4.14E+01	8.43E+00
Sample1332	2.78E+01	2.28E+01	2.91E+01	6.17E+01	2.13E+01
Sample1333	2.28E+01	1.84E+01	1.51E+01	1.14E+01	9.89E+00
Sample1334	1.47E+01	1.54E+01	1.36E+01	3.50E+01	2.44E+01
Sample1335	4.46E+01	3.06E+01	1.61E+01	4.49E+01	6.46E+00
Sample1336	2.36E+01	1.99E+01	1.07E+01	2.13E+01	9.45E+00
Sample1337	2.40E+01	1.22E+01	2.58E+01	2.05E+01	6.08E+00
Sample1338	4.09E+01	2.43E+01	2.39E+01	3.91E+01	8.57E+00
Sample1339	1.64E+01	1.52E+01	2.28E+01	3.03E+01	1.05E+01
Sample1340	4.24E+01	2.91E+01	2.55E+01	3.27E+01	7.21E+00
Sample1341	3.21E+01	2.37E+01	1.99E+01	1.14E+01	7.15E+00
Sample1342	2.19E+01	2.28E+01	2.38E+01	3.97E+01	1.48E+01
Sample1343	1.42E+01	1.85E+01	2.76E+01	2.10E+01	7.19E+00
Sample1344	8.47E+00	2.37E+01	1.38E+01	2.70E+01	1.31E+01
Sample1345	1.36E+01	1.84E+01	1.98E+01	2.86E+01	1.30E+01
Sample1346	1.50E+01	2.50E+01	2.15E+01	1.23E+01	9.42E+00
Sample1347	1.46E+01	1.45E+01	2.35E+01	8.34E+00	6.80E+00
Sample1348	1.11E+01	1.90E+01	1.90E+01	2.12E+01	8.79E+00
Sample1349	3.09E+01	2.84E+01	2.21E+01	2.27E+01	1.23E+01
Sample1350	1.94E+01	2.77E+01	2.46E+01	4.46E+01	1.30E+01
Sample1351	2.92E+01	2.46E+01	1.80E+01	3.42E+01	1.41E+01
Sample1352	1.46E+01	7.81E+00	2.33E+01	2.46E+01	5.01E+00
Sample1353	2.68E+01	1.38E+01	2.95E+01	6.97E+01	2.68E+01
Sample1354	3.39E+01	2.61E+01	1.09E+01	4.08E+01	9.33E+00
Sample1355	3.21E+01	2.13E+01	1.44E+01	5.01E+01	1.49E+01
Sample1356	1.70E+01	1.99E+01	3.13E+01	1.65E+01	7.75E+00
Sample1357	1.07E+01	1.53E+01	1.43E+01	2.21E+01	1.43E+01
Sample1358	2.20E+01	2.48E+01	4.72E+01	5.58E+01	2.50E+01
Sample1359	1.94E+01	1.13E+01	2.39E+01	1.30E+01	6.11E+00
Sample1360	1.03E+01	1.52E+01	2.30E+01	9.73E+00	8.07E+00
Sample1361	2.98E+01	2.43E+01	1.35E+01	3.92E+01	7.89E+00
Sample1362	3.55E+01	3.58E+01	1.92E+01	2.42E+01	5.85E+00
Sample1363	3.32E+01	2.68E+01	1.95E+01	4.05E+01	9.35E+00
Sample1364	1.60E+01	1.55E+01	2.22E+01	2.36E+01	1.42E+01
Sample1365	1.65E+01	2.14E+01	2.68E+01	3.32E+01	1.49E+01
Sample1366	3.15E+01	1.07E+01	1.91E+01	2.51E+01	1.26E+01
Sample1367	1.07E+01	1.48E+01	1.27E+01	2.86E+01	1.51E+01
Sample1368	1.95E+01	2.05E+01	2.73E+01	2.15E+01	7.05E+00
Sample1369	2.14E+01	2.19E+01	1.75E+01	3.03E+01	1.26E+01
Sample1370	1.67E+01	1.02E+01	1.66E+01	1.27E+01	1.25E+01
Sample1371	1.78E+01	1.72E+01	1.42E+01	1.42E+01	1.17E+01
Sample1372	2.56E+01	3.58E+01	2.34E+01	4.98E+01	1.40E+01
Sample1373	4.72E+01	2.98E+01	2.25E+01	3.82E+01	5.90E+00
Sample1374	1.61E+01	1.70E+01	1.36E+01	2.27E+01	1.23E+01
Sample1375	2.41E+01	2.03E+01	1.53E+01	3.54E+01	1.05E+01
Sample1376	1.44E+01	1.18E+01	1.20E+01	1.78E+01	1.46E+01
Sample1377	2.42E+01	1.74E+01	2.14E+01	2.05E+01	6.91E+00
Sample1378	1.26E+01	1.88E+01	1.50E+01	1.46E+01	7.49E+00
Sample1379	2.07E+01	1.34E+01	2.58E+01	1.73E+01	8.66E+00
Sample1380	1.37E+01	3.79E+01	2.51E+01	3.67E+01	1.86E+01
Sample1381	1.92E+01	2.15E+01	1.99E+01	1.88E+01	1.13E+01
Sample1382	1.39E+01	3.05E+01	2.21E+01	3.13E+01	1.52E+01
Sample1383	1.89E+01	1.17E+01	2.01E+01	2.32E+01	1.14E+01
Sample1384	2.05E+01	2.16E+01	1.99E+01	1.96E+01	9.27E+00
Sample1385	2.65E+01	2.95E+01	2.90E+01	4.29E+01	1.02E+01
Sample1386	1.74E+01	2.06E+01	1.26E+01	1.75E+01	1.38E+01
Sample1387	1.61E+01	1.37E+01	2.01E+01	8.56E+00	8.48E+00
Sample1388	2.80E+01	1.78E+01	1.85E+01	2.11E+01	1.14E+01
Sample1389	1.33E+01	1.90E+01	2.57E+01	2.05E+01	1.14E+01
Sample1390	3.08E+01	2.65E+01	2.15E+01	2.79E+01	8.53E+00
Sample1391	4.69E+01	3.12E+01	1.76E+01	6.30E+01	1.40E+01
Sample1392	2.61E+01	1.89E+01	2.24E+01	3.69E+01	1.89E+01
Sample1393	1.85E+01	1.80E+01	1.90E+01	2.34E+01	1.41E+01
Sample1394	1.60E+01	2.39E+01	2.64E+01	2.02E+01	8.28E+00
Sample1395	2.37E+01	1.94E+01	1.38E+01	1.03E+01	9.72E+00
Sample1396	2.88E+01	1.98E+01	2.09E+01	1.83E+01	5.97E+00
Sample1397	2.20E+01	1.87E+01	1.88E+01	1.63E+01	1.29E+01
Sample1398	1.92E+01	1.45E+01	2.30E+01	1.57E+01	1.18E+01
Sample1399	1.54E+01	1.21E+01	1.83E+01	1.60E+01	1.12E+01
Sample1400	1.14E+01	2.49E+01	2.53E+01	3.09E+01	1.34E+01
Sample1401	1.27E+01	2.68E+01	1.89E+01	2.36E+01	1.04E+01
Sample1402	1.58E+01	3.21E+01	2.14E+01	1.98E+01	1.48E+01
Sample1403	3.60E+01	2.34E+01	2.34E+01	3.69E+01	9.91E+00
Sample1404	1.91E+01	2.01E+01	1.67E+01	1.93E+01	1.99E+01
Sample1405	1.52E+01	1.41E+01	1.59E+01	1.24E+01	1.14E+01
Sample1406	2.79E+01	2.62E+01	2.62E+00	1.43E+01	1.35E+01
Sample1407	1.44E+01	2.18E+01	1.94E+01	1.68E+01	6.76E+00
Sample1408	2.51E+01	2.43E+01	2.24E+01	3.37E+01	9.38E+00
Sample1409	1.35E+01	2.38E+01	1.02E+01	2.89E+01	1.04E+01
Sample1410	1.29E+01	1.18E+01	1.83E+01	1.57E+01	1.04E+01
Sample1411	6.06E+00	1.58E+01	2.31E+01	3.00E+01	1.54E+01
Sample1412	1.99E+01	2.39E+01	2.31E+01	3.11E+01	1.54E+01
Sample1413	1.45E+01	1.73E+01	2.83E+01	2.00E+01	1.49E+01
Sample1414	2.29E+01	2.54E+01	2.34E+01	2.77E+01	1.03E+01
Sample1415	2.60E+01	2.44E+01	1.59E+01	3.12E+01	9.60E+00
Sample1416	2.72E+01	2.35E+01	2.64E+01	2.32E+01	2.09E+01
Sample1417	1.47E+01	1.65E+01	2.52E+01	1.95E+01	1.30E+01
Sample1418	1.61E+01	1.63E+01	1.84E+01	1.67E+01	9.13E+00
Sample1419	3.47E+01	3.06E+01	1.94E+01	4.93E+01	1.31E+01
Sample1420	2.57E+01	2.55E+01	3.08E+01	1.57E+01	1.34E+01
Sample1421	1.60E+01	1.79E+01	2.39E+01	3.15E+01	8.09E+00
Sample1422	2.22E+01	1.87E+01	2.08E+01	4.69E+01	1.78E+01
Sample1423	2.00E+01	1.68E+01	9.24E+00	5.10E+01	2.63E+01
Sample1424	1.13E+01	4.77E+00	1.52E+01	9.56E+00	1.04E+01
Sample1425	1.03E+01	2.18E+01	1.62E+01	1.50E+01	7.80E+00
Sample1426	2.93E+01	2.32E+01	2.53E+01	3.24E+01	9.93E+00
Sample1427	1.79E+01	8.94E+00	1.53E+01	2.42E+01	1.44E+01
Sample1428	2.03E+01	2.16E+01	2.10E+01	2.05E+01	1.21E+01
Sample1429	1.80E+01	1.46E+01	1.95E+01	2.12E+01	1.04E+01
Sample1430	4.29E+01	1.73E+01	2.59E+01	4.10E+01	1.42E+01
Sample1431	1.19E+01	1.11E+01	2.10E+01	1.57E+01	6.46E+00
Sample1432	1.49E+01	2.51E+01	2.24E+01	2.02E+01	7.98E+00
Sample1433	2.65E+01	2.94E+01	3.23E+01	5.20E+01	6.46E+00
Sample1434	4.00E+01	2.78E+01	1.74E+01	5.71E+01	5.49E+00
Sample1435	7.75E+00	2.03E+01	1.22E+01	2.43E+01	1.02E+01
Sample1436	1.52E+01	1.42E+01	1.26E+01	1.02E+01	7.34E+00
Sample1437	1.85E+01	1.70E+01	2.92E+01	1.62E+01	1.40E+01
Sample1438	8.35E+00	1.58E+01	1.56E+01	1.74E+01	1.25E+01
Sample1439	2.16E+01	2.41E+01	2.65E+01	5.73E+01	5.98E+00
Sample1440	1.74E+01	1.60E+01	1.67E+01	2.45E+01	1.26E+01
Sample1441	3.50E+01	2.30E+01	2.40E+01	3.71E+01	7.84E+00
Sample1442	2.50E+01	2.21E+01	2.41E+01	1.46E+01	6.45E+00
Sample1443	1.76E+01	1.28E+01	1.28E+01	1.24E+01	1.11E+01
Sample1444	3.02E+01	2.16E+01	1.76E+01	3.93E+01	8.43E+00
Sample1445	2.84E+01	1.60E+01	2.25E+01	3.21E+01	6.95E+00
Sample1446	2.67E+01	2.55E+01	2.59E+01	2.13E+01	1.61E+01
Sample1447	2.33E+01	2.21E+01	1.31E+01	1.58E+01	1.21E+01
Sample1448	2.61E+01	9.92E+00	1.89E+01	2.76E+01	6.49E+00
Sample1449	2.00E+01	1.24E+01	1.73E+01	1.68E+01	1.24E+01
Sample1450	9.23E+00	1.91E+01	1.31E+01	1.91E+01	1.11E+01
Sample1451	1.35E+01	1.28E+01	2.91E+01	3.59E+01	1.38E+01
Sample1452	1.58E+01	2.05E+01	1.93E+01	1.87E+01	1.41E+01
Sample1453	1.31E+01	1.55E+01	1.55E+01	1.24E+01	1.10E+01
Sample1454	2.07E+01	1.88E+01	1.56E+01	2.47E+01	8.53E+00
Sample1455	2.28E+01	1.93E+01	1.77E+01	1.98E+01	6.58E+00
Sample1456	2.39E+01	2.33E+01	2.03E+01	3.23E+01	1.17E+01
Sample1457	7.07E+00	1.94E+01	2.22E+01	1.96E+01	6.19E+00
Sample1458	4.26E+01	2.73E+01	1.52E+01	4.37E+01	9.95E+00
Sample1459	1.25E+01	1.84E+01	1.07E+01	2.04E+01	7.60E+00
Sample1460	4.05E+01	2.26E+01	2.71E+01	4.44E+01	4.78E+00
Sample1461	1.54E+01	1.19E+01	1.98E+01	3.28E+01	8.23E+00
Sample1462	2.67E+01	1.29E+01	1.25E+01	2.83E+01	7.45E+00
Sample1463	1.32E+01	4.20E+01	3.50E+01	3.35E+01	1.90E+01
Sample1464	1.84E+01	1.68E+01	2.21E+01	1.81E+01	1.52E+01
Sample1465	1.47E+01	2.48E+01	2.18E+01	1.55E+01	9.96E+00
Sample1466	1.58E+01	1.33E+01	1.56E+01	2.22E+01	1.31E+01
Sample1467	3.32E+01	1.76E+01	1.45E+01	3.66E+01	8.35E+00
Sample1468	1.73E+01	2.78E+01	2.40E+01	1.93E+01	6.87E+00
Sample1469	2.03E+01	1.53E+01	2.23E+01	2.14E+01	1.19E+01
Sample1470	2.48E+01	1.22E+01	1.98E+01	2.42E+01	8.33E+00
Sample1471	2.17E+01	2.61E+01	2.23E+01	2.73E+01	1.68E+01
Sample1472	2.19E+01	3.16E+01	1.87E+01	3.61E+01	1.04E+01
Sample1473	3.26E+01	2.28E+01	2.05E+01	3.65E+01	1.09E+01
Sample1474	3.70E+01	3.72E+01	2.21E+01	5.97E+01	2.46E+01
Sample1475	2.32E+01	1.24E+01	2.97E+01	1.60E+01	1.19E+01
Sample1476	4.21E+01	2.85E+01	1.38E+01	3.98E+01	1.09E+01
Sample1477	2.17E+01	1.89E+01	1.69E+01	2.11E+01	1.87E+01
Sample1478	1.69E+01	1.79E+01	2.07E+01	1.69E+01	1.76E+01
Sample1479	1.35E+01	2.02E+01	2.22E+01	1.36E+01	1.11E+01
Sample1480	9.14E+00	1.31E+01	1.53E+01	1.82E+01	1.11E+01
Sample1481	1.84E+01	2.14E+01	2.27E+01	5.41E+01	2.84E+01
Sample1482	1.72E+01	1.71E+01	2.56E+01	1.04E+01	9.16E+00
Sample1483	1.05E+01	1.18E+01	1.97E+01	1.62E+01	3.75E+00
Sample1484	6.90E+00	3.62E+01	2.57E+01	1.78E+01	1.48E+01
Sample1485	2.48E+01	1.31E+01	2.78E+01	2.60E+01	5.44E+00
Sample1486	2.00E+01	1.12E+01	1.21E+01	2.33E+01	1.42E+01
Sample1487	1.37E+01	1.97E+01	2.00E+01	2.38E+01	7.14E+00
Sample1488	1.90E+01	2.62E+01	2.42E+01	1.37E+01	1.66E+01
Sample1489	2.61E+01	1.37E+01	2.41E+01	1.38E+01	1.26E+01
Sample1490	1.52E+01	1.18E+01	1.57E+01	1.61E+01	8.93E+00
Sample1491	1.83E+01	3.05E+01	1.56E+01	2.51E+01	1.89E+01
Sample1492	2.76E+01	2.95E+01	1.66E+01	4.95E+01	8.07E+00
Sample1493	1.45E+01	1.86E+01	1.61E+01	2.03E+01	1.43E+01
Sample1494	2.19E+01	2.60E+01	1.04E+01	3.22E+01	1.14E+01
Sample1495	1.16E+01	1.99E+01	1.78E+01	1.07E+01	8.08E+00
Sample1496	1.92E+01	3.18E+01	2.32E+01	2.34E+01	9.40E+00
Sample1497	1.30E+01	2.12E+01	2.73E+01	1.42E+01	8.59E+00
Sample1498	1.34E+01	1.37E+01	1.76E+01	9.42E+00	7.46E+00
Sample1499	1.65E+01	1.58E+01	2.16E+01	1.81E+01	1.02E+01
Sample1500	1.85E+01	2.07E+01	1.94E+01	3.55E+01	5.84E+00
Sample1501	4.76E+01	3.12E+01	1.85E+01	5.34E+01	9.14E+00
Sample1502	1.08E+01	1.39E+01	2.72E+01	3.70E+01	1.66E+01
Sample1503	2.09E+01	1.84E+01	2.41E+01	3.39E+01	9.74E+00
Sample1504	1.61E+01	1.79E+01	2.20E+01	1.78E+01	1.11E+01
Sample1505	1.86E+01	2.65E+01	2.31E+01	2.14E+01	5.51E+00
Sample1506	1.76E+01	7.78E+00	2.42E+01	4.12E+01	1.58E+01
Sample1507	2.31E+01	2.95E+01	2.26E+01	3.57E+01	1.36E+01
Sample1508	1.73E+01	2.10E+01	8.31E+00	3.50E+01	1.25E+01
Sample1509	2.44E+01	8.53E+00	1.60E+01	1.73E+01	6.91E+00
Sample1510	1.88E+01	2.15E+01	2.16E+01	1.83E+01	1.02E+01
Sample1511	1.87E+01	1.92E+01	2.17E+01	2.06E+01	1.10E+01
Sample1512	2.05E+01	1.92E+01	4.47E+01	5.34E+01	5.51E+00
Sample1513	2.13E+01	1.07E+01	2.10E+01	1.50E+01	8.66E+00
Sample1514	1.29E+01	1.50E+01	1.21E+01	1.01E+01	8.20E+00
Sample1515	1.13E+01	9.45E+00	2.08E+01	1.84E+01	6.40E+00
Sample1516	1.35E+01	2.45E+01	2.37E+01	2.78E+01	1.24E+01
Sample1517	3.74E+01	1.51E+01	1.55E+01	2.92E+01	7.52E+00
Sample1518	1.72E+01	2.01E+01	1.94E+01	7.89E+00	8.42E+00
Sample1519	1.28E+01	2.56E+01	2.51E+01	4.69E+01	5.38E+00
Sample1520	2.05E+01	2.94E+01	1.78E+01	3.57E+01	1.79E+01
Sample1521	2.16E+01	1.54E+01	1.04E+01	2.52E+01	7.98E+00
Sample1522	2.41E+01	2.77E+01	2.06E+01	4.64E+01	7.56E+00
Sample1523	1.21E+01	1.76E+01	1.36E+01	7.98E+00	6.68E+00
Sample1524	2.35E+01	2.48E+01	3.27E+01	3.56E+01	1.57E+01
Sample1525	1.01E+01	1.18E+01	2.29E+01	1.55E+01	1.34E+01
Sample1526	2.00E+01	5.95E+00	2.05E+01	1.60E+01	1.05E+01
Sample1527	1.22E+01	2.50E+01	1.48E+01	1.67E+01	1.44E+01
Sample1528	2.83E+01	1.60E+01	2.85E+01	4.50E+01	1.36E+01
Sample1529	2.15E+01	1.61E+01	1.92E+01	1.48E+01	1.04E+01
Sample1530	3.18E+01	1.65E+01	1.61E+01	2.34E+01	7.59E+00
Sample1531	7.57E+00	1.18E+01	1.68E+01	1.50E+01	1.01E+01
Sample1532	1.64E+01	2.26E+01	3.31E+01	2.18E+01	8.23E+00
Sample1533	3.66E+01	4.95E+01	2.72E+01	9.36E+01	3.90E+01
Sample1534	3.16E+01	4.38E+01	2.21E+01	7.11E+01	2.38E+01
Sample1535	1.77E+01	2.18E+01	3.25E+01	2.38E+01	9.06E+00
Sample1536	2.31E+01	2.07E+01	2.02E+01	1.79E+01	6.86E+00
Sample1537	1.16E+01	1.35E+01	1.87E+01	1.63E+01	1.24E+01
Sample1538	1.58E+01	1.64E+01	1.06E+01	1.22E+01	9.10E+00
Sample1539	1.49E+01	1.33E+01	2.75E+01	3.98E+01	1.13E+01
Sample1540	2.91E+01	1.96E+01	1.79E+01	2.22E+01	7.26E+00
Sample1541	1.62E+01	1.61E+01	1.98E+01	1.33E+01	7.68E+00
Sample1542	3.98E+01	2.69E+01	2.21E+01	4.46E+01	1.37E+01
Sample1543	3.33E+01	2.75E+01	1.27E+01	3.98E+01	6.80E+00
Sample1544	1.76E+01	1.41E+01	1.27E+01	1.62E+01	1.21E+01
Sample1545	2.14E+01	2.28E+01	1.74E+01	1.91E+01	9.05E+00
Sample1546	1.80E+01	2.05E+01	2.02E+01	1.76E+01	8.12E+00
Sample1547	1.27E+01	1.97E+01	2.53E+01	2.52E+01	7.68E+00
Sample1548	3.30E+01	1.97E+01	1.15E+01	3.05E+01	1.50E+01
Sample1549	2.28E+01	8.10E+00	7.60E+00	1.01E+01	1.43E+01
Sample1550	2.24E+01	1.68E+01	2.47E+01	1.55E+01	1.10E+01
Sample1551	3.39E+01	2.03E+01	2.90E+01	2.89E+01	9.86E+00
Sample1552	2.89E+01	5.94E+01	1.61E+01	9.87E+01	2.67E+01
Sample1553	3.54E+01	2.64E+01	2.19E+01	4.29E+01	8.66E+00
Sample1554	3.27E+01	2.72E+01	2.53E+01	5.35E+01	1.40E+01
Sample1555	3.32E+01	1.46E+01	4.17E+01	5.78E+01	2.87E+01
Sample1556	1.97E+01	2.25E+01	2.76E+01	2.51E+01	1.46E+01
Sample1557	7.38E+00	1.95E+01	2.26E+01	1.32E+01	7.86E+00
Sample1558	1.53E+01	2.11E+01	1.94E+01	1.71E+01	8.61E+00
Sample1559	3.83E+01	3.05E+01	2.21E+01	4.84E+01	1.18E+01
Sample1560	1.51E+01	2.12E+01	1.58E+01	1.37E+01	1.17E+01
Sample1561	1.26E+01	1.68E+01	2.45E+01	1.68E+01	8.74E+00
Sample1562	1.52E+01	2.16E+01	1.23E+01	1.68E+01	8.84E+00
Sample1563	2.73E+01	2.24E+01	1.74E+01	5.09E+01	1.02E+01
Sample1564	3.73E+01	4.75E+01	2.11E+01	8.24E+01	3.77E+01
Sample1565	4.13E+01	1.92E+01	1.68E+01	3.47E+01	8.34E+00
Sample1566	2.08E+01	3.46E+01	1.29E+01	4.03E+01	9.33E+00
Sample1567	2.05E+01	2.92E+01	1.77E+01	3.39E+01	7.88E+00
Sample1568	1.87E+01	2.05E+01	1.90E+01	2.02E+01	1.58E+01
Sample1569	3.65E+01	1.81E+01	2.18E+01	4.19E+01	9.61E+00
Sample1570	4.93E+01	2.82E+01	1.59E+01	6.61E+01	1.11E+01
Sample1571	2.29E+01	1.76E+01	2.62E+01	2.96E+01	1.09E+01
Sample1572	1.62E+01	2.21E+01	1.20E+01	2.10E+01	1.09E+01
Sample1573	1.88E+01	1.45E+01	1.88E+01	1.30E+01	1.40E+01
Sample1574	2.14E+01	1.20E+01	1.78E+01	1.78E+01	1.44E+01
Sample1575	2.16E+01	1.47E+01	3.33E+01	4.96E+01	6.79E+00
Sample1576	1.99E+01	1.62E+01	3.38E+01	5.19E+01	1.26E+01
Sample1577	3.20E+01	3.08E+01	2.50E+01	4.20E+01	1.14E+01
Sample1578	3.93E+01	2.53E+01	1.56E+01	3.78E+01	1.27E+01
Sample1579	9.03E+00	2.32E+01	2.82E+01	3.02E+01	1.11E+01
Sample1580	1.83E+01	2.83E+01	3.39E+01	2.72E+01	7.35E+00
Sample1581	1.59E+01	1.26E+01	1.13E+01	1.66E+01	6.42E+00
Sample1582	1.56E+01	2.51E+01	3.98E+01	1.24E+01	1.41E+01
Sample1583	1.34E+01	2.09E+01	1.37E+01	1.34E+01	1.08E+01
Sample1584	2.57E+01	3.25E+01	2.03E+01	3.60E+01	9.47E+00
Sample1585	8.67E+00	1.91E+01	1.39E+01	1.24E+01	7.58E+00
Sample1586	5.04E+01	2.61E+01	1.86E+01	4.17E+01	1.11E+01
Sample1587	2.02E+01	2.59E+01	1.72E+01	2.63E+01	5.08E+00
Sample1588	1.78E+01	1.22E+01	3.06E+01	3.94E+01	1.29E+01
Sample1589	8.82E+00	3.81E+01	1.44E+01	2.86E+01	1.49E+01
Sample1590	3.36E+01	2.30E+01	1.96E+01	2.78E+01	1.01E+01
Sample1591	1.61E+01	1.68E+01	1.52E+01	1.22E+01	1.23E+01
Sample1592	3.16E+01	2.67E+01	1.41E+01	4.00E+01	1.25E+01
Sample1593	2.11E+01	2.84E+01	1.57E+01	4.10E+01	1.60E+01
Sample1594	1.50E+01	2.05E+01	2.06E+01	1.56E+01	5.88E+00
Sample1595	9.53E+00	1.88E+01	1.87E+01	2.27E+01	7.93E+00
Sample1596	1.98E+01	1.31E+01	1.97E+01	1.68E+01	1.18E+01
Sample1597	4.53E+01	2.43E+01	2.68E+01	5.42E+01	9.13E+00
Sample1598	1.38E+01	1.97E+01	1.56E+01	2.33E+01	8.74E+00
Sample1599	2.25E+01	1.57E+01	1.43E+01	2.07E+01	1.02E+01
Sample1600	1.00E+01	1.43E+01	2.37E+01	2.58E+01	9.68E+00
Sample1601	1.38E+01	1.81E+01	2.65E+01	1.18E+01	8.58E+00
Sample1602	1.89E+01	1.76E+01	1.97E+01	1.44E+01	6.65E+00
Sample1603	1.85E+01	2.88E+01	2.17E+01	2.78E+01	1.32E+01
Sample1604	4.01E+01	3.06E+01	2.63E+01	2.79E+01	7.64E+00
Sample1605	3.32E+01	3.30E+01	2.45E+01	2.92E+01	6.80E+00
Sample1606	2.27E+01	2.73E+01	1.71E+01	2.90E+01	6.64E+00
Sample1607	1.30E+01	1.71E+01	2.52E+01	1.64E+01	1.24E+01
Sample1608	1.36E+01	2.15E+01	2.10E+01	1.56E+01	1.11E+01
Sample1609	2.02E+01	1.49E+01	1.61E+01	1.84E+01	1.52E+01
Sample1610	2.25E+01	1.69E+01	3.22E+01	1.65E+01	9.95E+00
Sample1611	3.56E+01	2.97E+01	3.34E+01	2.43E+01	8.05E+00
Sample1612	1.61E+01	1.57E+01	2.11E+01	1.99E+01	7.37E+00
Sample1613	2.38E+01	1.93E+01	1.95E+01	1.77E+01	1.11E+01
Sample1614	1.38E+01	2.52E+01	1.72E+01	1.46E+01	3.76E+00
Sample1615	2.67E+01	2.75E+01	2.74E+01	3.55E+01	1.14E+01
Sample1616	9.69E+00	1.79E+01	2.21E+01	2.13E+01	9.78E+00
Sample1617	2.08E+01	2.09E+01	1.46E+01	3.29E+01	6.45E+00
Sample1618	2.19E+01	1.77E+01	4.03E+01	5.80E+01	7.10E+00
Sample1619	3.10E+01	1.71E+01	2.48E+01	4.15E+01	1.67E+01
Sample1620	4.06E+01	4.38E+01	2.16E+01	8.34E+01	4.14E+01
Sample1621	7.70E+00	1.24E+01	1.48E+01	1.28E+01	8.69E+00
Sample1622	2.53E+01	1.66E+01	2.04E+01	2.69E+01	1.07E+01
Sample1623	2.23E+01	1.55E+01	1.37E+01	2.51E+01	1.27E+01
Sample1624	3.29E+01	2.59E+01	2.19E+01	5.06E+01	9.73E+00
Sample1625	1.36E+01	1.46E+01	1.43E+01	1.88E+01	8.73E+00
Sample1626	2.47E+01	1.84E+01	2.41E+01	3.88E+01	1.97E+01
Sample1627	4.23E+01	3.67E+01	1.49E+01	3.85E+01	2.20E+01
Sample1628	3.36E+01	2.26E+01	1.69E+01	3.20E+01	6.72E+00
Sample1629	1.52E+01	1.80E+01	1.32E+01	1.65E+01	3.57E+00
Sample1630	4.33E+01	4.30E+01	8.73E+00	6.44E+01	1.26E+01
Sample1631	3.22E+01	2.29E+01	2.45E+01	2.80E+01	7.76E+00
Sample1632	2.78E+01	2.83E+01	2.44E+01	6.50E+01	2.75E+01
Sample1633	0.00E+00	2.86E+01	2.37E+01	1.89E+01	1.21E+01
Sample1634	1.70E+01	2.05E+01	2.09E+01	2.64E+01	9.92E+00
Sample1635	2.04E+01	1.65E+01	1.15E+01	1.44E+01	1.30E+01
Sample1636	2.07E+01	5.62E+00	1.71E+01	2.38E+01	1.03E+01
Sample1637	2.44E+01	1.99E+01	2.16E+01	4.44E+01	1.75E+01
Sample1638	1.76E+01	1.60E+01	2.11E+01	1.37E+01	1.05E+01
Sample1639	2.24E+01	2.14E+01	3.58E+01	2.81E+01	9.02E+00
Sample1640	1.37E+01	1.71E+01	1.27E+01	1.75E+01	7.16E+00
Sample1641	2.01E+01	1.88E+01	2.22E+01	1.72E+01	5.75E+00
Sample1642	2.94E+01	2.28E+01	1.71E+01	4.56E+01	2.08E+01
Sample1643	1.50E+01	1.35E+01	1.95E+01	2.70E+01	1.48E+01
Sample1644	3.69E+01	2.02E+01	2.02E+01	4.70E+01	1.33E+01
Sample1645	1.69E+01	1.93E+01	3.66E+01	6.17E+01	5.67E+00
Sample1646	1.73E+01	2.03E+01	2.12E+01	1.12E+01	7.05E+00
Sample1647	1.87E+01	2.23E+01	3.34E+01	6.06E+01	2.69E+01
Sample1648	2.75E+01	1.07E+01	1.04E+01	2.01E+01	9.24E+00
Sample1649	3.08E+01	4.00E+01	2.42E+01	5.73E+01	1.43E+01
Sample1650	3.55E+01	2.91E+01	2.72E+01	2.81E+01	8.40E+00
Sample1651	2.15E+01	1.79E+01	1.53E+01	2.10E+01	7.04E+00
Sample1652	2.69E+01	2.58E+01	3.16E+01	7.73E+01	2.78E+01
Sample1653	5.09E+01	3.49E+01	1.50E+01	6.40E+01	9.41E+00
Sample1654	2.62E+01	1.93E+01	2.74E+01	1.64E+01	1.09E+01
Sample1655	2.87E+01	2.38E+01	1.72E+01	2.12E+01	8.71E+00
Sample1656	2.31E+01	2.57E+01	2.77E+01	5.99E+01	2.11E+00
Sample1657	1.17E+01	1.66E+01	1.74E+01	1.38E+01	1.22E+01
Sample1658	1.26E+01	9.27E+00	2.17E+01	2.42E+01	1.02E+01
Sample1659	1.63E+01	1.99E+01	2.29E+01	2.10E+01	1.04E+01
Sample1660	2.20E+01	1.79E+01	2.23E+01	2.67E+01	1.05E+01
Sample1661	1.65E+01	2.42E+01	2.53E+01	2.11E+01	9.19E+00
Sample1662	3.82E+01	2.13E+01	1.34E+01	5.20E+01	1.28E+01
Sample1663	2.13E+01	2.85E+01	2.34E+01	1.24E+01	1.21E+01
Sample1664	1.50E+01	1.99E+01	2.05E+01	1.94E+01	6.48E+00
Sample1665	1.76E+01	1.71E+01	3.41E+01	1.26E+01	1.40E+01
Sample1666	2.69E+01	3.19E+01	1.83E+01	6.24E+01	2.75E+01
Sample1667	3.03E+01	1.52E+01	1.86E+01	2.73E+01	1.66E+01
Sample1668	1.82E+01	1.61E+01	1.10E+01	2.74E+01	9.99E+00
Sample1669	3.38E+01	1.97E+01	1.85E+01	4.72E+01	1.19E+01
Sample1670	2.67E+01	3.70E+01	2.56E+01	5.20E+01	1.24E+01
Sample1671	1.72E+01	1.27E+01	1.42E+01	1.84E+01	8.98E+00
Sample1672	0.00E+00	2.17E+01	2.14E+01	2.01E+01	1.16E+01
Sample1673	2.08E+01	1.62E+01	1.98E+01	1.52E+01	1.13E+01
Sample1674	9.39E+00	1.17E+01	1.78E+01	1.95E+01	8.21E+00
Sample1675	1.58E+01	2.05E+01	1.55E+01	2.75E+01	1.04E+01
Sample1676	2.73E+01	2.03E+01	1.21E+01	3.48E+01	1.14E+01
Sample1677	3.74E+01	2.61E+01	1.65E+01	6.72E+01	1.25E+01
Sample1678	2.09E+01	1.86E+01	1.83E+01	2.29E+01	1.51E+01
Sample1679	3.03E+01	1.65E+01	1.53E+01	2.37E+01	1.21E+01
Sample1680	2.25E+01	1.84E+01	1.93E+01	5.47E+01	2.67E+01
Sample1681	2.61E+01	2.38E+01	2.59E+01	1.96E+01	1.09E+01
Sample1682	2.14E+01	2.58E+01	2.79E+01	1.10E+01	9.81E+00
Sample1683	2.89E+01	2.81E+01	1.26E+01	3.94E+01	1.15E+01
Sample1684	2.36E+01	2.05E+01	3.01E+01	5.43E+01	2.53E+01
Sample1685	3.25E+01	2.06E+01	2.60E+01	2.29E+01	4.28E+00
Sample1686	4.38E+00	4.09E+01	2.65E+01	2.97E+01	9.44E+00
Sample1687	1.31E+01	8.90E+00	1.17E+01	1.24E+01	1.05E+01
Sample1688	8.30E+00	1.64E+01	2.10E+01	1.69E+01	8.16E+00
Sample1689	1.66E+01	1.87E+01	2.07E+01	1.40E+01	8.98E+00
Sample1690	1.65E+01	1.04E+01	2.05E+01	2.46E+01	1.40E+01
Sample1691	1.69E+01	2.68E+01	2.73E+01	2.30E+01	1.24E+01
Sample1692	1.97E+01	1.96E+01	2.44E+01	2.50E+01	1.35E+01
Sample1693	1.45E+01	1.39E+01	1.86E+01	2.02E+01	1.19E+01
Sample1694	4.73E+01	2.81E+01	1.29E+01	5.59E+01	9.57E+00
Sample1695	3.71E+01	2.90E+01	2.11E+01	4.75E+01	7.80E+00
Sample1696	2.88E+01	1.87E+01	1.67E+01	4.26E+01	1.70E+01
Sample1697	9.15E+00	2.35E+01	3.65E+01	1.25E+01	8.36E+00
Sample1698	3.15E+01	3.11E+01	2.24E+01	5.02E+01	2.11E+01
Sample1699	3.65E+01	2.22E+01	1.63E+01	4.03E+01	7.42E+00
Sample1700	2.17E+01	1.58E+01	1.04E+01	1.38E+01	9.59E+00
Sample1701	1.34E+01	1.56E+01	2.62E+01	2.73E+01	1.05E+01
Sample1702	1.37E+01	1.51E+01	1.40E+01	2.95E+01	8.66E+00
Sample1703	1.58E+01	1.86E+01	1.77E+01	1.52E+01	6.12E+00
Sample1704	2.02E+01	1.95E+01	2.48E+01	2.00E+01	1.33E+01
Sample1705	3.87E+01	1.96E+01	2.67E+01	4.75E+01	1.21E+01
Sample1706	1.88E+01	2.99E+01	1.34E+01	4.57E+01	1.56E+01
Sample1707	2.25E+01	1.77E+01	1.16E+01	1.48E+01	1.05E+01
Sample1708	1.75E+01	2.74E+01	3.71E+01	6.02E+01	4.77E+00
Sample1709	1.48E+01	2.41E+01	1.46E+01	1.96E+01	9.37E+00
Sample1710	1.73E+01	1.60E+01	2.77E+01	2.20E+01	5.81E+00
Sample1711	1.64E+01	1.39E+01	1.39E+01	2.53E+01	1.07E+01
Sample1712	1.59E+01	1.73E+01	2.66E+01	3.02E+01	6.27E+00
Sample1713	8.52E+00	1.93E+01	4.19E+01	5.69E+01	8.17E+00
Sample1714	3.51E+01	3.10E+01	1.40E+01	2.87E+01	0.00E+00
