Samples	Signature A	Signature B	Signature C	Signature D	Signature E
Sample1	249	68	380	0	308
Sample2	596	140	84	127	53
Sample3	597	35	99	211	58
Sample4	208	519	213	0	47
Sample5	215	255	387	156	23
Sample6	202	364	179	271	0
Sample7	342	94	0	275	304
Sample8	485	1	106	319	74
Sample9	515	113	223	0	141
Sample10	526	163	30	230	43
Sample11	236	437	305	0	47
Sample12	355	310	305	0	0
Sample13	628	74	192	0	94
Sample14	350	0	19	509	105
Sample15	170	299	149	390	27
Sample16	187	417	147	219	60
Sample17	375	0	493	0	115
Sample18	319	77	46	304	269
Sample19	499	14	79	359	57
Sample20	571	4	94	294	21
Sample21	575	199	123	0	83
Sample22	516	230	116	86	66
Sample23	81	287	9	489	150
Sample24	224	452	237	54	48
Sample25	567	226	154	0	53
Sample26	237	0	305	293	152
Sample27	506	149	186	41	126
Sample28	519	112	94	255	20
Sample29	215	90	499	168	0
Sample30	355	66	70	257	236
Sample31	584	118	139	0	159
Sample32	611	151	97	0	121
Sample33	334	94	0	324	234
Sample34	556	36	68	329	11
Sample35	603	110	73	118	96
Sample36	588	134	95	112	79
Sample37	571	165	146	0	110
Sample38	570	12	89	271	50
Sample39	58	402	274	0	291
Sample40	617	123	100	88	72
Sample41	239	386	177	82	96
Sample42	582	107	86	161	44
Sample43	215	90	499	168	0
Sample44	181	481	74	235	3
Sample45	177	444	228	0	135
Sample46	166	399	182	210	79
Sample47	551	14	129	272	42
Sample48	215	90	499	168	0
Sample49	547	38	141	225	49
Sample50	548	167	207	0	86
Sample51	570	217	107	0	114
Sample52	565	103	152	72	135
Sample53	215	90	499	168	0
Sample54	587	152	99	54	87
Sample55	407	157	247	83	86
Sample56	476	140	0	213	145
Sample57	589	173	132	0	106
Sample58	478	169	248	0	120
Sample59	154	372	141	259	63
Sample60	548	108	189	61	73
Sample61	600	6	138	210	54
Sample62	157	417	271	0	141
Sample63	649	92	136	0	104
Sample64	151	365	76	372	17
Sample65	188	172	230	262	135
Sample66	569	122	130	59	135
Sample67	565	111	122	104	88
Sample68	186	510	42	220	22
Sample69	505	0	151	228	96
Sample70	383	60	133	415	1
Sample71	562	128	219	0	105
Sample72	525	202	113	0	127
Sample73	584	226	124	0	74
Sample74	550	75	80	239	41
Sample75	524	171	177	116	26
Sample76	488	57	108	255	77
Sample77	86	568	190	0	170
Sample78	261	424	220	0	79
Sample79	196	535	176	0	71
Sample80	215	90	499	168	0
Sample81	453	0	13	458	101
Sample82	466	0	164	319	35
Sample83	151	347	119	399	0
Sample84	250	352	185	213	34
Sample85	120	455	0	385	25
Sample86	189	314	205	250	57
Sample87	589	0	85	249	55
Sample88	475	201	0	266	81
Sample89	604	143	138	0	129
Sample90	596	208	121	6	69
Sample91	557	121	117	33	198
Sample92	490	156	251	0	111
Sample93	514	140	234	0	120
Sample94	505	34	47	436	7
Sample95	625	159	72	76	60
Sample96	648	96	119	4	113
Sample97	625	99	147	0	129
Sample98	372	87	0	397	162
Sample99	334	246	51	143	199
Sample100	573	67	221	49	82
Sample101	593	94	197	1	115
Sample102	166	344	130	319	8
Sample103	513	0	95	343	34
Sample104	291	234	395	0	72
Sample105	169	369	129	234	84
Sample106	627	139	83	92	67
Sample107	574	111	151	54	124
Sample108	528	0	72	294	106
Sample109	447	0	71	401	61
Sample110	99	498	202	67	135
Sample111	310	56	0	378	269
Sample112	506	123	132	138	109
Sample113	215	90	499	168	0
Sample114	195	418	277	0	78
Sample115	480	0	121	368	52
Sample116	494	178	252	0	84
Sample117	627	139	83	92	67
Sample118	601	40	136	194	44
Sample119	117	73	0	655	163
Sample120	600	141	120	0	124
Sample121	566	227	127	0	72
Sample122	437	74	57	402	49
Sample123	268	0	533	140	84
Sample124	102	486	181	151	47
Sample125	142	378	222	177	49
Sample126	472	43	0	393	107
Sample127	313	12	533	0	102
Sample128	518	0	141	303	56
Sample129	606	159	106	0	101
Sample130	646	0	172	35	127
Sample131	506	150	195	0	134
Sample132	586	70	120	85	119
Sample133	588	134	95	112	79
Sample134	629	0	84	205	71
Sample135	542	96	240	0	137
Sample136	531	134	149	113	81
Sample137	553	118	204	0	113
Sample138	214	543	121	31	75
Sample139	340	326	286	0	63
Sample140	287	71	56	321	273
Sample141	623	35	100	143	88
Sample142	240	48	0	492	216
Sample143	487	81	314	0	99
Sample144	69	441	42	433	0
Sample145	171	483	209	67	38
Sample146	613	138	59	147	57
Sample147	215	355	142	323	1
Sample148	594	107	38	228	33
Sample149	215	0	391	335	86
Sample150	387	0	0	516	82
Sample151	559	10	101	221	89
Sample152	563	227	134	0	84
Sample153	498	110	29	297	102
Sample154	144	369	308	137	17
Sample155	460	0	170	339	23
Sample156	544	48	75	300	41
Sample157	596	140	84	127	53
Sample158	552	219	145	0	76
Sample159	603	89	162	86	48
Sample160	214	488	147	59	61
Sample161	547	214	116	44	87
Sample162	137	474	238	0	159
Sample163	515	28	98	273	94
Sample164	622	0	125	135	103
Sample165	590	95	102	122	80
Sample166	501	33	80	260	126
Sample167	404	6	0	405	171
Sample168	110	109	371	346	35
Sample169	128	507	261	0	82
Sample170	535	182	179	0	104
Sample171	627	139	83	92	67
Sample172	187	478	92	190	32
Sample173	209	541	163	15	49
Sample174	589	190	119	0	110
Sample175	131	467	65	271	48
Sample176	271	203	393	0	141
Sample177	158	509	238	0	68
Sample178	480	131	224	68	105
Sample179	576	121	179	0	116
Sample180	235	0	392	391	0
Sample181	507	33	70	354	28
Sample182	0	403	276	0	329
Sample183	526	47	75	315	29
Sample184	146	288	133	381	26
Sample185	319	97	0	288	310
Sample186	494	115	148	154	89
Sample187	518	211	91	183	17
Sample188	180	438	172	234	0
Sample189	427	74	0	333	154
Sample190	641	136	80	39	90
Sample191	542	20	38	341	51
Sample192	568	114	189	0	121
Sample193	215	90	499	168	0
Sample194	154	537	156	28	145
Sample195	610	0	136	93	161
Sample196	242	89	626	0	75
Sample197	166	377	98	302	24
Sample198	588	218	110	0	76
Sample199	552	197	169	0	72
Sample200	537	187	80	128	103
Sample201	586	49	212	0	145
Sample202	162	450	152	161	43
Sample203	326	154	17	160	361
Sample204	587	162	69	136	34
Sample205	137	427	222	122	73
Sample206	386	0	195	317	139
Sample207	596	140	84	127	53
Sample208	563	100	228	21	69
Sample209	130	470	115	7	297
Sample210	177	372	132	188	110
Sample211	215	90	499	168	0
Sample212	170	444	184	35	140
Sample213	83	367	25	498	2
Sample214	567	145	201	0	87
Sample215	363	131	123	75	322
Sample216	259	96	196	206	237
Sample217	158	477	163	149	21
Sample218	629	56	88	102	113
Sample219	145	56	372	0	426
Sample220	69	553	149	0	238
Sample221	157	413	292	75	92
Sample222	651	24	80	162	99
Sample223	167	304	0	473	24
Sample224	85	420	120	260	90
Sample225	616	196	61	0	119
Sample226	558	89	198	0	134
Sample227	541	101	253	0	120
Sample228	461	102	0	303	108
Sample229	317	3	0	445	253
Sample230	523	0	44	382	51
Sample231	62	625	109	0	167
Sample232	611	199	91	0	113
Sample233	255	0	525	187	7
Sample234	623	136	134	0	115
Sample235	626	114	134	0	111
Sample236	511	239	205	0	67
Sample237	215	90	499	168	0
Sample238	248	49	640	0	105
Sample239	514	197	239	0	66
Sample240	605	66	127	56	146
Sample241	652	108	129	19	78
Sample242	92	88	502	40	268
Sample243	68	422	214	236	35
Sample244	536	122	125	110	99
Sample245	459	194	270	0	90
Sample246	540	128	167	0	151
Sample247	615	125	99	84	91
Sample248	500	61	126	144	184
Sample249	594	212	76	28	69
Sample250	221	328	50	403	28
Sample251	279	39	23	427	249
Sample252	565	174	169	0	100
Sample253	556	76	180	83	84
Sample254	569	199	133	0	79
Sample255	130	425	124	168	147
Sample256	215	90	499	168	0
Sample257	561	129	218	0	84
Sample258	553	303	28	37	87
Sample259	576	48	156	111	101
Sample260	604	0	203	0	178
Sample261	310	104	91	189	314
Sample262	60	397	51	436	42
Sample263	115	434	91	325	9
Sample264	627	139	83	92	67
Sample265	360	173	0	153	331
Sample266	557	185	124	63	50
Sample267	350	167	267	147	69
Sample268	584	106	152	33	114
Sample269	298	62	85	360	208
Sample270	145	56	372	0	426
Sample271	515	76	158	165	94
Sample272	303	0	19	401	262
Sample273	206	479	132	0	168
Sample274	513	184	157	0	146
Sample275	534	105	127	206	55
Sample276	355	437	195	0	21
Sample277	545	110	103	183	46
Sample278	540	89	41	285	30
Sample279	525	131	245	0	124
Sample280	557	174	150	0	99
Sample281	542	67	123	249	37
Sample282	85	355	264	173	100
Sample283	614	212	96	0	70
Sample284	100	339	1	529	6
Sample285	259	99	432	0	200
Sample286	116	447	277	0	175
Sample287	624	182	75	58	69
Sample288	427	236	194	0	119
Sample289	565	42	104	242	74
Sample290	171	418	123	306	11
Sample291	104	451	154	204	51
Sample292	670	196	70	8	64
Sample293	315	125	0	229	330
Sample294	555	65	58	219	103
Sample295	506	0	133	336	17
Sample296	202	392	407	0	18
Sample297	541	185	194	0	72
Sample298	279	0	643	0	101
Sample299	551	2	118	253	84
Sample300	452	0	145	303	116
Sample301	142	394	119	326	0
Sample302	583	219	110	0	80
Sample303	614	127	165	0	94
Sample304	469	177	211	32	119
Sample305	225	397	150	214	43
Sample306	207	534	136	0	100
Sample307	552	0	215	88	164
Sample308	576	151	206	0	86
Sample309	562	165	152	29	100
Sample310	575	174	166	0	77
Sample311	512	0	259	93	121
Sample312	408	0	11	425	144
Sample313	215	90	499	168	0
Sample314	388	175	44	62	348
Sample315	589	173	132	0	106
Sample316	575	124	182	0	119
Sample317	573	269	88	28	56
Sample318	100	113	471	55	241
Sample319	570	121	169	0	140
Sample320	279	140	19	307	272
Sample321	612	62	81	146	79
Sample322	134	544	178	16	112
Sample323	627	139	83	92	67
Sample324	177	553	175	0	72
Sample325	622	64	135	51	128
Sample326	524	117	92	161	124
Sample327	488	15	164	240	93
Sample328	58	487	159	217	67
Sample329	97	399	243	200	89
Sample330	521	125	263	0	76
Sample331	93	493	163	0	224
Sample332	318	164	59	169	298
Sample333	238	488	135	14	110
Sample334	608	97	64	145	72
Sample335	98	551	119	0	246
Sample336	251	88	0	449	231
Sample337	498	62	49	363	43
Sample338	4	157	549	60	214
Sample339	558	165	154	0	137
Sample340	552	0	101	284	71
Sample341	434	0	99	421	82
Sample342	190	211	181	153	255
Sample343	527	179	215	0	106
Sample344	596	140	84	127	53
Sample345	190	480	158	112	35
Sample346	102	375	0	486	21
Sample347	513	173	140	0	153
Sample348	182	450	223	0	158
Sample349	279	6	0	494	193
Sample350	574	99	179	8	119
Sample351	564	119	62	157	84
Sample352	321	156	102	120	319
Sample353	70	0	397	346	179
Sample354	181	389	30	239	142
Sample355	448	162	0	235	123
Sample356	603	0	126	156	105
Sample357	567	57	172	118	101
Sample358	354	5	0	434	208
Sample359	204	247	235	247	103
Sample360	604	95	190	0	126
Sample361	533	157	236	0	82
Sample362	566	43	65	271	47
Sample363	574	226	120	15	84
Sample364	270	371	210	0	132
Sample365	538	47	161	126	143
Sample366	580	0	79	246	112
Sample367	185	261	102	459	21
Sample368	583	162	148	0	99
Sample369	619	44	120	113	93
Sample370	607	155	117	0	107
Sample371	594	81	157	18	150
Sample372	585	97	174	40	112
Sample373	293	288	336	6	93
Sample374	568	153	160	0	119
Sample375	316	202	0	241	261
Sample376	19	411	112	396	46
Sample377	322	160	167	135	239
Sample378	245	398	105	167	53
Sample379	542	95	115	195	67
Sample380	35	487	247	0	247
Sample381	563	153	166	16	102
Sample382	217	419	158	0	223
Sample383	547	31	70	279	95
Sample384	472	14	0	510	32
Sample385	523	55	0	299	151
Sample386	239	388	322	0	85
Sample387	554	142	195	0	128
Sample388	545	163	92	97	111
Sample389	579	107	196	0	137
Sample390	387	133	0	380	76
Sample391	117	498	114	159	77
Sample392	631	44	175	0	142
Sample393	145	56	372	0	426
Sample394	291	39	447	127	60
Sample395	264	335	259	0	123
Sample396	537	177	170	0	124
Sample397	616	98	121	41	103
Sample398	552	75	242	20	137
Sample399	510	41	28	359	30
Sample400	204	443	203	117	68
Sample401	215	90	499	168	0
Sample402	575	73	23	242	73
Sample403	562	32	96	283	12
Sample404	489	92	164	192	76
Sample405	627	139	83	92	67
Sample406	269	528	122	0	69
Sample407	218	24	255	365	100
Sample408	265	406	315	0	0
Sample409	116	388	246	151	81
Sample410	598	25	118	147	104
Sample411	256	177	266	283	38
Sample412	553	250	133	0	49
Sample413	218	405	144	189	25
Sample414	202	447	153	156	70
Sample415	328	244	255	0	155
Sample416	263	53	590	11	102
Sample417	367	12	0	489	112
Sample418	215	90	499	168	0
Sample419	567	115	94	154	62
Sample420	288	0	1	446	278
Sample421	139	498	209	31	98
Sample422	244	230	0	291	239
Sample423	547	168	171	40	63
Sample424	244	560	139	0	43
Sample425	598	88	120	89	105
Sample426	580	169	156	0	87
Sample427	295	0	29	418	261
Sample428	563	83	239	7	87
Sample429	529	161	184	0	126
Sample430	215	90	499	168	0
Sample431	549	153	161	38	99
Sample432	574	106	55	163	110
Sample433	145	56	372	0	426
Sample434	553	75	150	136	78
Sample435	322	160	167	135	239
Sample436	561	129	80	206	32
Sample437	541	37	206	149	75
Sample438	338	53	0	411	183
Sample439	189	477	186	0	121
Sample440	203	433	99	267	14
Sample441	491	0	237	161	89
Sample442	541	63	137	171	69
Sample443	320	0	175	472	33
Sample444	476	218	211	0	111
Sample445	563	0	32	362	56
Sample446	578	82	116	150	66
Sample447	113	447	104	138	217
Sample448	578	58	147	125	77
Sample449	129	475	60	278	29
Sample450	558	67	242	0	112
Sample451	535	173	50	175	81
Sample452	287	115	0	365	241
Sample453	572	92	185	0	129
Sample454	203	524	69	0	218
Sample455	101	321	48	553	0
Sample456	470	119	140	205	47
Sample457	502	41	0	318	158
Sample458	604	98	56	194	56
Sample459	527	164	161	0	140
Sample460	241	41	42	457	237
Sample461	486	170	213	77	62
Sample462	571	98	160	72	99
Sample463	216	453	223	0	75
Sample464	549	162	177	0	84
Sample465	570	183	126	0	101
Sample466	492	143	251	39	75
Sample467	266	363	327	0	64
Sample468	684	30	92	61	114
Sample469	587	31	144	117	113
Sample470	575	149	58	156	62
Sample471	344	407	182	0	95
Sample472	273	511	196	0	55
Sample473	449	168	263	0	138
Sample474	507	121	51	267	75
Sample475	124	0	510	222	114
Sample476	257	209	490	0	62
Sample477	568	189	150	0	82
Sample478	588	174	117	0	101
Sample479	534	95	110	244	32
Sample480	158	434	139	155	94
Sample481	583	179	71	91	62
Sample482	601	76	98	177	27
Sample483	546	178	174	0	116
Sample484	591	127	114	64	90
Sample485	634	165	87	19	81
Sample486	633	170	166	0	20
Sample487	225	433	176	0	149
Sample488	557	80	245	0	126
Sample489	581	64	79	181	67
Sample490	627	139	83	92	67
Sample491	66	371	17	522	3
Sample492	67	502	246	0	202
Sample493	481	105	88	213	136
Sample494	90	520	260	0	99
Sample495	503	83	89	270	36
Sample496	242	111	0	425	194
Sample497	273	339	380	0	0
Sample498	112	535	250	0	115
Sample499	517	88	149	171	67
Sample500	96	254	461	0	202
Sample501	66	118	571	0	253
Sample502	617	179	105	0	91
Sample503	552	210	0	180	71
Sample504	583	245	45	70	75
Sample505	545	0	129	267	75
Sample506	223	358	220	0	173
Sample507	630	80	141	0	129
Sample508	526	208	179	0	87
Sample509	112	320	117	300	165
Sample510	302	37	0	480	165
Sample511	288	202	104	158	263
Sample512	501	0	98	379	47
Sample513	620	0	84	208	76
Sample514	346	82	70	202	326
Sample515	509	159	235	0	97
Sample516	171	85	0	521	231
Sample517	591	31	57	259	70
Sample518	572	79	152	88	94
Sample519	580	0	130	163	127
Sample520	566	100	122	137	67
Sample521	531	63	221	0	177
Sample522	422	79	0	291	187
Sample523	273	482	96	26	102
Sample524	462	130	248	101	67
Sample525	296	43	49	302	318
Sample526	548	183	195	0	53
Sample527	183	60	0	484	281
Sample528	215	90	499	168	0
Sample529	556	150	137	42	94
Sample530	279	309	337	0	60
Sample531	536	67	52	224	113
Sample532	300	114	0	261	338
Sample533	473	0	175	325	6
Sample534	209	478	117	139	23
Sample535	497	185	148	118	76
Sample536	394	0	92	469	45
Sample537	546	148	194	0	104
Sample538	497	164	212	0	119
Sample539	269	0	211	288	246
Sample540	133	68	0	613	201
Sample541	444	204	238	0	106
Sample542	70	528	159	148	69
Sample543	532	52	151	173	92
Sample544	570	142	214	0	54
Sample545	286	112	0	290	338
Sample546	219	411	233	98	73
Sample547	655	49	95	0	180
Sample548	262	53	536	0	175
Sample549	107	207	516	0	170
Sample550	610	30	115	146	87
Sample551	549	139	183	0	108
Sample552	579	80	45	226	70
Sample553	542	69	207	96	70
Sample554	547	132	228	0	93
Sample555	172	488	230	0	95
Sample556	589	140	85	147	59
Sample557	551	10	9	364	53
Sample558	588	28	171	70	128
Sample559	414	53	162	282	89
Sample560	452	55	0	357	113
Sample561	145	56	372	0	426
Sample562	611	72	70	179	76
Sample563	135	400	0	405	44
Sample564	602	61	66	184	66
Sample565	581	0	289	0	144
Sample566	622	215	95	0	87
Sample567	574	22	169	87	121
Sample568	165	106	489	0	209
Sample569	266	133	0	474	121
Sample570	590	127	210	0	65
Sample571	621	88	161	0	115
Sample572	394	51	0	346	181
Sample573	205	0	354	403	62
Sample574	491	83	126	214	66
Sample575	233	71	68	302	343
Sample576	145	56	372	0	426
Sample577	504	82	123	181	110
Sample578	528	181	164	0	141
Sample579	149	467	241	40	86
Sample580	612	112	131	0	126
Sample581	577	0	171	214	46
Sample582	153	42	0	633	176
Sample583	571	20	112	188	101
Sample584	186	453	194	34	100
Sample585	145	56	372	0	426
Sample586	558	149	162	0	131
Sample587	57	429	197	0	342
Sample588	555	91	145	123	78
Sample589	248	453	234	0	79
Sample590	123	152	54	624	21
Sample591	523	0	57	344	56
Sample592	169	422	128	283	33
Sample593	42	87	77	745	21
Sample594	422	217	17	224	107
Sample595	540	43	133	191	101
Sample596	282	299	115	0	326
Sample597	82	484	235	0	207
Sample598	487	139	2	302	105
Sample599	599	111	81	143	58
Sample600	241	57	0	413	294
Sample601	587	97	189	0	119
Sample602	461	0	127	351	69
Sample603	256	326	197	0	229
Sample604	623	146	121	42	82
Sample605	546	59	6	330	75
Sample606	516	0	38	365	99
Sample607	480	82	68	268	129
Sample608	556	77	167	122	62
Sample609	563	50	47	244	81
Sample610	159	467	139	0	249
Sample611	595	208	91	38	76
Sample612	444	177	0	153	207
Sample613	548	132	171	0	149
Sample614	166	80	0	523	238
Sample615	625	48	138	28	146
Sample616	554	152	74	169	30
Sample617	116	541	133	0	225
Sample618	614	132	76	85	93
Sample619	578	83	119	202	7
Sample620	633	75	122	52	98
Sample621	537	192	173	0	90
Sample622	606	168	109	33	76
Sample623	434	16	0	458	121
Sample624	88	414	104	366	0
Sample625	373	252	0	205	164
Sample626	506	220	86	182	30
Sample627	304	124	37	263	292
Sample628	327	117	0	390	183
Sample629	597	179	98	0	134
Sample630	162	0	351	429	21
Sample631	516	72	45	341	12
Sample632	537	184	196	0	91
Sample633	201	446	250	0	71
Sample634	182	426	139	200	27
Sample635	636	112	106	0	131
Sample636	651	152	90	0	95
Sample637	543	34	107	239	92
Sample638	567	77	97	174	85
Sample639	551	0	155	181	91
Sample640	265	429	183	0	103
Sample641	496	93	222	97	84
Sample642	567	23	59	296	44
Sample643	253	160	115	163	323
Sample644	294	413	222	0	99
Sample645	593	0	68	258	62
Sample646	117	481	160	0	255
Sample647	152	385	95	303	50
Sample648	2	532	238	0	230
Sample649	431	49	102	418	0
Sample650	440	195	277	0	96
Sample651	560	121	148	22	141
Sample652	505	178	230	0	105
Sample653	520	128	248	37	59
Sample654	236	320	254	134	83
Sample655	551	144	81	150	66
Sample656	606	65	108	189	32
Sample657	532	0	151	163	139
Sample658	362	0	440	192	47
Sample659	342	131	0	394	107
Sample660	104	471	213	0	229
Sample661	144	516	215	13	79
Sample662	190	369	0	398	12
Sample663	489	118	57	227	124
Sample664	572	121	187	0	105
Sample665	197	83	69	414	253
Sample666	117	591	150	0	147
Sample667	300	0	518	200	14
Sample668	666	105	127	0	91
Sample669	334	218	0	194	261
Sample670	344	436	212	0	23
Sample671	163	525	216	0	90
Sample672	555	113	128	148	64
Sample673	617	179	105	0	91
Sample674	329	0	0	504	175
Sample675	552	46	101	207	79
Sample676	259	43	0	529	185
Sample677	550	46	165	151	103
Sample678	335	0	0	515	158
Sample679	485	142	108	85	155
Sample680	602	120	122	25	110
Sample681	492	177	232	0	99
Sample682	513	238	151	24	66
Sample683	498	104	158	137	88
Sample684	594	43	76	191	88
Sample685	169	498	146	0	198
Sample686	521	0	223	140	124
Sample687	543	116	218	15	116
Sample688	605	93	127	63	104
Sample689	627	139	83	92	67
Sample690	63	538	224	0	192
Sample691	574	70	245	0	82
Sample692	470	158	274	0	106
Sample693	606	206	96	0	78
Sample694	628	144	102	46	80
Sample695	543	158	196	0	103
Sample696	588	37	127	161	72
Sample697	223	441	243	0	70
Sample698	557	56	61	191	116
Sample699	94	525	273	0	116
Sample700	223	435	267	0	109
Sample701	548	131	219	0	117
Sample702	571	279	111	0	52
Sample703	328	126	0	372	187
Sample704	615	125	99	84	91
Sample705	257	433	204	0	74
Sample706	516	0	207	203	74
Sample707	611	30	112	154	82
Sample708	181	262	112	317	115
Sample709	168	103	502	21	207
Sample710	559	9	165	158	87
Sample711	171	469	221	0	126
Sample712	47	116	394	274	150
Sample713	662	105	143	0	79
Sample714	256	391	179	109	80
Sample715	530	222	171	0	104
Sample716	516	117	116	167	84
Sample717	215	90	499	168	0
Sample718	45	512	271	75	77
Sample719	238	346	267	0	183
Sample720	469	137	196	27	156
Sample721	627	178	105	20	57
Sample722	155	468	338	0	54
Sample723	516	194	209	0	94
Sample724	601	40	136	194	44
Sample725	164	502	232	0	103
Sample726	150	499	104	114	100
Sample727	522	156	151	118	41
Sample728	524	93	39	336	24
Sample729	317	334	335	0	0
Sample730	145	323	182	294	39
Sample731	240	397	159	171	67
Sample732	501	24	137	309	21
Sample733	535	173	154	0	124
Sample734	520	94	49	237	83
Sample735	552	167	149	0	132
Sample736	596	69	239	0	96
Sample737	335	191	39	281	136
Sample738	174	512	169	0	164
Sample739	590	225	90	0	82
Sample740	501	201	126	125	27
Sample741	569	105	94	144	76
Sample742	227	271	94	162	262
Sample743	550	55	95	208	77
Sample744	533	0	120	261	74
Sample745	443	92	152	260	73
Sample746	514	57	234	0	175
Sample747	27	376	349	0	262
Sample748	130	497	180	80	93
Sample749	583	83	67	191	57
Sample750	226	450	297	0	55
Sample751	556	174	196	0	92
Sample752	215	90	499	168	0
Sample753	544	206	108	0	128
Sample754	570	191	142	0	83
Sample755	596	33	94	197	65
Sample756	596	140	84	127	53
Sample757	140	462	255	0	126
Sample758	147	391	137	226	84
Sample759	478	74	24	333	113
Sample760	536	115	231	0	103
Sample761	588	134	95	112	79
Sample762	532	180	156	0	132
Sample763	535	143	196	0	111
Sample764	220	421	197	95	37
Sample765	550	0	86	319	45
Sample766	621	73	105	80	101
Sample767	280	425	277	0	0
Sample768	530	161	228	0	96
Sample769	464	96	0	288	133
Sample770	517	163	118	167	13
Sample771	611	102	105	122	86
Sample772	513	130	230	0	111
Sample773	507	120	65	250	38
Sample774	516	115	215	0	134
Sample775	434	51	63	232	198
Sample776	215	90	499	168	0
Sample777	55	453	259	0	247
Sample778	533	76	261	0	122
Sample779	145	599	208	0	27
Sample780	482	221	179	59	73
Sample781	515	80	0	400	18
Sample782	643	77	93	67	100
Sample783	515	25	3	442	15
Sample784	272	73	59	326	284
Sample785	548	80	61	329	0
Sample786	529	127	152	38	139
Sample787	517	9	145	337	0
Sample788	143	505	209	0	125
Sample789	248	446	70	128	81
Sample790	547	169	190	0	94
Sample791	640	87	195	0	86
Sample792	402	136	312	62	122
Sample793	265	0	396	188	174
Sample794	488	87	0	209	183
Sample795	508	175	189	0	145
Sample796	209	0	0	636	143
Sample797	569	52	186	52	141
Sample798	256	415	142	133	76
Sample799	125	461	150	184	54
Sample800	540	90	121	167	74
Sample801	584	100	201	0	115
Sample802	187	349	305	0	128
Sample803	584	156	140	0	128
Sample804	556	68	139	165	90
Sample805	630	29	101	124	97
Sample806	590	54	133	101	112
Sample807	615	125	99	84	91
Sample808	301	0	111	499	59
Sample809	115	506	123	206	31
Sample810	558	0	163	172	92
Sample811	586	124	149	43	98
Sample812	524	220	44	217	21
Sample813	594	97	65	149	74
Sample814	554	201	156	0	75
Sample815	593	170	73	76	88
Sample816	154	619	174	0	33
Sample817	537	161	56	188	92
Sample818	76	152	543	28	194
Sample819	522	282	45	0	134
Sample820	429	52	11	367	117
Sample821	530	18	145	253	73
Sample822	545	0	110	259	70
Sample823	560	58	129	218	35
Sample824	630	29	101	124	97
Sample825	200	271	205	220	84
Sample826	29	374	294	179	98
Sample827	485	12	142	297	72
Sample828	531	34	8	335	100
Sample829	556	228	144	0	64
Sample830	49	469	275	0	216
Sample831	603	0	88	212	76
Sample832	232	395	194	107	99
Sample833	532	27	50	348	35
Sample834	474	88	119	261	71
Sample835	215	90	499	168	0
Sample836	533	0	241	75	136
Sample837	185	465	72	206	60
Sample838	577	21	104	216	61
Sample839	548	65	168	143	94
Sample840	146	54	373	0	435
Sample841	282	357	77	192	73
Sample842	591	0	173	113	142
Sample843	215	90	499	168	0
Sample844	634	69	79	137	73
Sample845	163	557	199	0	47
Sample846	292	158	0	343	222
Sample847	399	34	0	368	200
Sample848	560	9	99	314	26
Sample849	252	117	0	377	267
Sample850	244	0	417	318	20
Sample851	383	221	311	0	99
Sample852	452	96	333	0	127
Sample853	225	472	103	110	77
Sample854	379	48	0	459	82
Sample855	215	90	499	168	0
Sample856	615	125	99	84	91
Sample857	34	109	400	207	230
Sample858	629	146	100	8	97
Sample859	246	39	21	445	257
Sample860	557	94	158	82	101
Sample861	596	140	84	127	53
Sample862	572	199	124	7	106
Sample863	581	98	162	44	107
Sample864	522	208	183	0	87
Sample865	102	349	1	477	38
Sample866	615	131	136	0	118
Sample867	568	76	125	154	77
Sample868	181	0	295	462	25
Sample869	325	80	343	0	272
Sample870	593	186	73	1	161
Sample871	281	116	230	239	153
Sample872	215	90	499	168	0
Sample873	196	379	151	272	36
Sample874	615	125	99	84	91
Sample875	404	128	292	0	138
Sample876	552	149	158	98	22
Sample877	215	90	499	168	0
Sample878	108	562	133	0	212
Sample879	243	33	309	322	74
Sample880	124	0	510	222	114
Sample881	453	301	173	0	88
Sample882	517	188	226	0	86
Sample883	325	343	289	0	28
Sample884	499	96	276	0	144
Sample885	536	158	161	0	145
Sample886	516	157	234	36	72
Sample887	479	228	171	0	114
Sample888	615	45	148	139	32
Sample889	129	437	221	124	69
Sample890	615	125	99	84	91
Sample891	500	106	193	90	111
Sample892	603	136	111	51	79
Sample893	508	95	57	268	64
Sample894	356	76	0	352	204
Sample895	222	37	0	490	267
Sample896	107	397	153	179	141
Sample897	586	70	151	50	115
Sample898	145	56	372	0	426
Sample899	590	29	135	158	80
Sample900	145	436	204	157	25
Sample901	577	133	190	20	98
Sample902	515	0	66	338	81
Sample903	548	113	0	189	124
Sample904	585	122	217	0	90
Sample905	469	153	214	0	164
Sample906	492	130	12	314	39
Sample907	600	86	116	62	115
Sample908	488	215	184	0	135
Sample909	530	154	202	0	128
Sample910	52	439	281	0	234
Sample911	575	111	108	127	71
Sample912	576	174	137	0	92
Sample913	161	423	179	100	118
Sample914	241	109	201	430	0
Sample915	566	98	225	0	91
Sample916	250	60	15	482	192
Sample917	550	147	133	86	98
Sample918	665	92	75	80	75
Sample919	308	97	0	355	226
Sample920	186	358	101	266	63
Sample921	454	324	153	0	93
Sample922	523	84	50	346	5
Sample923	570	6	121	231	57
Sample924	38	217	523	0	203
Sample925	501	34	103	303	82
Sample926	619	80	164	0	117
Sample927	538	109	156	119	78
Sample928	34	521	213	147	61
Sample929	474	97	132	243	68
Sample930	358	74	0	459	84
Sample931	215	90	499	168	0
Sample932	499	118	218	0	157
Sample933	357	125	0	356	183
Sample934	155	45	410	0	404
Sample935	619	158	136	0	75
Sample936	321	35	0	498	164
Sample937	142	15	0	667	179
Sample938	550	96	182	24	133
Sample939	563	95	152	124	51
Sample940	179	106	0	504	210
Sample941	215	90	499	168	0
Sample942	191	99	435	0	290
Sample943	133	379	134	392	0
Sample944	595	14	234	89	103
Sample945	567	159	166	0	93
Sample946	255	42	0	445	266
Sample947	219	92	0	492	213
Sample948	572	106	173	0	134
Sample949	426	37	0	278	233
Sample950	215	90	499	168	0
Sample951	524	16	151	242	75
Sample952	179	113	0	536	172
Sample953	589	173	132	0	106
Sample954	473	56	76	387	0
Sample955	501	41	258	41	136
Sample956	599	0	138	137	111
Sample957	111	432	275	0	197
Sample958	523	61	27	400	3
Sample959	554	60	194	113	98
Sample960	189	0	0	591	239
Sample961	514	212	173	0	121
Sample962	547	0	247	43	155
Sample963	231	277	128	93	289
Sample964	215	90	499	168	0
Sample965	245	440	177	48	72
Sample966	195	357	245	157	61
Sample967	233	36	400	155	156
Sample968	122	599	160	0	127
Sample969	412	149	4	247	162
Sample970	148	586	184	0	66
Sample971	145	56	372	0	426
Sample972	395	0	169	329	115
Sample973	215	90	499	168	0
Sample974	594	163	162	0	89
Sample975	215	90	499	168	0
Sample976	145	516	254	0	72
Sample977	560	144	127	27	150
Sample978	556	188	116	0	126
Sample979	109	243	444	0	186
Sample980	228	116	263	273	131
Sample981	541	99	201	21	116
Sample982	605	152	56	141	38
Sample983	609	209	133	0	72
Sample984	627	139	83	92	67
Sample985	162	537	230	0	59
Sample986	267	520	189	0	51
Sample987	258	371	377	0	2
Sample988	565	8	0	411	30
Sample989	564	38	118	235	37
Sample990	372	78	117	263	154
Sample991	593	54	200	0	131
Sample992	610	113	144	9	132
Sample993	640	124	46	45	153
Sample994	592	152	194	0	80
Sample995	560	150	0	259	58
Sample996	558	0	176	177	81
Sample997	580	76	41	249	46
Sample998	354	11	30	423	190
Sample999	201	442	150	135	53
Sample1000	618	76	128	78	80
Sample1001	495	117	236	34	144
Sample1002	591	121	170	0	118
Sample1003	506	209	195	0	69
Sample1004	151	542	182	4	98
Sample1005	593	167	122	0	96
Sample1006	527	74	94	293	20
Sample1007	553	171	192	0	84
Sample1008	260	503	163	0	60
Sample1009	567	100	226	0	107
Sample1010	611	19	147	132	106
Sample1011	563	95	265	0	92
Sample1012	380	0	502	0	135
Sample1013	596	140	84	127	53
Sample1014	171	515	173	0	122
Sample1015	421	83	113	316	67
Sample1016	574	190	91	54	105
Sample1017	188	171	0	341	318
Sample1018	291	326	365	0	18
Sample1019	462	85	103	224	94
Sample1020	627	139	83	92	67
Sample1021	219	51	12	515	211
Sample1022	583	131	40	151	81
Sample1023	215	90	499	168	0
Sample1024	259	113	74	335	235
Sample1025	544	107	90	206	53
Sample1026	202	37	606	10	180
Sample1027	555	170	165	25	93
Sample1028	330	276	49	140	224
Sample1029	170	449	128	199	34
Sample1030	545	32	132	212	64
Sample1031	215	90	499	168	0
Sample1032	293	145	0	445	129
Sample1033	241	221	240	0	303
Sample1034	525	205	180	0	111
Sample1035	518	36	198	122	111
Sample1036	196	477	57	183	66
Sample1037	197	450	151	160	71
Sample1038	219	14	0	503	272
Sample1039	198	3	459	343	5
Sample1040	512	7	59	331	99
Sample1041	414	176	227	101	68
Sample1042	600	147	98	55	88
Sample1043	215	90	499	168	0
Sample1044	97	132	510	0	255
Sample1045	550	78	168	101	92
Sample1046	500	130	249	0	148
Sample1047	537	210	0	219	53
Sample1048	552	125	207	0	96
Sample1049	604	51	209	0	114
Sample1050	562	0	90	224	109
Sample1051	194	494	142	0	143
Sample1052	140	602	163	0	74
Sample1053	614	84	185	8	101
Sample1054	452	37	2	433	91
Sample1055	226	349	149	209	103
Sample1056	531	247	167	0	63
Sample1057	577	76	90	155	94
Sample1058	202	326	161	232	51
Sample1059	311	36	0	323	348
Sample1060	311	114	11	250	319
Sample1061	414	224	114	0	235
Sample1062	406	2	6	365	208
Sample1063	127	356	118	296	77
Sample1064	581	144	151	0	124
Sample1065	598	86	59	154	88
Sample1066	120	459	152	152	82
Sample1067	600	71	89	137	82
Sample1068	601	181	144	0	82
Sample1069	215	90	499	168	0
Sample1070	57	556	191	0	203
Sample1071	207	288	244	239	38
Sample1072	499	65	31	356	57
Sample1073	65	523	192	0	238
Sample1074	450	85	0	337	103
Sample1075	484	189	228	0	99
Sample1076	590	109	145	123	41
Sample1077	538	0	40	327	95
Sample1078	535	25	191	69	165
Sample1079	268	0	629	47	75
Sample1080	144	487	123	182	39
Sample1081	537	130	238	0	103
Sample1082	615	82	85	143	67
Sample1083	541	95	99	232	41
Sample1084	439	35	0	436	125
Sample1085	603	97	159	34	99
Sample1086	611	117	89	99	70
Sample1087	624	189	98	0	75
Sample1088	325	181	346	0	133
Sample1089	561	98	186	14	122
Sample1090	90	394	263	207	81
Sample1091	520	209	140	10	121
Sample1092	559	86	107	169	87
Sample1093	589	73	171	0	147
Sample1094	600	107	64	128	93
Sample1095	252	147	70	224	307
Sample1096	536	185	193	0	71
Sample1097	571	71	204	64	76
Sample1098	640	135	78	49	106
Sample1099	443	61	0	404	67
Sample1100	208	130	0	488	181
Sample1101	537	114	157	144	67
Sample1102	264	51	24	369	288
Sample1103	382	112	0	292	222
Sample1104	311	0	0	446	224
Sample1105	554	94	258	0	102
Sample1106	446	179	218	0	157
Sample1107	483	200	153	0	156
Sample1108	562	54	172	89	108
Sample1109	393	177	286	82	33
Sample1110	643	31	145	37	144
Sample1111	366	172	0	335	109
Sample1112	568	173	152	0	88
Sample1113	332	0	339	246	106
Sample1114	416	106	36	357	111
Sample1115	594	62	80	185	59
Sample1116	154	0	442	389	15
Sample1117	383	0	472	73	80
Sample1118	525	128	63	257	6
Sample1119	253	362	220	2	128
Sample1120	532	128	174	80	94
Sample1121	0	412	309	0	311
Sample1122	316	0	0	571	114
Sample1123	224	473	167	0	122
Sample1124	550	129	154	101	66
Sample1125	519	188	167	0	150
Sample1126	543	113	202	47	110
Sample1127	384	142	208	194	56
Sample1128	544	138	107	157	46
Sample1129	170	389	166	178	79
Sample1130	246	32	42	444	221
Sample1131	627	139	83	92	67
Sample1132	188	0	65	606	163
Sample1133	479	121	186	134	107
Sample1134	203	446	41	214	64
Sample1135	241	177	0	372	224
Sample1136	106	423	253	0	234
Sample1137	531	89	178	106	96
Sample1138	481	34	113	344	42
Sample1139	419	51	179	339	39
Sample1140	199	313	291	0	165
Sample1141	215	90	499	168	0
Sample1142	215	90	499	168	0
Sample1143	251	425	252	0	93
Sample1144	322	160	167	135	239
Sample1145	305	80	0	372	239
Sample1146	520	181	207	0	118
Sample1147	159	546	202	16	52
Sample1148	588	7	58	294	45
Sample1149	546	224	115	88	63
Sample1150	609	148	125	0	110
Sample1151	179	502	232	0	88
Sample1152	263	72	0	368	312
Sample1153	215	90	499	168	0
Sample1154	134	522	183	58	76
Sample1155	378	0	15	453	141
Sample1156	622	120	164	0	83
Sample1157	562	161	135	0	128
Sample1158	505	276	158	0	69
Sample1159	128	439	107	286	15
Sample1160	229	70	0	477	231
Sample1161	556	73	86	152	147
Sample1162	595	163	151	0	76
Sample1163	346	86	125	213	203
Sample1164	560	123	212	13	100
Sample1165	173	446	134	115	114
Sample1166	584	0	98	213	90
Sample1167	216	62	22	504	192
Sample1168	400	213	183	93	119
Sample1169	614	65	66	191	72
Sample1170	276	376	327	0	0
Sample1171	190	350	0	371	56
Sample1172	571	159	121	83	58
Sample1173	646	84	143	0	90
Sample1174	608	58	89	161	72
Sample1175	547	128	67	168	98
Sample1176	536	214	98	78	82
Sample1177	578	85	175	40	100
Sample1178	199	392	104	242	43
Sample1179	560	126	120	135	51
Sample1180	590	183	144	0	69
Sample1181	615	125	99	84	91
Sample1182	57	558	199	0	208
Sample1183	552	133	204	0	111
Sample1184	568	119	256	0	65
Sample1185	584	6	82	245	63
Sample1186	587	102	160	0	143
Sample1187	561	160	187	7	106
Sample1188	566	165	32	248	3
Sample1189	181	419	210	0	207
Sample1190	556	48	57	227	92
Sample1191	167	429	201	92	96
Sample1192	114	397	130	268	73
Sample1193	164	105	546	185	28
Sample1194	147	608	164	0	57
Sample1195	560	89	73	230	48
Sample1196	605	111	162	0	122
Sample1197	232	110	0	424	232
Sample1198	509	227	176	0	107
Sample1199	627	139	83	92	67
Sample1200	140	326	95	344	75
Sample1201	123	499	173	135	52
Sample1202	491	39	117	227	126
Sample1203	524	106	94	270	14
Sample1204	617	138	78	91	68
Sample1205	385	183	245	91	108
Sample1206	587	144	170	13	78
Sample1207	510	30	110	296	46
Sample1208	309	0	478	213	24
Sample1209	586	60	83	187	56
Sample1210	633	90	91	58	113
Sample1211	359	167	282	0	177
Sample1212	570	188	131	0	111
Sample1213	609	65	116	99	111
Sample1214	222	494	216	0	54
Sample1215	569	0	147	171	91
Sample1216	586	235	104	32	70
Sample1217	568	151	147	0	119
Sample1218	283	73	0	378	279
Sample1219	254	369	66	252	41
Sample1220	574	70	99	177	65
Sample1221	88	398	162	0	322
Sample1222	558	114	188	69	96
Sample1223	389	80	25	366	134
Sample1224	488	89	251	79	83
Sample1225	498	53	110	313	41
Sample1226	501	19	95	309	102
Sample1227	631	141	140	0	76
Sample1228	350	73	432	108	0
Sample1229	156	577	224	0	19
Sample1230	434	53	0	275	222
Sample1231	271	419	208	60	75
Sample1232	569	43	128	182	66
Sample1233	569	66	79	211	55
Sample1234	477	60	118	321	39
Sample1235	110	467	169	0	267
Sample1236	557	58	102	210	53
Sample1237	615	125	99	84	91
Sample1238	196	386	242	0	150
Sample1239	638	103	73	99	79
Sample1240	122	466	278	0	121
Sample1241	286	114	18	365	189
Sample1242	532	156	209	0	103
Sample1243	66	390	94	431	0
Sample1244	559	74	0	289	101
Sample1245	112	370	106	391	0
Sample1246	599	114	88	57	150
Sample1247	555	10	101	285	30
Sample1248	157	338	121	356	56
Sample1249	568	118	142	65	99
Sample1250	52	406	47	397	77
Sample1251	581	87	181	0	136
Sample1252	300	0	4	564	119
Sample1253	550	155	108	71	124
Sample1254	538	193	175	0	86
Sample1255	611	191	95	28	60
Sample1256	543	48	140	176	101
Sample1257	597	177	114	0	112
Sample1258	551	168	139	0	121
Sample1259	562	59	43	262	82
Sample1260	74	445	364	0	101
Sample1261	197	60	0	531	230
Sample1262	612	62	81	146	79
Sample1263	543	95	145	135	74
Sample1264	478	11	77	363	93
Sample1265	614	122	135	0	109
Sample1266	164	537	188	17	68
Sample1267	198	375	209	75	118
Sample1268	603	81	4	224	106
Sample1269	558	68	154	62	150
Sample1270	325	454	60	0	142
Sample1271	450	8	84	425	48
Sample1272	495	0	22	330	127
Sample1273	533	170	223	0	89
Sample1274	344	28	0	416	213
Sample1275	140	415	63	326	37
Sample1276	232	98	0	474	211
Sample1277	215	90	499	168	0
Sample1278	101	332	82	420	49
Sample1279	546	17	37	339	47
Sample1280	265	2	0	441	278
Sample1281	272	131	0	301	304
Sample1282	418	293	148	0	120
Sample1283	214	397	149	0	242
Sample1284	596	140	84	127	53
Sample1285	106	456	317	0	122
Sample1286	366	150	429	0	19
Sample1287	547	17	86	258	72
Sample1288	132	171	83	545	50
Sample1289	572	148	175	0	94
Sample1290	472	193	177	111	55
Sample1291	381	130	0	418	90
Sample1292	586	59	159	93	111
Sample1293	497	30	65	371	29
Sample1294	516	262	150	0	85
Sample1295	394	212	248	0	146
Sample1296	323	0	30	538	117
Sample1297	327	137	31	222	291
Sample1298	132	415	332	0	86
Sample1299	135	497	194	0	192
Sample1300	542	111	99	197	51
Sample1301	520	204	158	0	126
Sample1302	0	110	519	151	241
Sample1303	293	146	461	0	92
Sample1304	262	93	543	21	89
Sample1305	355	0	20	414	223
Sample1306	521	110	0	246	157
Sample1307	529	147	88	151	103
Sample1308	221	515	91	100	46
Sample1309	603	126	156	0	107
Sample1310	446	1	400	0	136
Sample1311	133	433	189	103	128
Sample1312	0	465	149	0	360
Sample1313	375	65	0	419	109
Sample1314	591	161	135	0	98
Sample1315	190	85	65	386	276
Sample1316	215	90	499	168	0
Sample1317	510	145	235	0	118
Sample1318	631	145	100	0	104
Sample1319	215	90	499	168	0
Sample1320	608	154	167	0	79
Sample1321	167	304	0	473	24
Sample1322	219	0	16	546	234
Sample1323	338	111	129	60	363
Sample1324	135	491	175	104	63
Sample1325	595	65	122	91	127
Sample1326	433	322	0	123	97
Sample1327	179	440	187	123	38
Sample1328	293	306	363	0	18
Sample1329	600	201	163	0	44
Sample1330	592	95	151	7	140
Sample1331	99	353	161	321	32
Sample1332	218	73	44	399	273
Sample1333	549	270	131	0	58
Sample1334	67	602	89	0	215
Sample1335	179	319	5	412	73
Sample1336	585	163	117	0	120
Sample1337	528	90	177	112	93
Sample1338	199	441	210	0	151
Sample1339	596	91	200	0	105
Sample1340	181	421	96	282	0
Sample1341	563	147	129	95	82
Sample1342	193	306	154	369	13
Sample1343	519	0	164	264	34
Sample1344	196	0	401	419	1
Sample1345	564	110	222	0	131
Sample1346	623	131	138	0	93
Sample1347	550	147	0	175	102
Sample1348	583	35	75	237	58
Sample1349	101	344	89	418	21
Sample1350	416	199	321	0	45
Sample1351	102	582	130	0	217
Sample1352	588	134	95	112	79
Sample1353	272	6	0	538	200
Sample1354	194	460	227	0	101
Sample1355	186	468	129	90	106
Sample1356	599	152	137	0	97
Sample1357	592	113	57	99	124
Sample1358	286	22	0	450	257
Sample1359	539	89	170	140	54
Sample1360	634	84	84	99	88
Sample1361	180	437	225	48	90
Sample1362	77	328	33	542	0
Sample1363	187	435	239	35	79
Sample1364	558	21	135	172	93
Sample1365	459	67	143	241	124
Sample1366	513	107	245	32	121
Sample1367	618	69	108	119	105
Sample1368	496	0	121	318	73
Sample1369	32	556	201	0	214
Sample1370	554	152	82	148	44
Sample1371	563	188	86	132	39
Sample1372	386	77	196	247	75
Sample1373	204	490	125	152	57
Sample1374	593	85	99	138	77
Sample1375	509	71	61	257	102
Sample1376	579	73	108	82	146
Sample1377	549	166	176	0	101
Sample1378	629	146	100	8	97
Sample1379	624	58	51	181	73
Sample1380	323	61	82	290	262
Sample1381	202	429	226	0	127
Sample1382	40	0	356	590	0
Sample1383	509	164	111	79	123
Sample1384	437	62	3	444	88
Sample1385	161	371	249	110	91
Sample1386	490	89	135	261	33
Sample1387	539	157	151	31	122
Sample1388	503	0	93	361	51
Sample1389	569	112	159	87	81
Sample1390	93	466	64	318	48
Sample1391	229	387	298	0	113
Sample1392	303	171	121	215	180
Sample1393	226	225	32	497	0
Sample1394	588	63	203	55	80
Sample1395	577	128	151	100	59
Sample1396	549	156	140	0	155
Sample1397	618	168	116	0	90
Sample1398	555	0	147	199	80
Sample1399	583	148	56	184	29
Sample1400	561	70	223	19	119
Sample1401	550	168	140	87	55
Sample1402	428	20	380	127	87
Sample1403	198	450	258	2	67
Sample1404	526	23	20	343	69
Sample1405	600	176	62	92	62
Sample1406	0	616	226	0	172
Sample1407	524	109	228	37	94
Sample1408	85	418	158	272	48
Sample1409	605	176	132	0	95
Sample1410	596	140	84	127	53
Sample1411	416	196	0	171	199
Sample1412	37	231	539	0	194
Sample1413	627	139	83	92	67
Sample1414	623	161	107	0	109
Sample1415	189	380	148	244	11
Sample1416	120	333	126	415	0
Sample1417	496	43	157	215	81
Sample1418	524	71	172	175	58
Sample1419	216	440	145	0	167
Sample1420	501	125	265	0	127
Sample1421	480	154	181	145	66
Sample1422	280	120	0	266	330
Sample1423	223	55	0	465	227
Sample1424	443	114	0	250	173
Sample1425	541	169	164	0	134
Sample1426	210	490	177	0	96
Sample1427	627	139	83	92	67
Sample1428	107	432	324	0	118
Sample1429	658	71	143	36	81
Sample1430	245	393	86	230	81
Sample1431	630	0	123	154	107
Sample1432	571	0	119	220	82
Sample1433	215	90	499	168	0
Sample1434	141	513	257	0	76
Sample1435	643	48	68	152	81
Sample1436	528	125	184	62	80
Sample1437	643	180	69	68	54
Sample1438	627	164	122	0	72
Sample1439	215	90	499	168	0
Sample1440	507	178	169	79	80
Sample1441	194	461	173	157	50
Sample1442	564	165	174	4	108
Sample1443	600	159	119	15	87
Sample1444	124	401	85	315	41
Sample1445	191	526	195	0	62
Sample1446	498	62	142	242	82
Sample1447	204	354	173	198	45
Sample1448	565	119	146	78	78
Sample1449	599	108	131	0	154
Sample1450	563	55	90	206	101
Sample1451	384	63	0	429	125
Sample1452	562	112	190	0	136
Sample1453	583	131	40	151	81
Sample1454	333	108	0	426	152
Sample1455	584	132	106	114	64
Sample1456	582	103	188	0	119
Sample1457	568	8	127	267	10
Sample1458	59	495	220	0	244
Sample1459	542	150	153	73	90
Sample1460	127	470	122	236	26
Sample1461	577	136	205	0	62
Sample1462	153	486	198	0	179
Sample1463	265	0	397	206	161
Sample1464	513	32	110	259	86
Sample1465	612	8	96	165	92
Sample1466	546	131	201	0	114
Sample1467	117	443	250	0	207
Sample1468	560	154	174	0	139
Sample1469	550	60	206	0	184
Sample1470	476	189	156	102	77
Sample1471	209	137	223	238	164
Sample1472	156	466	218	101	43
Sample1473	105	472	165	0	274
Sample1474	163	294	261	267	38
Sample1475	625	121	63	90	81
Sample1476	124	493	219	87	65
Sample1477	420	130	0	319	120
Sample1478	594	125	84	144	53
Sample1479	534	59	156	137	99
Sample1480	581	104	101	127	66
Sample1481	307	38	43	319	301
Sample1482	529	50	129	226	58
Sample1483	569	182	125	0	103
Sample1484	560	26	204	36	152
Sample1485	588	134	95	112	79
Sample1486	583	114	176	0	127
Sample1487	319	122	65	360	122
Sample1488	528	90	153	165	72
Sample1489	598	92	34	179	82
Sample1490	578	36	158	91	115
Sample1491	88	540	184	0	199
Sample1492	226	392	280	0	129
Sample1493	467	116	62	211	180
Sample1494	106	488	156	0	268
Sample1495	540	63	160	160	69
Sample1496	323	284	268	0	111
Sample1497	515	171	184	40	116
Sample1498	652	151	99	0	90
Sample1499	609	33	133	118	88
Sample1500	244	391	157	106	77
Sample1501	124	421	102	306	21
Sample1502	281	99	103	183	353
Sample1503	543	116	77	281	0
Sample1504	531	106	65	180	136
Sample1505	447	64	152	287	42
Sample1506	208	3	0	532	275
Sample1507	306	0	374	211	127
Sample1508	64	492	253	0	194
Sample1509	537	156	115	95	89
Sample1510	624	129	72	99	68
Sample1511	448	56	132	310	81
Sample1512	215	90	499	168	0
Sample1513	530	148	159	55	123
Sample1514	550	5	92	308	25
Sample1515	589	173	132	0	106
Sample1516	546	102	140	95	117
Sample1517	332	456	232	0	0
Sample1518	554	216	53	123	74
Sample1519	215	90	499	168	0
Sample1520	187	504	110	0	216
Sample1521	513	0	124	353	10
Sample1522	105	465	239	0	192
Sample1523	585	62	80	218	69
Sample1524	249	168	196	77	326
Sample1525	596	121	133	91	77
Sample1526	606	91	125	65	92
Sample1527	575	66	71	171	102
Sample1528	194	85	25	497	213
Sample1529	500	81	105	240	66
Sample1530	193	444	131	167	33
Sample1531	546	150	105	76	149
Sample1532	581	60	23	278	50
Sample1533	145	56	372	0	426
Sample1534	199	0	94	507	194
Sample1535	547	100	38	249	87
Sample1536	633	116	82	60	117
Sample1537	607	19	95	207	87
Sample1538	544	303	112	0	49
Sample1539	518	0	190	243	64
Sample1540	556	143	182	0	98
Sample1541	583	0	95	231	91
Sample1542	151	590	108	0	166
Sample1543	291	433	161	0	83
Sample1544	599	135	58	157	43
Sample1545	455	250	222	0	87
Sample1546	489	198	0	122	158
Sample1547	566	62	150	176	38
Sample1548	57	514	199	0	243
Sample1549	617	149	126	0	80
Sample1550	612	62	81	146	79
Sample1551	102	460	212	0	234
Sample1552	145	56	372	0	426
Sample1553	182	350	87	273	89
Sample1554	154	506	85	139	103
Sample1555	174	45	7	572	217
Sample1556	208	34	377	253	91
Sample1557	527	110	101	242	0
Sample1558	561	10	90	290	49
Sample1559	185	529	178	0	88
Sample1560	545	194	135	0	126
Sample1561	632	0	110	152	86
Sample1562	584	68	86	204	38
Sample1563	213	452	228	10	121
Sample1564	145	56	372	0	426
Sample1565	172	492	159	76	66
Sample1566	146	333	106	374	28
Sample1567	336	16	0	512	145
Sample1568	627	139	83	92	67
Sample1569	233	383	213	147	32
Sample1570	200	508	220	0	102
Sample1571	547	113	182	48	125
Sample1572	139	500	204	0	170
Sample1573	538	148	165	0	149
Sample1574	274	182	148	237	170
Sample1575	215	90	499	168	0
Sample1576	279	65	0	569	99
Sample1577	166	426	93	283	12
Sample1578	125	443	110	189	106
Sample1579	590	99	162	0	164
Sample1580	568	142	142	70	86
Sample1581	509	34	0	287	135
Sample1582	582	48	139	126	113
Sample1583	575	78	155	126	58
Sample1584	209	430	210	139	46
Sample1585	592	80	124	82	107
Sample1586	197	540	147	0	103
Sample1587	543	86	97	160	99
Sample1588	212	294	87	130	291
Sample1589	298	0	348	369	9
Sample1590	225	461	152	96	46
Sample1591	523	74	119	147	152
Sample1592	164	398	263	0	150
Sample1593	439	156	223	45	164
Sample1594	525	93	255	0	111
Sample1595	363	0	21	402	190
Sample1596	485	178	176	44	135
Sample1597	197	478	95	146	50
Sample1598	586	81	213	31	89
Sample1599	475	161	123	22	225
Sample1600	470	95	158	219	85
Sample1601	602	160	102	42	102
Sample1602	574	65	120	131	96
Sample1603	610	92	188	0	118
Sample1604	154	474	340	0	68
Sample1605	193	535	201	0	48
Sample1606	105	286	35	537	11
Sample1607	545	128	233	0	94
Sample1608	558	171	144	0	119
Sample1609	555	65	86	181	105
Sample1610	583	136	127	131	49
Sample1611	175	458	373	0	30
Sample1612	533	149	192	51	103
Sample1613	487	120	133	145	123
Sample1614	537	51	88	292	46
Sample1615	181	501	172	0	111
Sample1616	558	160	159	0	149
Sample1617	239	501	145	0	97
Sample1618	215	90	499	168	0
Sample1619	98	503	177	0	224
Sample1620	145	56	372	0	426
Sample1621	507	131	183	116	47
Sample1622	529	88	266	0	109
Sample1623	348	89	236	228	83
Sample1624	154	469	150	199	52
Sample1625	556	81	86	215	70
Sample1626	229	47	134	308	290
Sample1627	58	497	182	0	270
Sample1628	179	186	211	369	81
Sample1629	563	76	138	156	67
Sample1630	208	439	253	0	76
Sample1631	289	134	308	142	141
Sample1632	365	16	26	381	228
Sample1633	375	0	493	0	115
Sample1634	568	59	139	197	37
Sample1635	622	214	81	12	71
Sample1636	524	223	0	94	126
Sample1637	315	110	115	299	148
Sample1638	598	165	116	0	107
Sample1639	680	146	98	0	68
Sample1640	618	134	73	55	106
Sample1641	625	165	99	0	119
Sample1642	342	145	0	315	173
Sample1643	603	201	30	74	105
Sample1644	260	479	100	0	127
Sample1645	215	90	499	168	0
Sample1646	543	184	143	43	113
Sample1647	214	52	0	521	231
Sample1648	261	459	164	31	61
Sample1649	134	449	358	0	75
Sample1650	160	402	152	229	36
Sample1651	363	272	0	191	168
Sample1652	321	31	0	425	236
Sample1653	168	313	41	466	0
Sample1654	572	209	70	82	85
Sample1655	145	380	195	261	0
Sample1656	215	90	499	168	0
Sample1657	442	25	71	451	3
Sample1658	569	101	79	209	72
Sample1659	526	0	124	305	35
Sample1660	639	141	132	0	96
Sample1661	517	218	182	0	102
Sample1662	122	465	166	171	49
Sample1663	479	271	152	42	64
Sample1664	621	138	99	0	127
Sample1665	671	63	101	0	137
Sample1666	27	0	229	605	157
Sample1667	105	590	144	0	176
Sample1668	323	231	0	293	126
Sample1669	166	378	20	400	4
Sample1670	253	247	320	0	162
Sample1671	615	125	99	84	91
Sample1672	375	0	493	0	115
Sample1673	517	167	110	205	9
Sample1674	627	139	83	92	67
Sample1675	563	123	191	0	115
Sample1676	199	400	53	294	27
Sample1677	280	428	197	0	121
Sample1678	605	130	105	75	85
Sample1679	204	404	136	225	0
Sample1680	261	119	0	338	294
Sample1681	538	132	156	53	106
Sample1682	346	67	114	421	75
Sample1683	149	325	95	375	31
Sample1684	318	0	0	436	227
Sample1685	217	531	143	0	91
Sample1686	375	0	493	0	115
Sample1687	611	104	119	67	88
Sample1688	588	101	185	0	111
Sample1689	567	36	102	206	89
Sample1690	477	26	89	360	40
Sample1691	91	0	354	478	99
Sample1692	480	167	250	0	83
Sample1693	501	33	79	359	42
Sample1694	115	497	37	295	35
Sample1695	172	373	112	311	59
Sample1696	248	251	0	374	121
Sample1697	596	140	84	127	53
Sample1698	322	160	167	135	239
Sample1699	210	249	152	361	63
Sample1700	599	59	81	157	104
Sample1701	587	50	129	174	68
Sample1702	452	97	0	362	69
Sample1703	397	1	0	539	92
Sample1704	549	184	200	0	84
Sample1705	263	396	79	111	124
Sample1706	283	55	119	406	119
Sample1707	601	154	117	0	136
Sample1708	215	90	499	168	0
Sample1709	527	150	87	182	69
Sample1710	478	97	283	0	134
Sample1711	517	141	155	60	127
Sample1712	612	0	226	33	108
Sample1713	215	90	499	168	0
Sample1714	235	417	328	0	0
