MutationType	Signature A	Signature B	Signature C	Signature D	Signature E	Signature F	Signature G	Signature H
A[C>A]A	4.48E-08	9.38E-08	1.43E-07	4.64E-08	9.13E-08	1.43E-07	7.10E-08	1.08E-07
A[C>A]C	4.48E-08	9.38E-08	1.43E-07	4.64E-08	9.13E-08	1.43E-07	7.10E-08	1.08E-07
A[C>A]G	4.48E-08	9.38E-08	1.43E-07	4.64E-08	9.13E-08	1.43E-07	7.10E-08	1.08E-07
A[C>A]T	1.45E-07	1.05E-02	6.99E-07	6.96E-07	2.48E-02	2.52E-06	1.10E-06	1.43E-02
A[C>G]A	1.64E-02	1.28E-02	2.20E-02	2.83E-02	1.69E-02	4.29E-06	1.07E-02	1.54E-02
A[C>G]C	4.48E-08	9.38E-08	1.43E-07	4.64E-08	9.13E-08	1.43E-07	7.10E-08	1.08E-07
A[C>G]G	4.48E-08	9.38E-08	1.43E-07	4.64E-08	9.13E-08	1.43E-07	7.10E-08	1.08E-07
A[C>G]T	4.48E-08	9.38E-08	1.43E-07	4.64E-08	9.13E-08	1.43E-07	7.10E-08	1.08E-07
A[C>T]A	2.70E-02	3.45E-02	1.70E-02	2.85E-02	3.67E-02	4.25E-02	2.38E-02	2.82E-02
A[C>T]C	4.48E-08	9.38E-08	1.43E-07	4.64E-08	9.13E-08	1.43E-07	7.10E-08	1.08E-07
A[C>T]G	3.73E-02	3.47E-02	8.53E-03	1.94E-02	1.38E-02	1.27E-02	1.15E-02	1.46E-02
A[C>T]T	8.00E-03	1.85E-02	4.42E-02	1.18E-02	1.14E-02	1.15E-02	1.02E-02	1.98E-02
A[T>A]A	4.48E-08	9.38E-08	1.43E-07	4.64E-08	9.13E-08	1.43E-07	7.10E-08	1.08E-07
A[T>A]C	1.29E-02	1.26E-02	1.36E-02	1.44E-02	7.03E-03	2.26E-02	2.11E-02	1.48E-02
A[T>A]G	4.48E-08	9.38E-08	1.43E-07	4.64E-08	9.13E-08	1.43E-07	7.10E-08	1.08E-07
A[T>A]T	4.48E-08	9.38E-08	1.43E-07	4.64E-08	9.13E-08	1.43E-07	7.10E-08	1.08E-07
A[T>C]A	2.37E-02	9.06E-03	8.94E-03	3.04E-02	6.38E-03	2.13E-02	1.73E-02	1.22E-02
A[T>C]C	4.48E-08	9.38E-08	1.43E-07	4.64E-08	9.13E-08	1.43E-07	7.10E-08	1.08E-07
A[T>C]G	7.59E-07	6.96E-03	2.23E-07	3.26E-07	9.91E-03	1.03E-02	7.42E-07	5.23E-07
A[T>C]T	2.36E-02	1.29E-02	7.27E-03	1.10E-02	8.45E-03	2.23E-02	7.41E-07	2.73E-02
A[T>G]A	4.48E-08	9.38E-08	1.43E-07	4.64E-08	9.13E-08	1.43E-07	7.10E-08	1.08E-07
A[T>G]C	4.48E-08	9.38E-08	1.43E-07	4.64E-08	9.13E-08	1.43E-07	7.10E-08	1.08E-07
A[T>G]G	4.48E-08	9.38E-08	1.43E-07	4.64E-08	9.13E-08	1.43E-07	7.10E-08	1.08E-07
A[T>G]T	4.48E-08	9.38E-08	1.43E-07	4.64E-08	9.13E-08	1.43E-07	7.10E-08	1.08E-07
C[C>A]A	4.48E-08	9.38E-08	1.43E-07	4.64E-08	9.13E-08	1.43E-07	7.10E-08	1.08E-07
C[C>A]C	4.48E-08	9.38E-08	1.43E-07	4.64E-08	9.13E-08	1.43E-07	7.10E-08	1.08E-07
C[C>A]G	4.48E-08	9.38E-08	1.43E-07	4.64E-08	9.13E-08	1.43E-07	7.10E-08	1.08E-07
C[C>A]T	4.48E-08	9.38E-08	1.43E-07	4.64E-08	9.13E-08	1.43E-07	7.10E-08	1.08E-07
C[C>G]A	4.48E-08	9.38E-08	1.43E-07	4.64E-08	9.13E-08	1.43E-07	7.10E-08	1.08E-07
C[C>G]C	4.48E-08	9.38E-08	1.43E-07	4.64E-08	9.13E-08	1.43E-07	7.10E-08	1.08E-07
C[C>G]G	4.48E-08	9.38E-08	1.43E-07	4.64E-08	9.13E-08	1.43E-07	7.10E-08	1.08E-07
C[C>G]T	4.48E-08	9.38E-08	1.43E-07	4.64E-08	9.13E-08	1.43E-07	7.10E-08	1.08E-07
C[C>T]A	4.48E-08	9.38E-08	1.43E-07	4.64E-08	9.13E-08	1.43E-07	7.10E-08	1.08E-07
C[C>T]C	4.48E-08	9.38E-08	1.43E-07	4.64E-08	9.13E-08	1.43E-07	7.10E-08	1.08E-07
C[C>T]G	2.48E-02	6.27E-03	1.91E-02	4.85E-02	1.38E-02	7.68E-06	6.73E-03	1.30E-02
C[C>T]T	9.42E-03	1.44E-02	4.19E-02	2.47E-02	4.15E-02	1.69E-02	2.24E-02	8.21E-03
C[T>A]A	4.48E-08	9.38E-08	1.43E-07	4.64E-08	9.13E-08	1.43E-07	7.10E-08	1.08E-07
C[T>A]C	2.03E-02	1.43E-02	3.92E-02	1.59E-02	1.62E-02	2.01E-02	2.43E-02	6.58E-03
C[T>A]G	4.02E-03	2.55E-07	6.15E-07	6.39E-03	1.18E-06	5.14E-03	6.22E-07	3.97E-07
C[T>A]T	7.20E-07	4.51E-03	2.14E-02	1.36E-07	2.01E-07	1.95E-07	9.95E-08	7.29E-07
C[T>C]A	2.94E-02	2.14E-02	8.53E-03	1.38E-02	4.38E-03	9.60E-03	1.57E-02	1.66E-02
C[T>C]C	3.01E-02	7.11E-07	7.00E-03	2.04E-06	3.48E-06	9.84E-07	8.80E-07	1.97E-02
C[T>C]G	4.48E-08	9.38E-08	1.43E-07	4.64E-08	9.13E-08	1.43E-07	7.10E-08	1.08E-07
C[T>C]T	1.83E-02	2.22E-02	3.61E-02	1.14E-02	2.52E-02	6.42E-03	1.86E-02	4.53E-02
C[T>G]A	4.48E-08	9.38E-08	1.43E-07	4.64E-08	9.13E-08	1.43E-07	7.10E-08	1.08E-07
C[T>G]C	5.26E-03	4.09E-03	1.30E-06	8.91E-03	5.96E-07	8.55E-07	2.20E-07	3.28E-07
C[T>G]G	4.48E-08	9.38E-08	1.43E-07	4.64E-08	9.13E-08	1.43E-07	7.10E-08	1.08E-07
C[T>G]T	4.48E-08	9.38E-08	1.43E-07	4.64E-08	9.13E-08	1.43E-07	7.10E-08	1.08E-07
G[C>A]A	4.48E-08	9.38E-08	1.43E-07	4.64E-08	9.13E-08	1.43E-07	7.10E-08	1.08E-07
G[C>A]C	4.48E-08	9.38E-08	1.43E-07	4.64E-08	9.13E-08	1.43E-07	7.10E-08	1.08E-07
G[C>A]G	4.48E-08	9.38E-08	1.43E-07	4.64E-08	9.13E-08	1.43E-07	7.10E-08	1.08E-07
G[C>A]T	1.35E-02	1.24E-02	1.52E-02	5.07E-03	2.18E-02	5.35E-02	3.38E-07	2.07E-02
G[C>G]A	4.48E-08	9.38E-08	1.43E-07	4.64E-08	9.13E-08	1.43E-07	7.10E-08	1.08E-07
G[C>G]C	2.68E-03	7.64E-03	4.46E-03	8.02E-03	4.34E-02	5.03E-02	1.18E-02	1.40E-02
G[C>G]G	4.48E-08	9.38E-08	1.43E-07	4.64E-08	9.13E-08	1.43E-07	7.10E-08	1.08E-07
G[C>G]T	2.20E-02	2.70E-02	2.51E-02	1.32E-02	2.23E-02	7.84E-03	2.64E-02	1.31E-02
G[C>T]A	4.48E-08	9.38E-08	1.43E-07	4.64E-08	9.13E-08	1.43E-07	7.10E-08	1.08E-07
G[C>T]C	8.18E-03	1.09E-07	6.48E-07	7.67E-07	4.55E-07	7.19E-07	3.64E-07	2.40E-07
G[C>T]G	4.48E-08	9.38E-08	1.43E-07	4.64E-08	9.13E-08	1.43E-07	7.10E-08	1.08E-07
G[C>T]T	4.48E-08	9.38E-08	1.43E-07	4.64E-08	9.13E-08	1.43E-07	7.10E-08	1.08E-07
G[T>A]A	4.48E-08	9.38E-08	1.43E-07	4.64E-08	9.13E-08	1.43E-07	7.10E-08	1.08E-07
G[T>A]C	4.48E-08	9.38E-08	1.43E-07	4.64E-08	9.13E-08	1.43E-07	7.10E-08	1.08E-07
G[T>A]G	4.48E-08	9.38E-08	1.43E-07	4.64E-08	9.13E-08	1.43E-07	7.10E-08	1.08E-07
G[T>A]T	4.48E-08	9.38E-08	1.43E-07	4.64E-08	9.13E-08	1.43E-07	7.10E-08	1.08E-07
G[T>C]A	4.48E-08	9.38E-08	1.43E-07	4.64E-08	9.13E-08	1.43E-07	7.10E-08	1.08E-07
G[T>C]C	4.48E-08	9.38E-08	1.43E-07	4.64E-08	9.13E-08	1.43E-07	7.10E-08	1.08E-07
G[T>C]G	4.48E-08	9.38E-08	1.43E-07	4.64E-08	9.13E-08	1.43E-07	7.10E-08	1.08E-07
G[T>C]T	5.17E-03	8.95E-03	2.53E-02	2.54E-02	1.62E-02	1.23E-02	1.57E-02	1.34E-02
G[T>G]A	4.48E-08	9.38E-08	1.43E-07	4.64E-08	9.13E-08	1.43E-07	7.10E-08	1.08E-07
G[T>G]C	4.48E-08	9.38E-08	1.43E-07	4.64E-08	9.13E-08	1.43E-07	7.10E-08	1.08E-07
G[T>G]G	4.48E-08	9.38E-08	1.43E-07	4.64E-08	9.13E-08	1.43E-07	7.10E-08	1.08E-07
G[T>G]T	4.48E-08	9.38E-08	1.43E-07	4.64E-08	9.13E-08	1.43E-07	7.10E-08	1.08E-07
T[C>A]A	1.46E-02	2.67E-02	1.59E-02	8.40E-03	3.41E-02	2.30E-02	1.83E-02	1.38E-02
T[C>A]C	9.43E-03	1.25E-02	7.14E-03	2.78E-02	5.77E-02	1.06E-02	1.87E-02	2.77E-02
T[C>A]G	4.48E-08	9.38E-08	1.43E-07	4.64E-08	9.13E-08	1.43E-07	7.10E-08	1.08E-07
T[C>A]T	4.48E-08	9.38E-08	1.43E-07	4.64E-08	9.13E-08	1.43E-07	7.10E-08	1.08E-07
T[C>G]A	3.42E-07	3.40E-07	1.68E-02	4.73E-07	7.13E-07	1.21E-06	1.03E-02	5.51E-03
T[C>G]C	4.48E-08	9.38E-08	1.43E-07	4.64E-08	9.13E-08	1.43E-07	7.10E-08	1.08E-07
T[C>G]G	4.48E-08	9.38E-08	1.43E-07	4.64E-08	9.13E-08	1.43E-07	7.10E-08	1.08E-07
T[C>G]T	4.48E-08	9.38E-08	1.43E-07	4.64E-08	9.13E-08	1.43E-07	7.10E-08	1.08E-07
T[C>T]A	1.24E-02	4.64E-02	9.85E-03	2.33E-02	2.29E-02	3.31E-02	1.93E-02	2.57E-02
T[C>T]C	5.20E-07	6.43E-07	1.56E-07	8.70E-07	1.98E-02	5.14E-03	1.79E-06	2.21E-07
T[C>T]G	4.48E-08	9.38E-08	1.43E-07	4.64E-08	9.13E-08	1.43E-07	7.10E-08	1.08E-07
T[C>T]T	3.30E-07	7.99E-07	2.71E-02	7.21E-07	8.07E-07	7.68E-03	5.13E-03	5.51E-03
T[T>A]A	4.48E-08	9.38E-08	1.43E-07	4.64E-08	9.13E-08	1.43E-07	7.10E-08	1.08E-07
T[T>A]C	4.48E-08	9.38E-08	1.43E-07	4.64E-08	9.13E-08	1.43E-07	7.10E-08	1.08E-07
T[T>A]G	4.48E-08	9.38E-08	1.43E-07	4.64E-08	9.13E-08	1.43E-07	7.10E-08	1.08E-07
T[T>A]T	4.48E-08	9.38E-08	1.43E-07	4.64E-08	9.13E-08	1.43E-07	7.10E-08	1.08E-07
T[T>C]A	1.75E-02	4.39E-02	6.91E-03	1.95E-02	0.00E+00	2.71E-02	1.17E-02	1.17E-02
T[T>C]C	8.04E-03	2.49E-02	2.14E-02	1.01E-02	2.74E-06	5.14E-03	2.44E-03	8.00E-07
T[T>C]G	4.48E-08	9.38E-08	1.43E-07	4.64E-08	9.13E-08	1.43E-07	7.10E-08	1.08E-07
T[T>C]T	2.17E-02	1.73E-02	2.86E-02	1.62E-02	2.46E-02	1.55E-02	2.16E-02	3.02E-02
T[T>G]A	4.48E-08	9.38E-08	1.43E-07	4.64E-08	9.13E-08	1.43E-07	7.10E-08	1.08E-07
T[T>G]C	4.48E-08	9.38E-08	1.43E-07	4.64E-08	9.13E-08	1.43E-07	7.10E-08	1.08E-07
T[T>G]G	4.48E-08	9.38E-08	1.43E-07	4.64E-08	9.13E-08	1.43E-07	7.10E-08	1.08E-07
T[T>G]T	4.48E-08	9.38E-08	1.43E-07	4.64E-08	9.13E-08	1.43E-07	7.10E-08	1.08E-07
