MutationType	Signature A	Signature B	Signature C	Signature D	Signature E	Signature F	Signature G	Signature H	Signature I
A[C>A]A	0.016757613606458572	1.7631551906680565e-07	1.8176301601903782e-07	0.006718373041026635	3.1084430061907486e-07	1.0438693040837664e-07	0.0037127339011683207	4.4786748572477473e-07	0.01313658846645289
A[C>A]C	5.256899053565636e-07	1.3466859407174642e-06	0.0027400503956258645	0.040184728350756496	1.941263029446288e-06	0.000764557683922696	0.0007773188463417655	1.7157951459151543e-06	5.979761069202052e-07
A[C>A]G	0.0006777517792729606	8.945911395638538e-07	0.0002412728471165054	6.961311819185743e-23	7.911665674999965e-07	2.2501846109745016e-06	1.3050484379390043e-06	1.0855249877308308e-06	2.005362121764517e-06
A[C>A]T	6.793791737775164e-07	0.0001261124914176712	1.2708400121403475e-06	0.003529150190161274	0.00179225950690277	8.059999178583852e-07	0.0005609607431150298	6.795915653755715e-07	2.554499150672724e-06
A[C>G]A	0.003592267052704432	0.00847216328026722	0.007118308127158362	0.0067940425438264476	0.02418791878577493	0.01058055964637436	0.025558537128364256	0.014840034888193054	0.020945345956031387
A[C>G]C	1.3096384299500332e-07	0.022654484093178294	0.0059336249228734055	0.0035306913332494097	0.001372670026566391	0.006105253410787151	0.002111409732400391	0.011445192225966575	9.54502402540171e-07
A[C>G]G	8.883477804359266e-07	1.6038869434586457e-06	1.1443563447203918e-06	2.8302261556556688e-08	1.5076257239435053e-06	1.7048837908356597e-06	1.5791299523759832e-06	1.3411032201647962e-06	2.1439625329705254e-06
A[C>G]T	0.00043920956595461057	1.3556186908066121e-06	1.6458478298942556e-07	0.007325803811937763	2.1111236490274715e-06	1.6134812071056496e-06	0.0009718027004701647	0.003335391371832449	1.5882001457496082e-06
A[C>T]A	0.11980415761526104	0.0731389793143246	0.06723513359568797	0.061935958707161565	0.06567265525192491	0.06596153074914417	0.04631232401359475	0.07082460086718237	0.051373467560038286
A[C>T]C	0.05470944473311987	0.062263544090741155	0.11123165657074137	0.03430191971955824	0.03078991963361516	0.03956734190920455	0.055934112003702866	0.05346310052373291	0.04484756439925588
A[C>T]G	0.019687324136430213	0.002460761149042128	0.03757864568747804	0.0631086294468081	0.022383788631489043	0.032634329407532366	0.011204419950639371	0.009192179121753612	0.06829265385651337
A[C>T]T	0.0325906219414027	0.05017353199743737	0.06621847511545527	0.03457066257403864	0.029668552158650587	0.017496807171019445	0.07232327959652245	0.05236896677678504	0.017604898757212044
A[T>A]A	0.013509770998373213	2.319671126826531e-07	0.005049100176836154	0.015909237854232587	0.0011979274469063306	0.0012968974668574479	0.0012284611826966496	7.047241847717836e-07	1.4314812025624002e-06
A[T>A]C	5.179920411269119e-08	0.019483737898476496	0.00754068529648573	0.007595369986079103	6.486731081871717e-07	0.030609605214345727	0.001969134549795717	0.008911395639535288	0.01630517883853374
A[T>A]G	0.018033278942252106	0.0034072505761507665	0.004172276827496624	0.00628111506284962	2.1433758431226645e-07	2.3652085868863237e-06	8.748499864292295e-08	0.012225384367104169	1.1133840092895814e-06
A[T>A]T	0.0011066783701682557	5.128637605851384e-07	1.7763791950548802e-06	0.0055843817204533075	8.75214193655778e-07	0.0018448192874387422	4.277015764412694e-06	0.00639599978938014	0.0023203912221921
A[T>C]A	0.0926276631417524	0.01654058890220029	0.010829762492991923	0.046603483515141854	0.042578357779284086	0.1581158410627968	0.06606734356468044	0.03220819273076444	0.08279765257150357
A[T>C]C	0.02514368032406868	6.506137693661341e-07	0.0070248159804129255	0.0344989199053621	0.0019442526493714187	0.021411505564590094	0.08596667490023926	0.027322203486355907	0.02162466656274218
A[T>C]G	0.07947012005164691	0.03981605573011614	0.017093599167217585	0.029140075578847124	0.05130512162863822	0.014752535356449636	0.03977790594869855	0.023363568759154102	0.15450345340411537
A[T>C]T	0.08696605820026244	0.01583171791315555	0.14961090199184873	0.04348782010189091	0.08076215138279252	0.04717794802009788	0.03423060733483614	0.03657299490995221	0.05197581803618921
A[T>G]A	0.0010143249238605601	0.05908020584860997	0.026879154039795006	0.01797991453530582	0.02100628462102772	0.018967978670071457	0.012701448156332418	0.017895860201596416	0.00012189079486875502
A[T>G]C	0.02798881911886646	1.0411204577810091e-07	0.0017737187393572014	0.012480849891893343	1.7416017912873208e-06	6.584989814561442e-07	3.300513755288919e-06	0.0015029002311364283	1.2706711722823963e-06
A[T>G]G	1.0288627128343576e-06	9.13376667829255e-07	1.2811886229907934e-06	0.00032796743922167105	0.0008115073851753538	7.673639176609111e-06	1.8991403263345938e-06	0.0021839425088403352	0.0003030452280561857
A[T>G]T	0.009029755144557547	0.00205734906519888	3.8425602799061574e-07	0.001356853313030462	2.3126467766762377e-07	1.020264187458455e-06	4.498161309510762e-07	0.02035117905791074	4.526045454635971e-06
C[C>A]A	3.660385637165085e-07	1.3936013244104017e-05	4.575340077892233e-07	0.00024465136331961254	5.464938017088786e-07	0.006781195108701417	0.003602183832918877	2.8381923489364313e-06	0.03058553089309496
C[C>A]C	2.6797395112710605e-07	6.643483813251526e-07	5.406004853416677e-07	3.4899508697212185e-08	2.310179594646186e-06	0.00031292274512745636	0.001988350908652809	0.0016168581718444854	0.0008376309841439984
C[C>A]G	7.570170445776195e-07	1.9072816306057884e-06	0.0002475330510001451	0.0007257739941050566	6.129026831834768e-07	1.5793877968277234e-06	0.0025458285395268607	0.000642797537011901	0.0012768303700902007
C[C>A]T	1.944492486998026e-07	1.6010132897802908e-06	0.0003429236684227532	0.007588815271771215	0.003536747599170994	0.002300223353294545	9.240223153201449e-07	3.9581288169419614e-07	0.0014992314513228347
C[C>G]A	0.008872914889699195	0.005035767504907104	0.004979949929600216	2.096612801745579e-82	0.011602714456563367	0.0033029666461894015	0.01944067067744649	0.02742423188167467	4.1891761687956624e-07
C[C>G]C	2.569502413383663e-07	2.0384219507156336e-06	1.1322365589530732e-06	4.5282496035514855e-08	2.3249357177802074e-06	8.841353144682096e-07	1.4475673099529316e-06	5.53679373952434e-07	0.013315037412514621
C[C>G]G	8.883477804359266e-07	1.6038869434586457e-06	1.1443563447203918e-06	2.8302261556556688e-08	1.5076257239435053e-06	1.7048837908356597e-06	1.5791299523759832e-06	1.3411032201647962e-06	2.1439625329705254e-06
C[C>G]T	8.883477804359266e-07	1.6038869434586457e-06	1.1443563447203918e-06	2.8302261556556688e-08	1.5076257239435053e-06	1.7048837908356597e-06	1.5791299523759832e-06	1.3411032201647962e-06	2.1439625329705254e-06
C[C>T]A	0.0010046415821022084	0.0004385511989812358	0.0036013706740121846	0.00581272868900032	3.050599965138404e-07	6.270458437193034e-07	0.001722966758565802	0.007958435930871973	1.327189712923567e-06
C[C>T]C	0.016700382756322095	0.022922756877182572	0.01351631788299007	0.0011131577681331574	0.003562024222993951	0.008461107261859346	0.011448910721359276	0.01847457985163785	6.63064704869989e-07
C[C>T]G	0.022689820490031397	0.05678071328649649	0.011020473150546153	9.132712216826858e-168	0.04257499066959601	0.05683936273216491	0.054330835870118846	0.02464310050353391	0.07906773171869688
C[C>T]T	0.006549222748468064	0.032826130039160614	0.017663825297828555	0.0034203766480039545	0.03789370385100417	0.03210003670005248	0.016760126342750304	0.01912969761449727	0.016399546438623007
C[T>A]A	0.0026140682116213786	0.00103278995215293	1.9829651982198766e-86	0.006610689053665865	0.002029888739560487	0.001470831295604809	0.0014312327075386023	0.0017008627540080735	1.0740097968095782e-06
C[T>A]C	0.0046813789041054345	0.02681495532634794	0.01970976986856176	0.004615362000691819	0.013535937864749392	0.04429705088704727	0.03908041934014515	0.037481803684167994	0.021829472904200287
C[T>A]G	0.0011017134177780702	0.006573791005486518	0.01663348455280751	0.036464068656260784	2.016057435350658e-06	1.3982499953869038e-05	7.448102839497452e-42	3.9269942764892004e-07	5.834500118693165e-07
C[T>A]T	3.6382737415849543e-07	0.0008499999497681803	1.7933132436841147e-07	0.005722029480271536	0.0006767062532621495	1.3822980482508668e-06	0.0009587833141238208	5.789686688797874e-08	1.4369780761699028e-06
C[T>C]A	0.0197966149061801	0.017683411335097314	0.0052964018568042	0.013171872366775032	0.029067617809606722	0.015659822656793033	0.010556725747965767	0.021623331425102466	0.016709464778312866
C[T>C]C	0.02086990941405423	0.0028193946684735858	0.0044522592675176565	0.00833180561803715	0.0015693151434437076	0.015970369753373542	3.922790699579425e-06	0.0010715268476081037	1.121829741706316e-06
C[T>C]G	1.4824160667888253e-06	4.5446379060815996e-07	0.001111610278183966	0.010144411065218475	0.006106629140291671	2.059878074944731e-06	1.4314747664728878e-06	0.0030892859139636914	0.0006016250854669771
C[T>C]T	1.393803957854904e-69	0.004417252417986441	0.020231262965023512	0.0026926366120436996	0.0328244334032001	0.01821577179274114	0.004085745460774344	0.00048607653792055803	9.136913920149714e-07
C[T>G]A	0.0006700396598187295	0.0020302753449342376	0.008659199908743826	0.009609065010411085	0.004647201309020113	0.013865680273510306	1.1905154080163635e-06	4.140167691415884e-07	0.0012895553219031386
C[T>G]C	5.425006616883614e-07	0.0017452519059204432	0.0015348487717737594	0.008960651878490714	0.004018142728674047	0.0007938913136723413	0.0028323479360244617	0.003940331016675939	0.005870789836979282
C[T>G]G	2.881763335902205e-07	0.02333970764188325	1.631508015002823e-06	0.002230092595018658	0.027818212308067986	7.546828757142662e-07	0.005554599078065689	1.4629030657244293e-05	8.450027378731404e-07
C[T>G]T	0.00042310903752681636	0.00018656645243919043	7.608476260192294e-07	0.007485737601120215	0.00028814568534484827	0.0028829156138017956	0.002000301185178078	6.055600976775523e-07	0.00045878514253343115
G[C>A]A	5.228906764085697e-07	1.4559669437024478e-06	5.123208585766538e-07	0.002937303761502317	1.719024730016872e-06	1.7679453463437059e-06	1.7503411263607061e-06	1.2536011533305588e-06	2.082676826934093e-06
G[C>A]C	0.00018349005976243732	1.7544617469550494e-07	4.4067436658529656e-06	0.0	0.001677536207380545	9.595967803037243e-07	0.0014555209691540618	8.236149123447925e-06	0.02423100478573805
G[C>A]G	0.0	0.013701459886353046	0.016488898698410318	2.729352570795249e-07	0.014639792156069609	0.008972447930436596	6.497672462516442e-06	0.006148462690815137	8.231720703845998e-07
G[C>A]T	0.009779947086340075	0.040081998843672945	0.014502169231399886	0.006251668846487174	0.008885441700854372	0.0032151340133239484	0.026259530076192243	0.010604723525910955	0.02166037660335051
G[C>G]A	9.67783124275423e-07	5.2117328838295065e-06	4.826286170252627e-07	0.0021543201257621016	4.868813159039389e-07	2.0304178086918373e-06	0.0003005517986293258	0.0017195007321610402	2.7385155611576287e-06
G[C>G]C	0.00505497630878689	0.01970954755865908	0.0038671668080820843	0.001387530251070798	0.006835621378824197	0.01405182695831723	0.014873930385730313	0.019420304157115643	9.515582108183921e-07
G[C>G]G	7.292998729921245e-07	0.0005108556911556273	1.2990924606101265e-07	0.003380676982873569	0.00014496585467574767	3.5416205198797994e-07	0.001132626577103184	8.515130393772113e-06	1.4327182115952888e-06
G[C>G]T	0.004562534489234028	0.016758159047038014	0.009744821843816637	0.002610902296231903	0.006466946351080295	0.009835175000584133	0.00850575318594671	0.020258191248514534	6.20360784284791e-07
G[C>T]A	0.024603254590272676	0.010001892447519608	0.019726570142881587	0.02476101501149337	0.008479322035525731	0.010113905783676463	0.02707130202889437	0.01574222435329998	0.02564036218649505
G[C>T]C	0.0003672710039419192	8.888940698722434e-07	5.324397836374635e-08	0.004797652413118572	0.0029041966653685553	1.551943104765988e-07	0.004599318283802658	1.9325624956746083e-06	0.028841390689459772
G[C>T]G	1.1412808430778084e-07	0.00027560655270384836	9.109273767284767e-07	0.02375620880597066	0.001415067587545326	2.7641089716123103e-06	0.002699488404473313	4.5248040834212437e-07	0.02572805447243031
G[C>T]T	0.010454958258540845	0.00564965805238505	0.015218834188148539	0.03852960450558722	0.020075963449856758	0.0035946041391454195	0.02082410217800574	0.008939099084210584	0.0247361695507372
G[T>A]A	4.98033912999543e-07	1.0764487141327827e-06	5.773692440662831e-07	0.001206842539034156	1.3117875400061647e-06	0.0006244762826804419	0.0005053312874532874	1.5750666419538476e-06	1.8167949657418429e-06
G[T>A]C	0.0032372620392874933	1.2275996630638123e-06	4.4457879493882595e-07	0.00017108575626210098	9.206027137202478e-07	1.2438823011707569e-06	1.4336221132360513e-06	1.5719164784439456e-06	2.2857019136766197e-06
G[T>A]G	0.002265846782918938	0.002837220111607241	0.00022436169434296056	0.0003217832544226856	0.0032172513040195057	0.0011358394134403297	0.012636728496968513	0.004292358919597657	2.32565645871776e-06
G[T>A]T	1.5322731209941403e-07	0.03200535176417384	0.004963527527167456	0.001154537288562992	0.004394838577840355	0.002875546569085707	9.707076370762829e-07	4.689398643160376e-06	1.5422651032601983e-06
G[T>C]A	0.00973727770985507	0.014918901764569878	0.08542816110328162	2.2905483490881945e-140	0.03419595163240004	0.010635052791553561	0.06856050516460176	0.012238742334877487	0.018545935215690628
G[T>C]C	0.004881056135793201	7.727293017101278e-07	6.829862303799989e-07	0.015893003513915448	6.665470118335479e-07	9.01757441501204e-07	5.614839994676672e-07	0.001854630499504972	1.600831702022211e-06
G[T>C]G	0.025167121194973392	1.0902441748624209e-06	6.320034551460936e-07	0.010041471414811683	0.002305959162498725	0.0214328015103833	0.002443671755698305	0.0027788573793690965	0.000980372789432774
G[T>C]T	0.005518380983525552	0.01747148160671691	0.017947163632418592	0.005624356805377753	0.01932889780240581	0.07325496976766148	0.026495789614264208	0.01024483117287115	0.012655714021572752
G[T>G]A	0.015603915348623426	6.093324941011826e-07	0.000528855404514108	0.008797741065851957	7.093511351873663e-07	3.538034033556266e-06	1.0003005359009433e-06	3.202784304345477e-07	1.1756217530232185e-06
G[T>G]C	4.691896106230305e-07	1.2864810507259972e-06	1.4714931834641514e-06	0.006916916275953933	8.962975952440792e-07	1.4840080177669365e-06	1.5859119306641706e-06	1.0452835199456045e-06	1.868742882216148e-06
G[T>G]G	0.0015846052815178264	0.0003170435127889458	0.0006543813090177993	0.005372017817007142	6.583189452974964e-05	3.04955807106324e-06	0.001220492844781328	0.0006668398148993009	1.5720783850926362e-06
G[T>G]T	1.7947627754534272e-07	0.00044074480217535654	0.002451279160381898	0.002572763905838265	0.0012078195482140472	0.0006535852757834215	0.000716572692589903	0.0029039445056462583	1.603675217574352e-06
T[C>A]A	2.5585737376774922e-54	0.03446315949496705	0.0021437952402763075	0.007312201528842493	0.009454704398511059	0.015726683948025833	0.001749898893869325	0.002668991620792524	9.179736729321296e-07
T[C>A]C	0.009005914449876674	0.01144932146337516	0.0155999335850604	0.006932005383719675	0.010902896408236638	2.0020377970073472e-35	0.0048729604942875085	0.023568612126634577	4.614967284952863e-07
T[C>A]G	8.883477804359264e-07	1.6038869434586457e-06	1.1443563447203916e-06	2.8302261556556688e-08	1.5076257239435053e-06	1.7048837908356597e-06	1.5791299523759827e-06	1.3411032201647962e-06	2.1439625329705254e-06
T[C>A]T	0.010266552050850173	2.4729864483695133e-06	3.0522973975879363e-06	0.0	2.2197520314561582e-06	1.9617194965353513e-06	6.935392571237035e-07	2.6616594422225705e-06	1.6262992603417145e-06
T[C>G]A	2.924109112448941e-07	1.195950626774078e-06	0.0005810856640211843	0.005956480748576533	0.0060949184916791665	0.0019707100341603374	0.003034038471327375	1.4662401008405816e-05	0.00057115357763558
T[C>G]C	0.006927959923118658	2.725784671211781e-06	0.002464598926271793	0.004141230395151811	0.001069882032310687	6.472757690291219e-07	0.004994865205700602	0.010309215174388289	1.7346812054196394e-06
T[C>G]G	8.883477804359266e-07	1.6038869434586457e-06	1.1443563447203918e-06	2.8302261556556688e-08	1.5076257239435053e-06	1.7048837908356597e-06	1.5791299523759832e-06	1.3411032201647962e-06	2.1439625329705254e-06
T[C>G]T	1.2104973989042079e-06	1.4103256814029316e-06	6.812746011211223e-07	0.007750749121591282	7.296609297354867e-07	1.3419157722521133e-06	1.4329946723696988e-06	1.1480644454660659e-06	2.115187974250755e-06
T[C>T]A	0.029061601632713513	0.060362400254258666	0.040660168745797164	0.013835898165024346	0.11580011728999487	0.053717605204120854	0.01654920453761654	0.07719515943824125	0.012061580001996239
T[C>T]C	0.007565217613264469	0.0006925230739042795	0.020308939677017558	0.021789198430794448	0.0047273095118127014	0.012039034696695924	0.009062380828488877	0.061449756400119605	7.081974673718245e-07
T[C>T]G	6.408081664064908e-07	1.5026046652525144e-06	6.242205540123827e-07	0.0322144026071909	7.735341229451958e-07	1.137734176673339e-06	1.4413888865009154e-06	1.1855922768436946e-06	1.414774822377856e-06
T[C>T]T	0.01133914923058257	1.688513304427864e-170	0.007311657876948434	0.028290681920928817	0.006905934544342326	0.0006587173199334522	0.0032429500197807813	0.02165622934421982	1.174545122810373e-06
T[T>A]A	0.0028164108682583364	0.00016347527708917507	3.4991803190954714e-06	0.008675502020465024	8.645337125972771e-07	0.00017668093365430396	1.1865987236576891e-07	0.0006661616344808041	1.686293175838427e-06
T[T>A]C	0.01940382594854436	3.2733765949128726e-07	3.870789347454515e-07	0.003074643801764985	3.692478779751717e-06	1.2576941882299696e-06	0.001629070305600339	7.485959169070106e-06	1.295265692398609e-06
T[T>A]G	2.906989937235496e-07	1.017577774436435e-06	0.00017959658371244968	0.0056204063152691525	0.0009579033198778142	0.0033427083723269095	0.0013532874967840613	0.0014739261526765773	8.650865608231276e-06
T[T>A]T	5.709952553664242e-07	0.0020541784895714123	0.0016061047316844796	0.0015417017267888762	2.129032014898246e-06	0.00033328938672969873	0.0013813491860685014	0.0003088545122552803	1.025061560436757e-06
T[T>C]A	0.04232544580042904	0.06710344101312558	0.03973469092564727	0.0222846790958179	0.014310332144112602	0.011727803823016686	0.027764819446813353	0.055561715134252364	1.8023614795932048e-53
T[T>C]C	0.015553684198428199	0.003033895744914797	0.004541930620372439	0.0070352767066838105	0.004445759666539912	0.00611979375621303	0.025614681217841405	0.0058559013726781125	0.0004737485707321314
T[T>C]G	0.010946965164712354	0.01877843894703351	2.6942234436754066e-47	0.008453583032600584	0.009121627953218265	0.007832638455022075	0.016716016555155203	0.04070990982123478	5.641059449404425e-07
T[T>C]T	0.0	0.04593231395566143	0.015020599734451884	0.017131730135258597	0.07891024050497715	0.03183914816188569	0.014619813741409938	1.4424988800449879e-08	0.048162804468700936
T[T>G]A	0.00014625109370191273	2.3507657888635022e-07	0.0004935828681546458	3.4844830373120703e-06	2.045541650133549e-06	0.002883857300313114	0.005118693741404651	0.004411141932736904	2.5808580613009876e-06
T[T>G]C	0.0006449639544027607	8.373390140258458e-262	1.0417795615689156e-06	0.007836973866140596	0.0014567580033157368	6.877424754208325e-07	0.002196837104097291	0.002569482502146282	0.01972860636285559
T[T>G]G	7.721561868267852e-07	0.00022224456293947303	1.1181756938888696e-06	0.00047355216817268977	1.9762940124239407e-06	0.0006224409060791781	1.802058484348737e-06	1.7692747917934036e-06	1.8428404601854754e-06
T[T>G]T	0.0018530157546120345	1.3991828779240457e-06	0.00029851991521505486	0.0028158467853040088	0.002328773783266085	2.9475371117160965e-07	1.9946140586015335e-06	6.48013534944013e-06	1.4938265589274255e-06
