MutationType	Signature A	Signature B	Signature C	Signature D	Signature E	Signature F	Signature G	Signature H	Signature I
A[C>A]A	1.17E-07	1.70E-07	9.52E-08	1.50E-07	1.37E-07	8.16E-08	2.98E-08	5.64E-08	7.35E-08
A[C>A]C	1.17E-07	1.70E-07	9.52E-08	1.50E-07	1.37E-07	8.16E-08	2.98E-08	5.64E-08	7.35E-08
A[C>A]G	1.17E-07	1.70E-07	9.52E-08	1.50E-07	1.37E-07	8.16E-08	2.98E-08	5.64E-08	7.35E-08
A[C>A]T	3.91E-07	7.35E-07	8.42E-07	7.00E-07	1.43E-02	1.43E-02	2.48E-02	7.52E-07	6.58E-03
A[C>G]A	8.85E-03	2.37E-02	1.81E-02	7.60E-07	2.26E-02	1.50E-02	1.27E-02	7.19E-03	1.01E-02
A[C>G]C	1.17E-07	1.70E-07	9.52E-08	1.50E-07	1.37E-07	8.16E-08	2.98E-08	5.64E-08	7.35E-08
A[C>G]G	1.17E-07	1.70E-07	9.52E-08	1.50E-07	1.37E-07	8.16E-08	2.98E-08	5.64E-08	7.35E-08
A[C>G]T	1.17E-07	1.70E-07	9.52E-08	1.50E-07	1.37E-07	8.16E-08	2.98E-08	5.64E-08	7.35E-08
A[C>T]A	3.70E-02	2.15E-02	2.42E-02	2.40E-02	1.63E-02	5.18E-02	1.01E-02	4.59E-03	4.24E-02
A[C>T]C	1.17E-07	1.70E-07	9.52E-08	1.50E-07	1.37E-07	8.16E-08	2.98E-08	5.64E-08	7.35E-08
A[C>T]G	3.93E-02	2.75E-02	1.68E-02	2.71E-02	2.47E-02	2.80E-02	6.27E-03	1.99E-02	2.95E-02
A[C>T]T	1.69E-02	1.74E-02	1.08E-02	7.99E-03	7.91E-03	9.49E-03	3.22E-02	1.70E-02	7.15E-03
A[T>A]A	1.17E-07	1.70E-07	9.52E-08	1.50E-07	1.37E-07	8.16E-08	2.98E-08	5.64E-08	7.35E-08
A[T>A]C	1.25E-02	1.46E-02	1.88E-02	6.88E-03	1.52E-02	2.43E-02	1.31E-02	1.60E-02	1.01E-02
A[T>A]G	1.17E-07	1.70E-07	9.52E-08	1.50E-07	1.37E-07	8.16E-08	2.98E-08	5.64E-08	7.35E-08
A[T>A]T	1.17E-07	1.70E-07	9.52E-08	1.50E-07	1.37E-07	8.16E-08	2.98E-08	5.64E-08	7.35E-08
A[T>C]A	1.70E-02	1.15E-02	2.68E-02	2.82E-02	9.29E-03	6.52E-03	1.24E-02	2.41E-02	3.02E-02
A[T>C]C	1.17E-07	1.70E-07	9.52E-08	1.50E-07	1.37E-07	8.16E-08	2.98E-08	5.64E-08	7.35E-08
A[T>C]G	3.09E-07	7.42E-07	7.13E-07	9.74E-03	6.92E-07	2.66E-06	9.92E-03	3.29E-07	6.58E-03
A[T>C]T	2.58E-02	9.57E-03	2.83E-02	2.72E-02	5.06E-03	1.35E-02	1.63E-02	1.13E-02	2.09E-02
A[T>G]A	1.17E-07	1.70E-07	9.52E-08	1.50E-07	1.37E-07	8.16E-08	2.98E-08	5.64E-08	7.35E-08
A[T>G]C	1.17E-07	1.70E-07	9.52E-08	1.50E-07	1.37E-07	8.16E-08	2.98E-08	5.64E-08	7.35E-08
A[T>G]G	1.17E-07	1.70E-07	9.52E-08	1.50E-07	1.37E-07	8.16E-08	2.98E-08	5.64E-08	7.35E-08
A[T>G]T	1.17E-07	1.70E-07	9.52E-08	1.50E-07	1.37E-07	8.16E-08	2.98E-08	5.64E-08	7.35E-08
C[C>A]A	1.17E-07	1.70E-07	9.52E-08	1.50E-07	1.37E-07	8.16E-08	2.98E-08	5.64E-08	7.35E-08
C[C>A]C	1.17E-07	1.70E-07	9.52E-08	1.50E-07	1.37E-07	8.16E-08	2.98E-08	5.64E-08	7.35E-08
C[C>A]G	1.17E-07	1.70E-07	9.52E-08	1.50E-07	1.37E-07	8.16E-08	2.98E-08	5.64E-08	7.35E-08
C[C>A]T	1.17E-07	1.70E-07	9.52E-08	1.50E-07	1.37E-07	8.16E-08	2.98E-08	5.64E-08	7.35E-08
C[C>G]A	1.17E-07	1.70E-07	9.52E-08	1.50E-07	1.37E-07	8.16E-08	2.98E-08	5.64E-08	7.35E-08
C[C>G]C	1.17E-07	1.70E-07	9.52E-08	1.50E-07	1.37E-07	8.16E-08	2.98E-08	5.64E-08	7.35E-08
C[C>G]G	1.17E-07	1.70E-07	9.52E-08	1.50E-07	1.37E-07	8.16E-08	2.98E-08	5.64E-08	7.35E-08
C[C>G]T	1.17E-07	1.70E-07	9.52E-08	1.50E-07	1.37E-07	8.16E-08	2.98E-08	5.64E-08	7.35E-08
C[C>T]A	1.17E-07	1.70E-07	9.52E-08	1.50E-07	1.37E-07	8.16E-08	2.98E-08	5.64E-08	7.35E-08
C[C>T]C	1.17E-07	1.70E-07	9.52E-08	1.50E-07	1.37E-07	8.16E-08	2.98E-08	5.64E-08	7.35E-08
C[C>T]G	7.15E-03	2.82E-02	7.56E-03	1.39E-02	2.59E-02	6.43E-03	1.90E-02	4.64E-02	3.36E-02
C[C>T]T	1.24E-02	4.34E-02	3.02E-02	8.19E-03	6.15E-02	1.07E-02	2.50E-02	2.45E-02	1.43E-02
C[T>A]A	1.17E-07	1.70E-07	9.52E-08	1.50E-07	1.37E-07	8.16E-08	2.98E-08	5.64E-08	7.35E-08
C[T>A]C	7.04E-07	1.63E-02	3.80E-02	1.93E-02	2.93E-02	2.56E-02	1.51E-02	1.51E-02	1.46E-02
C[T>A]G	2.42E-07	3.64E-07	3.13E-07	7.79E-03	5.43E-06	8.27E-07	1.85E-07	5.63E-03	7.44E-07
C[T>A]T	2.07E-02	2.24E-07	2.04E-07	4.30E-08	8.94E-07	8.30E-07	6.86E-07	2.04E-07	9.13E-08
C[T>C]A	1.52E-02	2.24E-02	7.35E-03	3.45E-02	2.53E-02	8.34E-03	5.56E-03	1.69E-06	2.56E-02
C[T>C]C	4.44E-07	1.82E-07	1.96E-02	4.84E-07	3.19E-02	9.21E-07	7.40E-03	5.35E-03	1.12E-06
C[T>C]G	1.17E-07	1.70E-07	9.52E-08	1.50E-07	1.37E-07	8.16E-08	2.98E-08	5.64E-08	7.35E-08
C[T>C]T	1.14E-10	1.41E-02	2.14E-02	2.18E-02	1.48E-02	1.43E-02	4.11E-02	1.16E-02	1.30E-02
C[T>G]A	1.17E-07	1.70E-07	9.52E-08	1.50E-07	1.37E-07	8.16E-08	2.98E-08	5.64E-08	7.35E-08
C[T>G]C	7.39E-07	6.06E-03	7.74E-07	7.43E-03	7.13E-07	3.59E-07	6.68E-07	1.36E-06	6.09E-03
C[T>G]G	1.17E-07	1.70E-07	9.52E-08	1.50E-07	1.37E-07	8.16E-08	2.98E-08	5.64E-08	7.35E-08
C[T>G]T	1.17E-07	1.70E-07	9.52E-08	1.50E-07	1.37E-07	8.16E-08	2.98E-08	5.64E-08	7.35E-08
G[C>A]A	1.17E-07	1.70E-07	9.52E-08	1.50E-07	1.37E-07	8.16E-08	2.98E-08	5.64E-08	7.35E-08
G[C>A]C	1.17E-07	1.70E-07	9.52E-08	1.50E-07	1.37E-07	8.16E-08	2.98E-08	5.64E-08	7.35E-08
G[C>A]G	1.17E-07	1.70E-07	9.52E-08	1.50E-07	1.37E-07	8.16E-08	2.98E-08	5.64E-08	7.35E-08
G[C>A]T	3.35E-02	1.72E-02	9.12E-03	2.81E-02	1.43E-02	6.39E-02	1.50E-02	4.80E-03	6.97E-03
G[C>G]A	1.17E-07	1.70E-07	9.52E-08	1.50E-07	1.37E-07	8.16E-08	2.98E-08	5.64E-08	7.35E-08
G[C>G]C	1.64E-02	7.96E-03	5.79E-03	1.44E-02	1.19E-02	4.55E-02	2.89E-02	8.13E-03	1.18E-02
G[C>G]G	1.17E-07	1.70E-07	9.52E-08	1.50E-07	1.37E-07	8.16E-08	2.98E-08	5.64E-08	7.35E-08
G[C>G]T	5.95E-03	2.66E-02	2.50E-02	8.60E-03	8.91E-03	1.46E-02	1.46E-02	1.62E-02	2.49E-02
G[C>T]A	1.17E-07	1.70E-07	9.52E-08	1.50E-07	1.37E-07	8.16E-08	2.98E-08	5.64E-08	7.35E-08
G[C>T]C	7.48E-07	1.22E-07	7.23E-07	1.62E-07	7.58E-07	2.26E-07	2.64E-07	2.16E-07	7.36E-03
G[C>T]G	1.17E-07	1.70E-07	9.52E-08	1.50E-07	1.37E-07	8.16E-08	2.98E-08	5.64E-08	7.35E-08
G[C>T]T	1.17E-07	1.70E-07	9.52E-08	1.50E-07	1.37E-07	8.16E-08	2.98E-08	5.64E-08	7.35E-08
G[T>A]A	1.17E-07	1.70E-07	9.52E-08	1.50E-07	1.37E-07	8.16E-08	2.98E-08	5.64E-08	7.35E-08
G[T>A]C	1.17E-07	1.70E-07	9.52E-08	1.50E-07	1.37E-07	8.16E-08	2.98E-08	5.64E-08	7.35E-08
G[T>A]G	1.17E-07	1.70E-07	9.52E-08	1.50E-07	1.37E-07	8.16E-08	2.98E-08	5.64E-08	7.35E-08
G[T>A]T	1.17E-07	1.70E-07	9.52E-08	1.50E-07	1.37E-07	8.16E-08	2.98E-08	5.64E-08	7.35E-08
G[T>C]A	1.17E-07	1.70E-07	9.52E-08	1.50E-07	1.37E-07	8.16E-08	2.98E-08	5.64E-08	7.35E-08
G[T>C]C	1.17E-07	1.70E-07	9.52E-08	1.50E-07	1.37E-07	8.16E-08	2.98E-08	5.64E-08	7.35E-08
G[T>C]G	1.17E-07	1.70E-07	9.52E-08	1.50E-07	1.37E-07	8.16E-08	2.98E-08	5.64E-08	7.35E-08
G[T>C]T	1.72E-02	1.65E-02	1.53E-02	2.33E-02	2.14E-02	1.39E-06	5.84E-03	2.08E-02	1.50E-02
G[T>G]A	1.17E-07	1.70E-07	9.52E-08	1.50E-07	1.37E-07	8.16E-08	2.98E-08	5.64E-08	7.35E-08
G[T>G]C	1.17E-07	1.70E-07	9.52E-08	1.50E-07	1.37E-07	8.16E-08	2.98E-08	5.64E-08	7.35E-08
G[T>G]G	1.17E-07	1.70E-07	9.52E-08	1.50E-07	1.37E-07	8.16E-08	2.98E-08	5.64E-08	7.35E-08
G[T>G]T	1.17E-07	1.70E-07	9.52E-08	1.50E-07	1.37E-07	8.16E-08	2.98E-08	5.64E-08	7.35E-08
T[C>A]A	1.88E-02	1.82E-02	1.04E-02	2.68E-02	9.69E-03	3.15E-02	1.44E-02	9.58E-03	1.75E-02
T[C>A]C	1.39E-02	1.08E-02	6.33E-03	1.26E-02	4.58E-02	2.30E-02	3.02E-02	1.41E-02	4.07E-03
T[C>A]G	1.17E-07	1.70E-07	9.52E-08	1.50E-07	1.37E-07	8.16E-08	2.98E-08	5.64E-08	7.35E-08
T[C>A]T	1.17E-07	1.70E-07	9.52E-08	1.50E-07	1.37E-07	8.16E-08	2.98E-08	5.64E-08	7.35E-08
T[C>G]A	1.87E-07	6.96E-07	1.10E-02	7.73E-07	1.48E-02	3.47E-07	5.43E-03	1.44E-02	5.64E-07
T[C>G]C	1.17E-07	1.70E-07	9.52E-08	1.50E-07	1.37E-07	8.16E-08	2.98E-08	5.64E-08	7.35E-08
T[C>G]G	1.17E-07	1.70E-07	9.52E-08	1.50E-07	1.37E-07	8.16E-08	2.98E-08	5.64E-08	7.35E-08
T[C>G]T	1.17E-07	1.70E-07	9.52E-08	1.50E-07	1.37E-07	8.16E-08	2.98E-08	5.64E-08	7.35E-08
T[C>T]A	4.24E-02	1.90E-02	2.81E-02	1.95E-02	3.72E-02	2.06E-02	1.32E-02	3.36E-02	4.66E-02
T[C>T]C	6.20E-07	1.16E-02	5.35E-03	5.00E-06	9.99E-07	1.92E-02	4.53E-07	7.17E-07	8.90E-07
T[C>T]G	1.17E-07	1.70E-07	9.52E-08	1.50E-07	1.37E-07	8.16E-08	2.98E-08	5.64E-08	7.35E-08
T[C>T]T	2.57E-07	7.34E-07	5.49E-03	7.64E-07	2.96E-02	7.72E-03	5.43E-03	6.68E-07	9.02E-07
T[T>A]A	1.17E-07	1.70E-07	9.52E-08	1.50E-07	1.37E-07	8.16E-08	2.98E-08	5.64E-08	7.35E-08
T[T>A]C	1.17E-07	1.70E-07	9.52E-08	1.50E-07	1.37E-07	8.16E-08	2.98E-08	5.64E-08	7.35E-08
T[T>A]G	1.17E-07	1.70E-07	9.52E-08	1.50E-07	1.37E-07	8.16E-08	2.98E-08	5.64E-08	7.35E-08
T[T>A]T	1.17E-07	1.70E-07	9.52E-08	1.50E-07	1.37E-07	8.16E-08	2.98E-08	5.64E-08	7.35E-08
T[T>C]A	2.15E-02	1.44E-88	1.32E-02	1.91E-02	2.02E-02	2.10E-02	8.45E-03	1.22E-02	4.09E-02
T[T>C]C	2.30E-02	3.57E-02	6.96E-07	1.47E-02	1.61E-06	1.23E-06	6.79E-07	6.64E-07	2.40E-03
T[T>C]G	1.17E-07	1.70E-07	9.52E-08	1.50E-07	1.37E-07	8.16E-08	2.98E-08	5.64E-08	7.35E-08
T[T>C]T	2.65E-02	1.87E-02	2.43E-02	2.50E-02	1.47E-02	7.14E-03	3.70E-02	2.20E-02	6.88E-03
T[T>G]A	1.17E-07	1.70E-07	9.52E-08	1.50E-07	1.37E-07	8.16E-08	2.98E-08	5.64E-08	7.35E-08
T[T>G]C	1.17E-07	1.70E-07	9.52E-08	1.50E-07	1.37E-07	8.16E-08	2.98E-08	5.64E-08	7.35E-08
T[T>G]G	1.17E-07	1.70E-07	9.52E-08	1.50E-07	1.37E-07	8.16E-08	2.98E-08	5.64E-08	7.35E-08
T[T>G]T	1.17E-07	1.70E-07	9.52E-08	1.50E-07	1.37E-07	8.16E-08	2.98E-08	5.64E-08	7.35E-08
