Samples	Signature A	Signature B	Signature C
Sample1	9.84E+00	1.25E+01	1.45E+01
Sample2	7.82E+00	1.05E+01	9.58E+00
Sample3	1.23E+01	1.35E+01	1.00E+01
Sample4	9.94E+00	1.46E+01	1.05E+01
Sample5	6.38E+00	1.13E+01	1.61E+01
Sample6	9.26E+00	1.63E+01	1.54E+01
Sample7	1.09E+01	1.15E+01	1.33E+01
Sample8	9.89E+00	1.59E+01	1.27E+01
Sample9	5.53E+00	1.03E+01	1.06E+01
Sample10	3.31E+00	1.71E+01	1.59E+01
Sample11	5.64E+00	1.18E+01	8.36E+00
Sample12	8.73E+00	2.14E+01	1.83E+01
Sample13	9.74E+00	1.79E+01	1.64E+01
Sample14	9.87E+00	2.39E+01	1.94E+01
Sample15	8.95E+00	9.02E+00	1.42E+01
Sample16	7.28E+00	1.24E+01	9.04E+00
Sample17	1.05E+01	1.91E+01	1.69E+01
Sample18	8.20E+00	7.28E+00	1.05E+01
Sample19	1.16E+01	2.62E+01	2.22E+01
Sample20	1.42E+01	1.70E+01	1.05E+01
Sample21	1.06E+01	1.06E+01	8.98E+00
Sample22	1.24E+01	1.36E+01	1.02E+01
Sample23	1.20E+01	2.00E+01	1.45E+01
Sample24	1.01E+01	1.34E+01	1.59E+01
Sample25	7.09E+00	1.72E+01	1.77E+01
Sample26	1.31E+01	2.08E+01	2.15E+01
Sample27	9.56E+00	1.72E+01	1.40E+01
Sample28	1.72E+01	2.20E+01	1.28E+01
Sample29	5.27E+00	1.37E+01	1.35E+01
Sample30	1.57E+01	2.18E+01	2.02E+01
Sample31	7.77E+00	1.67E+01	1.52E+01
Sample32	1.08E+01	2.01E+01	2.25E+01
Sample33	1.19E+01	1.78E+01	1.87E+01
Sample34	1.24E+01	1.29E+01	7.69E+00
Sample35	1.36E+01	1.19E+01	1.02E+01
Sample36	1.65E+01	1.89E+01	1.48E+01
Sample37	5.39E+00	1.36E+01	1.50E+01
Sample38	1.26E+01	1.59E+01	1.41E+01
Sample39	1.06E+01	1.28E+01	1.31E+01
Sample40	9.71E+00	1.97E+01	2.07E+01
Sample41	1.71E+01	1.92E+01	1.28E+01
Sample42	1.03E+01	1.33E+01	1.18E+01
Sample43	8.00E+00	7.80E+00	9.48E+00
Sample44	1.28E+01	1.87E+01	2.01E+01
Sample45	9.10E+00	1.03E+01	1.07E+01
Sample46	1.05E+01	2.43E+01	2.05E+01
Sample47	1.34E+01	1.68E+01	1.32E+01
Sample48	7.37E+00	1.85E+01	1.65E+01
Sample49	9.18E+00	1.33E+01	1.68E+01
Sample50	7.23E+00	1.42E+01	1.22E+01
Sample51	9.75E+00	1.43E+01	1.06E+01
Sample52	8.04E+00	1.46E+01	1.95E+01
Sample53	9.77E+00	1.61E+01	1.50E+01
Sample54	5.85E+00	9.10E+00	6.53E+00
Sample55	1.15E+01	1.59E+01	1.72E+01
Sample56	9.93E+00	1.47E+01	1.21E+01
Sample57	1.44E+01	1.88E+01	1.37E+01
Sample58	9.92E+00	1.96E+01	1.08E+01
Sample59	6.20E+00	7.16E+00	8.47E+00
Sample60	8.08E+00	2.13E+01	2.07E+01
Sample61	1.03E+01	1.08E+01	1.45E+01
Sample62	1.32E+01	2.62E+01	1.78E+01
Sample63	1.43E+01	1.57E+01	1.74E+01
Sample64	1.32E+01	1.87E+01	1.77E+01
Sample65	1.45E+01	2.21E+01	1.13E+01
Sample66	1.40E+01	2.29E+01	1.43E+01
Sample67	1.17E+01	1.49E+01	1.02E+01
Sample68	1.55E+01	1.61E+01	1.02E+01
Sample69	9.71E+00	1.84E+01	1.31E+01
Sample70	1.25E+01	1.49E+01	1.05E+01
Sample71	7.94E+00	1.94E+01	1.84E+01
Sample72	9.95E+00	1.71E+01	1.57E+01
Sample73	1.76E+01	2.27E+01	1.57E+01
Sample74	1.73E+01	1.57E+01	1.36E+01
Sample75	1.25E+01	1.37E+01	1.32E+01
Sample76	5.49E+00	1.56E+01	1.88E+01
Sample77	6.03E+00	1.09E+01	1.06E+01
Sample78	9.68E+00	2.43E+01	1.67E+01
Sample79	8.28E+00	1.83E+01	1.57E+01
Sample80	6.74E+00	1.43E+01	9.47E+00
Sample81	1.13E+01	2.18E+01	2.60E+01
Sample82	1.29E+01	2.07E+01	1.57E+01
Sample83	1.21E+01	2.74E+01	2.32E+01
Sample84	1.44E+01	1.91E+01	2.04E+01
Sample85	1.31E+01	1.30E+01	1.40E+01
Sample86	1.01E+01	2.04E+01	1.59E+01
Sample87	1.28E+01	2.24E+01	1.33E+01
Sample88	1.20E+01	2.27E+01	2.14E+01
Sample89	1.25E+01	1.37E+01	1.50E+01
Sample90	3.78E+00	1.74E+01	1.64E+01
Sample91	1.37E+01	9.91E+00	1.59E+01
Sample92	9.91E+00	1.19E+01	1.65E+01
Sample93	1.18E+01	1.68E+01	1.12E+01
Sample94	9.85E+00	1.10E+01	1.01E+01
Sample95	8.52E+00	2.01E+01	1.76E+01
Sample96	1.01E+01	1.70E+01	1.54E+01
Sample97	1.40E+01	1.44E+01	1.36E+01
Sample98	8.84E+00	1.95E+01	1.27E+01
Sample99	6.77E+00	9.54E+00	7.93E+00
Sample100	9.27E+00	1.93E+01	2.19E+01
Sample101	9.52E+00	1.27E+01	1.53E+01
Sample102	1.08E+01	2.04E+01	1.80E+01
Sample103	1.35E+01	1.62E+01	2.06E+01
Sample104	3.56E+00	1.70E+01	1.41E+01
Sample105	1.14E+01	1.19E+01	1.55E+01
Sample106	9.49E+00	1.56E+01	1.87E+01
Sample107	9.10E+00	2.21E+01	2.18E+01
Sample108	1.72E+01	1.46E+01	8.26E+00
Sample109	1.55E+01	1.54E+01	1.42E+01
Sample110	1.82E+01	2.14E+01	1.76E+01
Sample111	1.05E+01	2.02E+01	1.90E+01
Sample112	5.03E+00	1.07E+01	1.43E+01
Sample113	6.50E+00	1.60E+01	1.65E+01
Sample114	1.03E+01	2.47E+01	2.05E+01
Sample115	8.26E+00	1.50E+01	1.37E+01
Sample116	1.15E+01	1.48E+01	1.23E+01
Sample117	1.14E+01	2.13E+01	1.46E+01
Sample118	1.68E+01	1.66E+01	1.24E+01
Sample119	1.36E+01	1.63E+01	5.81E+00
Sample120	7.42E+00	1.91E+01	1.92E+01
Sample121	6.18E+00	1.82E+01	1.56E+01
Sample122	1.05E+01	1.50E+01	9.01E+00
Sample123	1.31E+01	2.32E+01	1.87E+01
Sample124	6.97E+00	1.73E+01	1.56E+01
Sample125	1.10E+01	1.85E+01	1.29E+01
Sample126	9.33E+00	1.39E+01	8.92E+00
Sample127	8.40E+00	2.78E+01	2.07E+01
Sample128	5.48E+00	2.11E+01	1.84E+01
Sample129	9.98E+00	1.40E+01	9.98E+00
Sample130	1.16E+01	0.00E+00	1.16E+01
Sample131	6.87E+00	9.74E+00	1.12E+01
Sample132	5.49E+00	1.49E+01	1.68E+01
Sample133	2.24E+00	1.37E+01	1.20E+01
Sample134	7.87E+00	1.51E+01	1.36E+01
Sample135	6.83E+00	1.26E+01	1.11E+01
Sample136	1.13E+01	1.66E+01	1.44E+01
Sample137	1.03E+01	2.05E+01	1.75E+01
Sample138	1.02E+01	2.49E+01	2.14E+01
Sample139	1.12E+01	2.03E+01	1.36E+01
Sample140	1.10E+01	1.38E+01	7.11E+00
Sample141	1.21E+01	1.08E+01	1.24E+01
Sample142	1.18E+01	1.40E+01	1.11E+01
Sample143	1.21E+01	2.10E+01	1.38E+01
Sample144	5.88E+00	8.72E+00	1.23E+01
Sample145	7.73E+00	1.54E+01	1.12E+01
Sample146	1.37E+01	1.51E+01	9.65E+00
Sample147	8.72E+00	1.54E+01	1.83E+01
Sample148	1.37E+01	1.82E+01	1.50E+01
Sample149	8.77E+00	2.37E+01	1.95E+01
Sample150	5.53E+00	1.30E+01	1.22E+01
Sample151	1.33E+01	1.50E+01	9.10E+00
Sample152	1.21E+01	1.87E+01	1.70E+01
Sample153	7.60E+00	1.80E+01	1.39E+01
Sample154	3.88E+00	1.09E+01	1.04E+01
Sample155	8.65E+00	1.60E+01	8.15E+00
Sample156	1.52E+01	1.29E+01	1.26E+01
Sample157	1.46E+01	1.67E+01	1.07E+01
Sample158	1.18E+01	2.04E+01	2.12E+01
Sample159	1.47E+01	1.98E+01	1.16E+01
Sample160	1.09E+01	2.25E+01	2.12E+01
Sample161	1.32E+01	1.96E+01	1.62E+01
Sample162	1.54E+01	1.58E+01	1.28E+01
Sample163	1.63E+01	1.75E+01	1.02E+01
Sample164	9.00E+00	1.57E+01	9.78E+00
Sample165	8.60E+00	1.71E+01	1.74E+01
Sample166	1.01E+01	1.70E+01	1.28E+01
Sample167	1.31E+01	2.19E+01	1.75E+01
Sample168	1.01E+01	1.52E+01	9.77E+00
Sample169	8.74E+00	2.02E+01	1.47E+01
Sample170	1.00E+01	1.42E+01	1.91E+01
Sample171	1.22E+01	1.57E+01	1.12E+01
Sample172	9.37E+00	1.69E+01	1.90E+01
Sample173	1.03E+01	2.01E+01	1.52E+01
Sample174	1.01E+01	1.83E+01	1.37E+01
Sample175	1.03E+01	1.83E+01	1.44E+01
Sample176	1.07E+01	2.03E+01	1.62E+01
Sample177	7.26E+00	8.18E+00	1.02E+01
Sample178	9.61E+00	1.29E+01	1.30E+01
Sample179	1.39E+01	2.21E+01	1.71E+01
Sample180	7.90E+00	1.67E+01	1.69E+01
Sample181	1.00E+01	1.88E+01	2.28E+01
Sample182	9.59E+00	1.73E+01	1.73E+01
Sample183	1.16E+01	1.59E+01	7.64E+00
Sample184	1.37E+01	1.47E+01	1.83E+01
Sample185	1.36E+01	1.21E+01	1.41E+01
Sample186	9.73E+00	1.66E+01	8.48E+00
Sample187	1.44E+01	2.47E+01	1.53E+01
Sample188	7.87E+00	2.24E+01	2.25E+01
Sample189	9.27E+00	1.32E+01	1.54E+01
Sample190	8.59E+00	8.80E+00	8.32E+00
Sample191	1.12E+01	1.27E+01	1.45E+01
Sample192	1.04E+01	1.99E+01	2.35E+01
Sample193	6.37E+00	1.76E+01	1.52E+01
Sample194	1.36E+01	1.19E+01	1.76E+01
Sample195	1.13E+01	1.15E+01	1.32E+01
Sample196	1.08E+01	1.83E+01	1.69E+01
Sample197	7.73E+00	1.50E+01	1.49E+01
Sample198	8.09E+00	1.54E+01	1.75E+01
Sample199	9.05E+00	1.84E+01	1.54E+01
Sample200	8.31E+00	1.75E+01	1.25E+01
Sample201	7.87E+00	1.22E+01	1.27E+01
Sample202	1.17E+01	1.19E+01	1.01E+01
Sample203	8.90E+00	2.45E+01	2.57E+01
Sample204	9.12E+00	1.22E+01	1.04E+01
Sample205	9.81E+00	1.62E+01	1.40E+01
Sample206	7.43E+00	1.34E+01	1.32E+01
Sample207	6.97E+00	1.31E+01	1.18E+01
Sample208	1.26E+01	1.77E+01	1.79E+01
Sample209	6.78E+00	2.09E+01	2.41E+01
Sample210	8.14E+00	1.03E+01	1.27E+01
Sample211	5.09E+00	1.86E+01	1.62E+01
Sample212	9.17E+00	2.13E+01	1.71E+01
Sample213	9.90E+00	1.61E+01	1.36E+01
Sample214	1.06E+01	1.73E+01	1.71E+01
Sample215	8.07E+00	1.37E+01	1.37E+01
Sample216	9.92E+00	2.66E+01	2.06E+01
Sample217	4.81E+00	1.21E+01	1.19E+01
Sample218	9.46E+00	1.60E+01	1.25E+01
Sample219	1.52E+01	1.30E+01	1.67E+01
Sample220	1.59E+01	1.68E+01	2.24E+01
Sample221	6.02E+00	1.09E+01	1.19E+01
Sample222	1.30E+01	1.45E+01	1.79E+01
Sample223	1.46E+01	1.83E+01	6.98E+00
Sample224	1.26E+01	2.03E+01	1.59E+01
Sample225	1.40E+01	1.50E+01	1.22E+01
Sample226	1.28E+01	1.93E+01	1.53E+01
Sample227	1.10E+01	9.59E+00	7.25E+00
Sample228	1.04E+01	1.69E+01	1.62E+01
Sample229	1.72E+01	1.38E+01	1.20E+01
Sample230	1.06E+01	1.29E+01	1.07E+01
Sample231	8.51E+00	1.94E+01	1.29E+01
Sample232	1.11E+01	1.57E+01	1.23E+01
Sample233	6.49E+00	2.40E+01	2.23E+01
Sample234	7.75E+00	1.10E+01	7.78E+00
Sample235	1.04E+01	1.70E+01	1.43E+01
Sample236	1.13E+01	1.10E+01	1.57E+01
Sample237	7.85E+00	1.54E+01	1.52E+01
Sample238	1.25E+01	2.19E+01	1.69E+01
Sample239	8.20E+00	4.84E+00	9.85E+00
Sample240	1.56E+01	1.21E+01	1.05E+01
Sample241	1.23E+01	2.02E+01	1.40E+01
Sample242	5.53E+00	2.29E+01	1.96E+01
Sample243	6.32E+00	1.74E+01	1.46E+01
Sample244	5.45E+00	1.62E+01	1.42E+01
Sample245	7.22E+00	2.18E+01	1.89E+01
Sample246	8.77E+00	1.47E+01	1.05E+01
Sample247	1.34E+01	1.73E+01	1.68E+01
Sample248	1.41E+01	1.02E+01	1.34E+01
Sample249	9.18E+00	1.43E+01	1.17E+01
Sample250	1.43E+01	2.91E+00	1.45E+01
Sample251	1.82E+01	1.12E+01	1.70E+01
Sample252	1.23E+01	1.93E+01	1.46E+01
Sample253	1.17E+01	2.65E+01	2.11E+01
Sample254	1.07E+01	1.05E+01	8.32E+00
Sample255	1.55E+01	2.03E+01	7.80E+00
Sample256	7.60E+00	8.50E+00	8.69E+00
Sample257	4.35E+00	1.36E+01	1.29E+01
Sample258	1.12E+01	1.46E+01	1.85E+01
Sample259	1.07E+01	1.65E+01	1.13E+01
Sample260	1.67E+01	1.72E+01	1.31E+01
Sample261	1.28E+01	2.57E+01	1.96E+01
Sample262	9.13E+00	1.99E+01	2.30E+01
Sample263	9.41E+00	1.51E+01	1.14E+01
Sample264	1.00E+01	1.68E+01	8.73E+00
Sample265	1.38E+01	1.14E+01	1.59E+01
Sample266	5.95E+00	1.95E+01	1.58E+01
Sample267	7.45E+00	2.57E+01	2.12E+01
Sample268	8.34E+00	1.58E+01	1.81E+01
Sample269	1.29E+01	1.48E+01	1.40E+01
Sample270	1.56E+01	2.11E+01	2.02E+01
Sample271	1.04E+01	1.33E+01	1.59E+01
Sample272	1.94E+01	2.34E+01	1.36E+01
Sample273	6.06E+00	1.79E+01	1.95E+01
Sample274	1.03E+01	1.08E+01	9.01E+00
Sample275	1.21E+01	1.69E+01	1.42E+01
Sample276	1.27E+01	1.39E+01	1.80E+01
Sample277	9.17E+00	2.10E+01	1.79E+01
Sample278	6.47E+00	1.32E+01	1.15E+01
Sample279	1.04E+01	1.54E+01	1.04E+01
Sample280	9.03E+00	1.61E+01	1.52E+01
Sample281	1.17E+01	1.37E+01	1.97E+01
Sample282	5.29E+00	2.16E+01	2.27E+01
Sample283	9.21E+00	2.61E+01	2.32E+01
Sample284	6.43E+00	1.09E+01	1.39E+01
Sample285	1.16E+01	2.31E+01	1.80E+01
Sample286	1.03E+01	1.55E+01	1.37E+01
Sample287	1.09E+01	1.11E+01	1.46E+01
Sample288	1.24E+01	2.27E+01	1.69E+01
Sample289	1.41E+01	1.68E+01	1.04E+01
Sample290	7.12E+00	2.03E+01	2.37E+01
Sample291	8.52E+00	1.86E+01	1.66E+01
Sample292	4.67E+00	1.49E+01	1.51E+01
Sample293	1.57E+01	2.50E+01	1.68E+01
Sample294	8.67E+00	2.07E+01	1.57E+01
Sample295	8.06E+00	1.01E+01	8.50E+00
Sample296	8.88E+00	1.39E+01	9.90E+00
Sample297	8.30E+00	2.09E+01	1.59E+01
Sample298	1.05E+01	3.94E+01	3.13E+01
Sample299	1.13E+01	1.58E+01	1.52E+01
Sample300	1.12E+01	2.00E+01	1.42E+01
Sample301	1.04E+01	1.31E+01	1.74E+01
Sample302	7.07E+00	2.08E+01	1.80E+01
Sample303	6.83E+00	1.32E+01	1.55E+01
Sample304	1.45E+01	2.10E+01	1.66E+01
Sample305	1.20E+01	2.31E+01	2.02E+01
Sample306	5.02E+00	1.13E+01	1.24E+01
Sample307	1.22E+01	1.98E+01	2.26E+01
Sample308	7.07E+00	1.87E+01	1.68E+01
Sample309	1.43E+01	1.90E+01	1.75E+01
Sample310	8.16E+00	1.77E+01	1.81E+01
Sample311	1.20E+01	1.76E+01	1.68E+01
Sample312	1.35E+01	2.92E+01	2.00E+01
Sample313	6.24E+00	1.48E+01	1.02E+01
Sample314	1.48E+01	1.41E+01	1.42E+01
Sample315	1.91E+01	2.39E+01	1.52E+01
Sample316	7.19E+00	1.21E+01	7.87E+00
Sample317	7.90E+00	1.73E+01	1.47E+01
Sample318	1.23E+01	1.30E+01	1.15E+01
Sample319	1.44E+01	1.05E+01	9.52E+00
Sample320	8.51E+00	1.40E+01	1.63E+01
Sample321	1.38E+01	1.79E+01	1.51E+01
Sample322	1.03E+01	1.19E+01	1.40E+01
Sample323	7.91E+00	1.38E+01	1.31E+01
Sample324	1.22E+01	1.19E+01	1.60E+01
Sample325	7.01E+00	1.06E+01	1.01E+01
Sample326	6.15E+00	2.27E+01	1.83E+01
Sample327	1.34E+01	1.72E+01	1.29E+01
Sample328	1.08E+01	1.84E+01	1.31E+01
Sample329	1.28E+01	1.78E+01	1.07E+01
Sample330	9.66E+00	1.45E+01	1.21E+01
Sample331	8.28E+00	1.51E+01	1.41E+01
Sample332	8.06E+00	2.04E+01	1.89E+01
Sample333	1.23E+01	2.69E+01	2.18E+01
Sample334	9.94E+00	1.10E+01	1.12E+01
Sample335	1.07E+01	1.29E+01	1.03E+01
Sample336	1.44E+01	1.80E+01	2.60E+01
Sample337	1.21E+01	2.25E+01	1.52E+01
Sample338	8.37E+00	1.06E+01	6.82E+00
Sample339	8.55E+00	1.48E+01	1.26E+01
Sample340	1.09E+01	1.60E+01	1.45E+01
Sample341	1.18E+01	1.14E+01	1.28E+01
Sample342	1.54E+01	1.76E+01	5.73E+00
Sample343	1.39E+01	1.86E+01	1.52E+01
Sample344	1.41E+01	2.30E+01	1.25E+01
Sample345	1.24E+01	2.46E+01	2.16E+01
Sample346	1.60E+01	1.77E+01	2.29E+01
Sample347	1.08E+01	1.14E+01	8.17E+00
Sample348	1.76E+01	2.58E+01	2.11E+01
Sample349	9.82E+00	1.55E+01	1.08E+01
Sample350	1.01E+01	1.00E+01	1.24E+01
Sample351	1.10E+01	1.81E+01	1.47E+01
Sample352	6.55E+00	1.71E+01	1.86E+01
Sample353	1.29E+01	2.39E+01	1.64E+01
Sample354	1.16E+01	1.99E+01	1.55E+01
Sample355	8.03E+00	1.82E+01	1.73E+01
Sample356	1.10E+01	1.64E+01	2.06E+01
Sample357	1.08E+01	1.55E+01	9.35E+00
Sample358	1.52E+01	2.50E+01	2.35E+01
Sample359	1.03E+01	3.06E+01	2.92E+01
Sample360	7.61E+00	1.13E+01	8.47E+00
Sample361	1.26E+01	1.72E+01	1.35E+01
Sample362	9.33E+00	1.22E+01	1.55E+01
Sample363	1.43E+01	2.19E+01	1.38E+01
Sample364	9.15E+00	1.49E+01	1.62E+01
Sample365	5.18E+00	1.99E+01	1.72E+01
Sample366	9.28E+00	1.11E+01	1.19E+01
Sample367	1.41E+01	2.36E+01	1.63E+01
Sample368	1.59E+01	2.72E+01	1.71E+01
Sample369	7.28E+00	1.84E+01	1.44E+01
Sample370	1.23E+01	1.79E+01	1.55E+01
Sample371	1.36E+01	2.39E+01	1.72E+01
Sample372	1.09E+01	1.89E+01	1.82E+01
Sample373	8.31E+00	2.56E+01	2.44E+01
Sample374	6.66E+00	1.68E+01	1.27E+01
Sample375	1.10E+01	1.75E+01	1.63E+01
Sample376	7.37E+00	1.44E+01	1.19E+01
Sample377	1.37E+01	2.06E+01	1.18E+01
Sample378	9.34E+00	1.51E+01	1.55E+01
Sample379	1.03E+01	2.69E+01	2.21E+01
Sample380	8.76E+00	1.96E+01	1.69E+01
Sample381	8.62E+00	1.08E+01	1.26E+01
Sample382	9.71E+00	1.81E+01	1.51E+01
Sample383	1.42E+01	1.30E+01	1.72E+01
Sample384	1.06E+01	1.85E+01	1.60E+01
Sample385	1.36E+01	1.40E+01	1.90E+01
Sample386	1.20E+01	1.80E+01	1.78E+01
Sample387	9.85E+00	1.36E+01	1.27E+01
Sample388	5.52E+00	1.63E+01	1.59E+01
Sample389	6.34E+00	1.83E+01	1.51E+01
Sample390	1.41E+01	2.15E+01	1.53E+01
Sample391	1.07E+01	1.93E+01	1.85E+01
Sample392	1.03E+01	1.38E+01	9.58E+00
Sample393	1.68E+01	1.35E+01	1.24E+01
Sample394	1.16E+01	1.67E+01	1.09E+01
Sample395	8.85E+00	1.87E+01	2.37E+01
Sample396	1.12E+01	2.66E+01	1.97E+01
Sample397	1.30E+01	1.66E+01	1.72E+01
Sample398	1.05E+01	1.11E+01	1.38E+01
Sample399	1.19E+01	8.26E+00	1.27E+01
Sample400	8.90E+00	1.52E+01	9.45E+00
Sample401	6.90E+00	1.54E+01	1.55E+01
Sample402	1.49E+01	1.76E+01	1.48E+01
Sample403	9.37E+00	1.86E+01	1.45E+01
Sample404	9.15E+00	1.81E+01	1.76E+01
Sample405	1.52E+01	1.58E+01	9.86E+00
Sample406	1.49E+01	2.30E+01	1.78E+01
Sample407	8.11E+00	1.36E+01	1.17E+01
Sample408	0.00E+00	1.27E+01	1.27E+01
Sample409	1.22E+01	1.19E+01	1.54E+01
Sample410	6.43E+00	9.54E+00	9.51E+00
Sample411	8.09E+00	1.86E+01	1.79E+01
Sample412	1.15E+01	2.44E+01	1.53E+01
Sample413	1.23E+01	1.71E+01	8.99E+00
Sample414	1.20E+01	1.17E+01	1.54E+01
Sample415	8.65E+00	2.45E+01	2.02E+01
Sample416	9.75E+00	2.25E+01	1.56E+01
Sample417	9.98E+00	1.69E+01	1.93E+01
Sample418	9.66E+00	1.73E+01	1.10E+01
Sample419	6.58E+00	1.59E+01	1.41E+01
Sample420	1.33E+01	1.33E+01	1.72E+01
Sample421	1.55E+01	1.31E+01	2.12E+01
Sample422	1.04E+01	2.22E+01	1.48E+01
Sample423	1.02E+01	2.08E+01	2.31E+01
Sample424	7.82E+00	1.87E+01	1.57E+01
Sample425	5.60E+00	2.06E+01	1.90E+01
Sample426	1.08E+01	2.56E+01	2.24E+01
Sample427	8.17E+00	1.73E+01	1.32E+01
Sample428	8.37E+00	2.46E+01	2.63E+01
Sample429	1.40E+01	1.98E+01	1.45E+01
Sample430	8.37E+00	1.69E+01	1.53E+01
Sample431	1.02E+01	1.99E+01	1.84E+01
Sample432	1.50E+01	1.01E+01	1.50E+01
Sample433	2.08E+01	1.39E+01	1.89E+01
Sample434	6.42E+00	1.49E+01	1.20E+01
Sample435	1.72E+01	1.20E+01	1.57E+01
Sample436	1.46E+01	1.07E+01	9.61E+00
Sample437	1.17E+01	1.95E+01	1.02E+01
Sample438	1.32E+01	1.39E+01	1.33E+01
Sample439	7.77E+00	1.40E+01	1.71E+01
Sample440	7.90E+00	1.41E+01	9.56E+00
Sample441	1.35E+01	1.92E+01	1.77E+01
Sample442	1.31E+01	1.34E+01	1.28E+01
Sample443	1.55E+01	1.69E+01	1.66E+01
Sample444	9.54E+00	1.16E+01	1.72E+01
Sample445	9.84E+00	1.59E+01	1.87E+01
Sample446	8.05E+00	8.74E+00	6.43E+00
Sample447	1.49E+01	1.43E+01	1.46E+01
Sample448	1.08E+01	2.17E+01	1.55E+01
Sample449	1.14E+01	1.96E+01	2.25E+01
Sample450	1.51E+01	1.65E+01	2.13E+01
Sample451	1.21E+01	2.04E+01	2.23E+01
Sample452	1.52E+01	1.59E+01	1.88E+01
Sample453	9.38E+00	1.50E+01	1.02E+01
Sample454	7.99E+00	2.01E+01	1.95E+01
Sample455	9.95E+00	1.34E+01	1.10E+01
Sample456	9.16E+00	7.02E+00	6.68E+00
Sample457	1.00E+01	1.82E+01	2.12E+01
Sample458	6.83E+00	1.35E+01	1.16E+01
Sample459	1.48E+01	2.23E+01	1.43E+01
Sample460	1.19E+01	1.05E+01	1.47E+01
Sample461	1.04E+01	2.72E+01	2.32E+01
Sample462	7.44E+00	1.01E+01	1.27E+01
Sample463	9.74E+00	2.53E+01	2.23E+01
Sample464	6.18E+00	1.69E+01	1.74E+01
Sample465	1.20E+01	2.08E+01	1.75E+01
Sample466	1.55E+01	2.02E+01	1.06E+01
Sample467	1.01E+01	2.09E+01	1.60E+01
Sample468	6.77E+00	6.88E+00	7.99E+00
Sample469	1.34E+01	7.84E+00	1.28E+01
Sample470	1.20E+01	1.09E+01	5.90E+00
Sample471	1.61E+01	2.42E+01	1.70E+01
Sample472	1.15E+01	2.65E+01	1.99E+01
Sample473	9.65E+00	8.64E+00	8.82E+00
Sample474	9.85E+00	1.58E+01	1.53E+01
Sample475	1.13E+01	2.20E+01	1.22E+01
Sample476	7.21E+00	1.68E+01	1.49E+01
Sample477	6.84E+00	1.75E+01	1.26E+01
Sample478	1.21E+01	1.90E+01	1.04E+01
Sample479	9.42E+00	1.12E+01	1.15E+01
Sample480	9.29E+00	1.78E+01	1.74E+01
Sample481	1.13E+01	2.13E+01	1.82E+01
Sample482	1.16E+01	1.88E+01	1.75E+01
Sample483	1.51E+01	2.61E+01	2.34E+01
Sample484	1.29E+01	1.60E+01	1.13E+01
Sample485	9.37E+00	1.77E+01	1.26E+01
Sample486	1.34E+01	1.65E+01	1.62E+01
Sample487	1.13E+01	1.98E+01	1.70E+01
Sample488	6.45E+00	1.66E+01	1.87E+01
Sample489	9.26E+00	1.36E+01	1.73E+01
Sample490	1.23E+01	1.71E+01	1.95E+01
Sample491	1.28E+01	8.03E+00	7.88E+00
Sample492	1.67E+01	1.50E+01	1.77E+01
Sample493	1.49E+01	2.43E+01	2.45E+01
Sample494	1.32E+01	2.23E+01	1.85E+01
Sample495	8.91E+00	2.09E+01	2.21E+01
Sample496	1.27E+01	1.48E+01	1.63E+01
Sample497	0.00E+00	1.70E+01	1.70E+01
Sample498	7.05E+00	1.13E+01	1.01E+01
Sample499	1.25E+01	1.55E+01	1.52E+01
Sample500	1.06E+01	3.13E+01	2.50E+01
Sample501	1.03E+01	2.03E+01	1.64E+01
Sample502	6.84E+00	2.72E+01	2.73E+01
Sample503	7.42E+00	1.30E+01	1.36E+01
Sample504	1.41E+01	1.38E+01	9.38E+00
Sample505	7.91E+00	1.65E+01	1.51E+01
Sample506	5.22E+00	1.60E+01	1.64E+01
Sample507	9.23E+00	1.44E+01	1.50E+01
Sample508	8.70E+00	1.05E+01	8.65E+00
Sample509	9.45E+00	1.36E+01	1.36E+01
Sample510	1.36E+01	1.07E+01	8.44E+00
Sample511	1.51E+01	9.79E+00	1.20E+01
Sample512	1.35E+01	1.53E+01	1.17E+01
Sample513	8.22E+00	1.02E+01	1.43E+01
Sample514	1.69E+01	1.44E+01	1.81E+01
Sample515	9.76E+00	1.24E+01	7.79E+00
Sample516	7.61E+00	1.32E+01	1.40E+01
Sample517	8.61E+00	1.89E+01	2.13E+01
Sample518	2.02E+01	1.32E+01	1.41E+01
Sample519	8.69E+00	9.22E+00	6.33E+00
Sample520	8.74E+00	1.28E+01	1.41E+01
Sample521	1.32E+01	2.25E+01	1.43E+01
Sample522	8.95E+00	1.60E+01	1.17E+01
Sample523	1.40E+01	1.82E+01	1.19E+01
Sample524	1.12E+01	1.16E+01	4.50E+00
Sample525	5.29E+00	2.02E+01	1.74E+01
Sample526	1.27E+01	1.44E+01	1.23E+01
Sample527	9.25E+00	2.07E+01	2.05E+01
Sample528	5.25E+00	1.84E+01	1.75E+01
Sample529	9.88E+00	1.19E+01	9.64E+00
Sample530	1.17E+01	1.30E+01	6.09E+00
Sample531	9.57E+00	5.56E+00	1.02E+01
Sample532	1.17E+01	1.42E+01	1.18E+01
Sample533	1.28E+01	1.52E+01	1.14E+01
Sample534	7.73E+00	1.54E+01	1.13E+01
Sample535	1.06E+01	2.35E+01	1.79E+01
Sample536	9.56E+00	1.51E+01	1.16E+01
Sample537	9.97E+00	2.31E+01	2.11E+01
Sample538	6.62E+00	1.32E+01	1.24E+01
Sample539	9.80E+00	2.83E+01	2.43E+01
Sample540	1.65E+01	2.57E+01	1.79E+01
Sample541	1.65E+01	1.39E+01	1.30E+01
Sample542	1.42E+01	2.41E+01	1.52E+01
Sample543	9.88E+00	1.72E+01	1.79E+01
Sample544	1.44E+01	2.51E+01	1.71E+01
Sample545	1.38E+01	3.18E+01	2.74E+01
Sample546	1.16E+01	1.58E+01	1.79E+01
Sample547	8.65E+00	1.17E+01	1.21E+01
Sample548	1.32E+01	2.03E+01	1.33E+01
Sample549	1.38E+01	2.49E+01	1.72E+01
Sample550	9.21E+00	1.35E+01	1.13E+01
Sample551	8.31E+00	1.60E+01	1.47E+01
Sample552	1.15E+01	1.37E+01	8.99E+00
Sample553	7.97E+00	1.19E+01	1.04E+01
Sample554	1.12E+01	1.24E+01	6.36E+00
Sample555	6.00E+00	2.04E+01	1.73E+01
Sample556	1.18E+01	2.32E+01	1.60E+01
Sample557	1.32E+01	2.61E+01	1.59E+01
Sample558	1.18E+01	1.72E+01	9.09E+00
Sample559	1.14E+01	1.40E+01	1.01E+01
Sample560	1.30E+01	1.54E+01	1.48E+01
Sample561	1.06E+01	1.32E+01	1.76E+01
Sample562	7.83E+00	9.81E+00	1.07E+01
Sample563	1.43E+01	1.91E+01	1.78E+01
Sample564	6.97E+00	1.08E+01	1.43E+01
Sample565	7.55E+00	7.12E+00	1.00E+01
Sample566	6.79E+00	1.79E+01	1.82E+01
Sample567	1.19E+01	1.92E+01	1.76E+01
Sample568	1.14E+01	1.68E+01	1.45E+01
Sample569	1.52E+01	1.08E+01	1.15E+01
Sample570	8.02E+00	1.02E+01	1.03E+01
Sample571	8.63E+00	1.36E+01	1.40E+01
Sample572	1.24E+01	2.79E+01	1.85E+01
Sample573	7.64E+00	1.97E+01	1.95E+01
Sample574	1.46E+01	2.65E+01	1.71E+01
Sample575	1.99E+01	2.17E+01	2.03E+01
Sample576	1.66E+01	1.06E+01	2.32E+01
Sample577	4.40E+00	1.96E+01	1.96E+01
Sample578	1.07E+01	2.28E+01	2.35E+01
Sample579	1.16E+01	1.38E+01	1.24E+01
Sample580	1.08E+01	1.91E+01	1.48E+01
Sample581	6.68E+00	1.25E+01	7.60E+00
Sample582	2.03E+01	2.13E+01	1.74E+01
Sample583	1.34E+01	1.05E+01	1.24E+01
Sample584	1.41E+01	1.67E+01	1.61E+01
Sample585	1.53E+01	2.34E+01	2.03E+01
Sample586	9.16E+00	1.91E+01	1.47E+01
Sample587	1.45E+01	2.31E+01	1.32E+01
Sample588	9.64E+00	1.73E+01	1.95E+01
Sample589	1.16E+01	2.43E+01	1.87E+01
Sample590	9.33E+00	1.53E+01	1.22E+01
Sample591	6.93E+00	2.34E+01	1.86E+01
Sample592	1.39E+01	2.25E+01	1.32E+01
Sample593	9.48E+00	1.70E+01	1.71E+01
Sample594	1.36E+01	1.17E+01	1.37E+01
Sample595	1.25E+01	1.51E+01	1.25E+01
Sample596	8.25E+00	1.64E+01	1.33E+01
Sample597	9.21E+00	1.99E+01	2.30E+01
Sample598	1.08E+01	2.34E+01	2.06E+01
Sample599	4.94E+00	1.13E+01	7.94E+00
Sample600	1.32E+01	1.69E+01	1.82E+01
Sample601	8.03E+00	1.54E+01	1.45E+01
Sample602	6.77E+00	1.30E+01	1.74E+01
Sample603	1.01E+01	1.36E+01	1.68E+01
Sample604	9.22E+00	2.13E+01	1.43E+01
Sample605	1.06E+01	1.47E+01	1.22E+01
Sample606	1.63E+01	2.19E+01	9.67E+00
Sample607	9.04E+00	8.49E+00	7.74E+00
Sample608	1.06E+01	1.22E+01	1.06E+01
Sample609	1.55E+01	1.54E+01	1.33E+01
Sample610	1.21E+01	1.43E+01	1.92E+01
Sample611	1.15E+01	1.41E+01	1.23E+01
Sample612	1.52E+01	1.90E+01	1.89E+01
Sample613	1.34E+01	2.03E+01	1.49E+01
Sample614	1.73E+01	1.18E+01	1.75E+01
Sample615	1.08E+01	1.17E+01	1.23E+01
Sample616	8.37E+00	9.29E+00	1.50E+01
Sample617	1.61E+01	2.57E+01	1.67E+01
Sample618	4.36E+00	1.56E+01	1.67E+01
Sample619	1.51E+01	1.72E+01	1.50E+01
Sample620	9.26E+00	2.05E+01	2.06E+01
Sample621	1.14E+01	1.59E+01	1.24E+01
Sample622	1.16E+01	1.95E+01	8.61E+00
Sample623	7.36E+00	2.20E+01	1.58E+01
Sample624	1.34E+01	2.00E+01	1.28E+01
Sample625	1.42E+01	2.05E+01	9.21E+00
Sample626	1.27E+01	3.22E+01	2.13E+01
Sample627	1.32E+01	1.63E+01	1.96E+01
Sample628	9.90E+00	2.73E+01	2.10E+01
Sample629	1.14E+01	1.73E+01	1.20E+01
Sample630	1.25E+01	1.69E+01	1.58E+01
Sample631	1.17E+01	1.41E+01	1.66E+01
Sample632	1.82E+01	2.08E+01	1.54E+01
Sample633	1.01E+01	1.96E+01	1.54E+01
Sample634	1.21E+01	7.25E+00	9.71E+00
Sample635	8.60E+00	1.07E+01	1.52E+01
Sample636	1.02E+01	1.13E+01	1.32E+01
Sample637	1.16E+01	2.14E+01	2.48E+01
Sample638	7.66E+00	1.41E+01	9.42E+00
Sample639	7.49E+00	1.42E+01	1.21E+01
Sample640	1.15E+01	1.76E+01	1.75E+01
Sample641	6.40E+00	9.35E+00	8.68E+00
Sample642	1.29E+01	1.56E+01	1.35E+01
Sample643	1.30E+01	1.51E+01	8.17E+00
Sample644	1.03E+01	1.37E+01	8.72E+00
Sample645	6.30E+00	1.08E+01	1.06E+01
Sample646	1.44E+01	1.64E+01	1.47E+01
Sample647	8.56E+00	1.35E+01	1.13E+01
Sample648	8.58E+00	1.73E+01	1.87E+01
Sample649	5.42E+00	1.95E+01	1.82E+01
Sample650	9.79E+00	1.75E+01	1.63E+01
Sample651	1.38E+01	2.09E+01	1.41E+01
Sample652	1.09E+01	1.73E+01	1.44E+01
Sample653	1.24E+01	2.06E+01	1.23E+01
Sample654	1.51E+01	1.57E+01	1.15E+01
Sample655	1.44E+01	1.30E+01	1.17E+01
Sample656	6.55E+00	1.61E+01	1.41E+01
Sample657	9.07E+00	1.73E+01	1.22E+01
Sample658	1.37E+01	3.83E+01	2.94E+01
Sample659	1.71E+01	2.23E+01	1.55E+01
Sample660	1.40E+01	1.36E+01	1.44E+01
Sample661	9.21E+00	2.45E+01	2.18E+01
Sample662	9.44E+00	2.61E+01	2.12E+01
Sample663	1.37E+01	1.79E+01	1.26E+01
Sample664	1.34E+01	1.65E+01	8.41E+00
Sample665	1.19E+01	2.25E+01	1.41E+01
Sample666	1.19E+01	1.89E+01	2.02E+01
Sample667	1.08E+01	2.43E+01	2.73E+01
Sample668	1.23E+01	1.67E+01	1.54E+01
Sample669	1.22E+01	1.89E+01	1.71E+01
Sample670	1.03E+01	2.23E+01	1.92E+01
Sample671	1.06E+01	1.17E+01	1.26E+01
Sample672	1.48E+01	1.50E+01	7.32E+00
Sample673	1.37E+01	1.86E+01	1.46E+01
Sample674	1.18E+01	1.96E+01	1.42E+01
Sample675	9.78E+00	2.61E+01	2.37E+01
Sample676	9.98E+00	1.71E+01	1.84E+01
Sample677	1.32E+01	1.95E+01	1.14E+01
Sample678	6.75E+00	1.19E+01	1.06E+01
Sample679	9.43E+00	1.37E+01	1.18E+01
Sample680	6.20E+00	1.64E+01	1.48E+01
Sample681	1.40E+01	1.75E+01	1.89E+01
Sample682	8.37E+00	1.44E+01	1.22E+01
Sample683	1.43E+01	2.11E+01	1.85E+01
Sample684	9.25E+00	1.90E+01	1.79E+01
Sample685	1.16E+01	1.24E+01	1.36E+01
Sample686	7.31E+00	1.22E+01	9.33E+00
Sample687	1.30E+01	1.42E+01	9.60E+00
Sample688	9.18E+00	1.63E+01	1.14E+01
Sample689	1.02E+01	7.67E+00	9.15E+00
Sample690	1.16E+01	1.86E+01	1.76E+01
Sample691	7.63E+00	1.40E+01	1.74E+01
Sample692	1.07E+01	1.99E+01	1.81E+01
Sample693	1.31E+01	1.80E+01	1.26E+01
Sample694	7.05E+00	1.58E+01	1.36E+01
Sample695	1.36E+01	1.33E+01	1.08E+01
Sample696	1.15E+01	2.16E+01	1.37E+01
Sample697	8.46E+00	1.65E+01	1.49E+01
Sample698	1.67E+01	1.79E+01	1.79E+01
Sample699	9.04E+00	1.84E+01	1.89E+01
Sample700	9.32E+00	1.98E+01	1.82E+01
Sample701	8.02E+00	1.29E+01	1.31E+01
Sample702	1.11E+01	1.90E+01	1.62E+01
Sample703	1.59E+01	1.89E+01	1.38E+01
Sample704	1.00E+01	1.62E+01	1.62E+01
Sample705	1.23E+01	1.95E+01	1.38E+01
Sample706	7.44E+00	2.64E+01	2.94E+01
Sample707	1.51E+01	1.84E+01	9.15E+00
Sample708	9.09E+00	3.16E+01	3.06E+01
Sample709	8.70E+00	2.66E+01	2.51E+01
Sample710	9.16E+00	1.48E+01	1.12E+01
Sample711	1.18E+01	9.98E+00	1.79E+01
Sample712	1.78E+01	3.62E+01	2.27E+01
Sample713	8.20E+00	8.09E+00	9.35E+00
Sample714	5.90E+00	1.57E+01	1.50E+01
Sample715	1.09E+01	2.61E+01	1.96E+01
Sample716	1.56E+01	2.28E+01	2.11E+01
Sample717	8.22E+00	1.08E+01	1.28E+01
Sample718	1.31E+01	1.34E+01	1.65E+01
Sample719	1.34E+01	1.11E+01	1.37E+01
Sample720	1.05E+01	1.71E+01	1.30E+01
Sample721	8.01E+00	1.53E+01	1.51E+01
Sample722	1.01E+01	1.90E+01	2.15E+01
Sample723	9.49E+00	1.80E+01	1.21E+01
Sample724	1.02E+01	1.07E+01	1.20E+01
Sample725	9.40E+00	1.49E+01	1.22E+01
Sample726	1.53E+01	2.31E+01	2.43E+01
Sample727	1.41E+01	1.63E+01	1.02E+01
Sample728	8.19E+00	1.34E+01	1.19E+01
Sample729	8.98E+00	1.60E+01	1.74E+01
Sample730	1.02E+01	1.61E+01	1.34E+01
Sample731	1.40E+01	1.91E+01	1.05E+01
Sample732	1.04E+01	1.69E+01	9.26E+00
Sample733	7.92E+00	1.08E+01	9.70E+00
Sample734	6.80E+00	2.39E+01	2.11E+01
Sample735	1.40E+01	1.66E+01	2.14E+01
Sample736	9.96E+00	1.72E+01	1.14E+01
Sample737	1.49E+01	1.50E+01	1.20E+01
Sample738	1.36E+01	2.09E+01	1.59E+01
Sample739	1.12E+01	1.80E+01	1.06E+01
Sample740	2.04E+01	1.32E+01	1.31E+01
Sample741	9.54E+00	1.75E+01	1.99E+01
Sample742	9.06E+00	1.75E+01	1.74E+01
Sample743	9.33E+00	2.05E+01	2.10E+01
Sample744	8.81E+00	1.70E+01	1.22E+01
Sample745	1.02E+01	1.44E+01	1.35E+01
Sample746	9.01E+00	1.40E+01	1.43E+01
Sample747	1.12E+01	1.52E+01	1.31E+01
Sample748	6.83E+00	1.69E+01	1.31E+01
Sample749	8.37E+00	1.40E+01	8.38E+00
Sample750	9.11E+00	2.19E+01	2.17E+01
Sample751	8.43E+00	1.54E+01	1.89E+01
Sample752	5.45E+00	2.00E+01	2.11E+01
Sample753	7.86E+00	1.37E+01	1.60E+01
Sample754	1.00E+01	1.59E+01	1.13E+01
Sample755	4.75E+00	1.62E+01	1.71E+01
Sample756	4.64E+00	1.95E+01	1.84E+01
Sample757	1.08E+01	1.17E+01	1.31E+01
Sample758	1.56E+01	1.81E+01	1.28E+01
Sample759	1.17E+01	1.61E+01	1.24E+01
Sample760	6.93E+00	1.90E+01	1.47E+01
Sample761	1.43E+01	1.63E+01	1.69E+01
Sample762	1.24E+01	1.97E+01	9.95E+00
Sample763	4.01E+00	1.27E+01	1.20E+01
Sample764	1.08E+01	1.36E+01	6.65E+00
Sample765	1.38E+01	1.91E+01	9.42E+00
Sample766	8.20E+00	1.90E+01	1.88E+01
Sample767	0.00E+00	1.61E+01	1.61E+01
Sample768	8.17E+00	7.35E+00	9.75E+00
Sample769	1.04E+01	1.55E+01	1.79E+01
Sample770	8.81E+00	1.74E+01	1.63E+01
Sample771	1.05E+01	1.51E+01	1.14E+01
Sample772	1.15E+01	8.84E+00	1.16E+01
Sample773	8.02E+00	1.44E+01	1.91E+01
Sample774	1.31E+01	3.02E+01	2.08E+01
Sample775	8.87E+00	1.05E+01	1.39E+01
Sample776	8.02E+00	1.09E+01	1.76E+01
Sample777	8.40E+00	1.24E+01	1.90E+01
Sample778	7.56E+00	9.03E+00	1.16E+01
Sample779	6.31E+00	1.93E+01	1.87E+01
Sample780	6.44E+00	1.12E+01	8.34E+00
Sample781	5.58E+00	1.38E+01	1.62E+01
Sample782	8.69E+00	1.31E+01	1.22E+01
Sample783	9.46E+00	1.57E+01	1.56E+01
Sample784	8.13E+00	1.75E+01	1.54E+01
Sample785	8.78E+00	2.02E+01	1.46E+01
Sample786	8.71E+00	1.25E+01	1.25E+01
Sample787	1.11E+01	2.05E+01	1.87E+01
Sample788	6.98E+00	2.35E+01	2.66E+01
Sample789	1.21E+01	1.25E+01	5.41E+00
Sample790	1.00E+01	2.42E+01	1.85E+01
Sample791	1.17E+01	1.32E+01	1.52E+01
Sample792	1.23E+01	2.20E+01	1.89E+01
Sample793	6.41E+00	1.18E+01	1.20E+01
Sample794	8.31E+00	1.82E+01	1.51E+01
Sample795	1.51E+01	2.13E+01	1.57E+01
Sample796	1.08E+01	2.09E+01	1.83E+01
Sample797	1.03E+01	1.84E+01	1.67E+01
Sample798	1.35E+01	1.41E+01	1.26E+01
Sample799	9.26E+00	1.88E+01	1.29E+01
Sample800	1.03E+01	1.73E+01	1.40E+01
Sample801	1.49E+01	1.91E+01	7.35E+00
Sample802	5.61E+00	1.27E+01	1.17E+01
Sample803	1.30E+01	2.24E+01	1.69E+01
Sample804	9.56E+00	1.98E+01	1.34E+01
Sample805	5.88E+00	1.40E+01	1.26E+01
Sample806	1.25E+01	1.87E+01	1.41E+01
Sample807	1.30E+01	1.40E+01	6.31E+00
Sample808	8.40E+00	1.58E+01	1.37E+01
Sample809	9.27E+00	1.11E+01	9.74E+00
Sample810	1.05E+01	6.76E+00	1.22E+01
Sample811	1.35E+01	1.60E+01	8.65E+00
Sample812	1.36E+01	2.45E+01	1.86E+01
Sample813	1.37E+01	8.72E+00	1.94E+01
Sample814	8.38E+00	1.65E+01	1.28E+01
Sample815	1.18E+01	9.09E+00	1.15E+01
Sample816	1.16E+01	1.29E+01	1.70E+01
Sample817	1.31E+01	2.13E+01	1.13E+01
Sample818	1.07E+01	1.69E+01	1.89E+01
Sample819	1.50E+01	2.16E+01	8.73E+00
Sample820	1.18E+01	1.51E+01	1.70E+01
Sample821	9.64E+00	1.43E+01	1.19E+01
Sample822	1.12E+01	1.59E+01	1.58E+01
Sample823	1.08E+01	1.58E+01	9.34E+00
Sample824	8.81E+00	1.56E+01	1.13E+01
Sample825	7.73E+00	1.23E+01	8.86E+00
Sample826	1.21E+01	2.01E+01	1.43E+01
Sample827	1.23E+01	2.08E+01	2.06E+01
Sample828	1.18E+01	1.28E+01	1.61E+01
Sample829	6.73E+00	1.07E+01	1.02E+01
Sample830	1.30E+01	2.75E+01	2.78E+01
Sample831	1.21E+01	2.79E+01	2.29E+01
Sample832	7.95E+00	1.89E+01	1.25E+01
Sample833	5.87E+00	1.78E+01	1.34E+01
Sample834	7.65E+00	2.00E+01	1.68E+01
Sample835	8.59E+00	1.57E+01	1.35E+01
Sample836	8.43E+00	1.80E+01	1.89E+01
Sample837	1.06E+01	1.08E+01	7.35E+00
Sample838	8.10E+00	1.73E+01	1.21E+01
Sample839	1.49E+01	2.82E+01	2.63E+01
Sample840	1.99E+01	1.79E+01	2.43E+01
Sample841	1.10E+01	8.89E+00	1.22E+01
Sample842	1.05E+01	1.37E+00	1.08E+01
Sample843	5.19E+00	1.91E+01	1.76E+01
Sample844	1.21E+01	1.96E+01	1.62E+01
Sample845	1.16E+01	1.76E+01	1.19E+01
Sample846	1.20E+01	1.27E+01	1.80E+01
Sample847	1.32E+01	1.45E+01	1.66E+01
Sample848	9.06E+00	1.47E+01	1.41E+01
Sample849	1.05E+01	2.18E+01	2.11E+01
Sample850	1.16E+01	1.78E+01	1.58E+01
Sample851	1.64E+01	3.01E+01	2.57E+01
Sample852	1.02E+01	2.04E+01	1.89E+01
Sample853	1.10E+01	1.39E+01	1.06E+01
Sample854	1.32E+01	1.50E+01	1.40E+01
Sample855	8.40E+00	2.05E+01	1.39E+01
Sample856	9.67E+00	1.97E+01	1.64E+01
Sample857	1.01E+01	1.97E+01	1.81E+01
Sample858	9.71E+00	2.48E+01	2.38E+01
Sample859	9.20E+00	2.64E+01	2.44E+01
Sample860	1.42E+01	2.41E+01	2.18E+01
Sample861	9.89E+00	1.77E+01	1.37E+01
Sample862	1.38E+01	1.74E+01	1.79E+01
Sample863	1.30E+01	1.80E+01	1.57E+01
Sample864	1.37E+01	2.45E+01	1.24E+01
Sample865	8.72E+00	1.85E+01	1.74E+01
Sample866	1.26E+01	1.93E+01	1.63E+01
Sample867	1.11E+01	2.09E+01	1.79E+01
Sample868	5.56E+00	1.87E+01	1.61E+01
Sample869	1.22E+01	1.63E+01	1.45E+01
Sample870	1.48E+01	2.44E+01	1.13E+01
Sample871	9.11E+00	1.82E+01	1.48E+01
Sample872	8.08E+00	8.45E+00	1.31E+01
Sample873	1.33E+01	1.35E+01	8.79E+00
Sample874	7.95E+00	1.99E+01	1.79E+01
Sample875	9.14E+00	1.59E+01	1.94E+01
Sample876	9.48E+00	2.36E+01	2.20E+01
Sample877	5.14E+00	7.16E+00	8.87E+00
Sample878	1.39E+01	1.70E+01	8.42E+00
Sample879	1.18E+01	2.58E+01	1.83E+01
Sample880	1.08E+01	2.00E+01	1.55E+01
Sample881	1.30E+01	2.07E+01	1.72E+01
Sample882	7.79E+00	1.29E+01	1.19E+01
Sample883	6.44E+00	1.85E+01	1.55E+01
Sample884	8.44E+00	1.07E+01	1.07E+01
Sample885	1.20E+01	1.28E+01	1.70E+01
Sample886	1.05E+01	2.07E+01	1.53E+01
Sample887	6.98E+00	1.30E+01	1.25E+01
Sample888	1.56E+01	2.15E+01	1.19E+01
Sample889	1.04E+01	1.10E+01	1.07E+01
Sample890	1.22E+01	1.87E+01	1.57E+01
Sample891	8.29E+00	1.06E+01	1.03E+01
Sample892	4.67E+00	1.69E+01	1.87E+01
Sample893	1.46E+01	2.13E+01	1.61E+01
Sample894	1.19E+01	2.17E+01	1.65E+01
Sample895	8.32E+00	1.49E+01	9.15E+00
Sample896	1.10E+01	9.98E+00	1.26E+01
Sample897	9.74E+00	1.38E+01	1.12E+01
Sample898	1.18E+01	1.86E+01	1.85E+01
Sample899	1.31E+01	1.20E+01	1.29E+01
Sample900	8.40E+00	2.49E+01	1.95E+01
Sample901	8.36E+00	9.08E+00	1.29E+01
Sample902	1.09E+01	1.14E+01	1.12E+01
Sample903	1.13E+01	2.08E+01	1.49E+01
Sample904	5.01E+00	1.48E+01	1.11E+01
Sample905	1.92E+01	1.50E+01	2.43E+01
Sample906	1.26E+01	2.41E+01	2.14E+01
Sample907	9.96E+00	1.27E+01	1.12E+01
Sample908	5.19E+00	1.05E+01	1.27E+01
Sample909	9.88E+00	1.71E+01	1.21E+01
Sample910	1.20E+01	2.30E+01	1.76E+01
Sample911	1.20E+01	1.64E+01	1.61E+01
Sample912	8.17E+00	1.64E+01	1.16E+01
Sample913	1.08E+01	2.44E+01	2.41E+01
Sample914	9.82E+00	2.04E+01	2.08E+01
Sample915	1.37E+01	1.67E+01	1.01E+01
Sample916	1.22E+01	2.22E+01	2.58E+01
Sample917	1.54E+01	2.75E+01	1.48E+01
Sample918	7.08E+00	9.24E+00	1.21E+01
Sample919	1.29E+01	1.75E+01	1.54E+01
Sample920	9.25E+00	1.92E+01	1.43E+01
Sample921	1.73E+01	2.04E+01	1.45E+01
Sample922	1.51E+01	1.65E+01	1.22E+01
Sample923	1.38E+01	2.10E+01	1.54E+01
Sample924	1.17E+01	2.95E+01	2.57E+01
Sample925	9.35E+00	2.14E+01	1.50E+01
Sample926	6.50E+00	1.96E+01	1.70E+01
Sample927	1.39E+01	1.77E+01	1.63E+01
Sample928	1.16E+01	1.19E+01	8.96E+00
Sample929	1.40E+01	1.90E+01	2.56E+01
Sample930	1.05E+01	1.10E+01	1.20E+01
Sample931	3.67E+00	8.84E+00	1.10E+01
Sample932	1.15E+01	1.28E+01	8.75E+00
Sample933	1.75E+01	1.95E+01	1.51E+01
Sample934	1.34E+01	2.11E+01	1.75E+01
Sample935	1.09E+01	1.16E+01	1.27E+01
Sample936	1.02E+01	1.55E+01	1.77E+01
Sample937	5.35E+00	1.00E+01	1.17E+01
Sample938	9.88E+00	1.70E+01	1.07E+01
Sample939	9.87E+00	2.26E+01	1.61E+01
Sample940	7.22E+00	1.40E+01	1.10E+01
Sample941	9.42E+00	1.41E+01	1.51E+01
Sample942	1.08E+01	1.99E+01	1.74E+01
Sample943	9.10E+00	1.74E+01	9.80E+00
Sample944	6.80E+00	1.01E+01	1.33E+01
Sample945	1.24E+01	1.87E+01	1.61E+01
Sample946	1.28E+01	2.79E+01	2.78E+01
Sample947	1.44E+01	1.83E+01	1.38E+01
Sample948	1.10E+01	1.52E+01	1.07E+01
Sample949	1.24E+01	1.42E+01	6.64E+00
Sample950	1.01E+01	1.81E+01	1.13E+01
Sample951	1.54E+01	9.14E+00	1.47E+01
Sample952	1.13E+01	2.43E+01	2.12E+01
Sample953	1.36E+01	1.65E+01	1.92E+01
Sample954	1.31E+01	2.95E+01	2.08E+01
Sample955	8.31E+00	1.70E+01	1.47E+01
Sample956	9.02E+00	6.20E+00	6.04E+00
Sample957	8.10E+00	1.32E+01	1.62E+01
Sample958	1.80E+01	2.54E+01	1.66E+01
Sample959	1.07E+01	2.25E+01	2.00E+01
Sample960	1.34E+01	2.62E+01	2.22E+01
Sample961	1.12E+01	1.52E+01	1.27E+01
Sample962	9.72E+00	1.51E+01	1.31E+01
Sample963	1.32E+01	1.37E+01	1.72E+01
Sample964	8.23E+00	2.25E+01	2.49E+01
Sample965	7.86E+00	1.16E+01	1.30E+01
Sample966	8.95E+00	1.46E+01	1.68E+01
Sample967	7.01E+00	1.85E+01	1.87E+01
Sample968	7.86E+00	1.33E+01	1.19E+01
Sample969	1.27E+01	2.71E+01	1.85E+01
Sample970	5.96E+00	1.01E+01	1.16E+01
Sample971	9.67E+00	2.37E+01	1.93E+01
Sample972	7.56E+00	1.47E+01	1.77E+01
Sample973	7.07E+00	1.83E+01	1.68E+01
Sample974	8.75E+00	1.40E+01	1.02E+01
Sample975	8.42E+00	1.49E+01	1.17E+01
Sample976	1.11E+01	1.41E+01	1.23E+01
Sample977	1.38E+01	1.02E+01	7.81E+00
Sample978	1.15E+01	1.24E+01	1.50E+01
Sample979	1.02E+01	1.97E+01	1.97E+01
Sample980	6.06E+00	1.48E+01	1.57E+01
Sample981	6.27E+00	2.18E+01	2.17E+01
Sample982	1.37E+01	1.42E+01	1.09E+01
Sample983	1.22E+01	2.09E+01	1.48E+01
Sample984	4.95E+00	1.68E+01	1.59E+01
Sample985	1.10E+01	1.40E+01	9.47E+00
Sample986	9.64E+00	1.48E+01	8.84E+00
Sample987	2.20E+00	1.08E+01	1.02E+01
Sample988	5.15E+00	1.54E+01	1.30E+01
Sample989	1.18E+01	1.51E+01	1.57E+01
Sample990	1.30E+01	1.88E+01	1.28E+01
Sample991	9.85E+00	1.38E+01	1.36E+01
Sample992	1.38E+01	1.00E+01	1.40E+01
Sample993	1.48E+01	1.61E+01	1.65E+01
Sample994	1.29E+01	2.37E+01	1.99E+01
Sample995	1.36E+01	1.90E+01	1.46E+01
Sample996	1.10E+01	8.50E+00	1.42E+01
Sample997	1.77E+01	2.37E+01	2.06E+01
Sample998	1.24E+01	1.75E+01	1.68E+01
Sample999	1.07E+01	1.49E+01	1.39E+01
Sample1000	7.74E+00	1.74E+01	1.92E+01
Sample1001	1.19E+01	2.50E+01	2.15E+01
Sample1002	1.20E+01	1.94E+01	1.82E+01
Sample1003	1.49E+01	1.73E+01	2.36E+01
Sample1004	1.15E+01	6.06E+00	7.61E+00
Sample1005	1.25E+01	1.21E+01	7.35E+00
Sample1006	7.52E+00	1.98E+01	1.54E+01
Sample1007	1.69E+01	1.52E+01	1.61E+01
Sample1008	1.18E+01	1.53E+01	1.62E+01
Sample1009	8.42E+00	2.15E+01	1.83E+01
Sample1010	8.24E+00	1.16E+01	9.30E+00
Sample1011	7.60E+00	1.86E+01	1.69E+01
Sample1012	9.60E+00	2.14E+01	1.98E+01
Sample1013	1.44E+01	1.45E+01	1.76E+01
Sample1014	8.29E+00	1.77E+01	1.83E+01
Sample1015	1.29E+01	2.03E+01	2.26E+01
Sample1016	1.45E+01	2.28E+01	1.74E+01
Sample1017	2.07E+01	1.62E+01	2.11E+01
Sample1018	5.76E+00	1.12E+01	1.02E+01
Sample1019	1.07E+01	1.24E+01	1.39E+01
Sample1020	7.76E+00	1.17E+01	8.92E+00
Sample1021	1.22E+01	9.60E+00	8.17E+00
Sample1022	1.19E+01	2.74E+01	2.05E+01
Sample1023	5.47E+00	1.75E+01	1.49E+01
Sample1024	8.95E+00	8.89E+00	6.26E+00
Sample1025	1.14E+01	2.00E+01	1.36E+01
Sample1026	1.36E+01	2.35E+01	1.47E+01
Sample1027	9.37E+00	9.97E+00	1.34E+01
Sample1028	1.54E+01	1.54E+01	1.28E+01
Sample1029	1.20E+01	2.12E+01	1.77E+01
Sample1030	1.34E+01	1.39E+01	1.81E+01
Sample1031	1.11E+01	2.08E+01	2.34E+01
Sample1032	1.42E+01	1.85E+01	1.60E+01
Sample1033	1.35E+01	2.45E+01	2.22E+01
Sample1034	6.36E+00	2.05E+01	2.14E+01
Sample1035	1.08E+01	1.23E+01	8.80E+00
Sample1036	6.79E+00	1.41E+01	1.24E+01
Sample1037	7.59E+00	1.56E+01	1.60E+01
Sample1038	1.51E+01	2.12E+01	2.41E+01
Sample1039	7.97E+00	1.89E+01	1.64E+01
Sample1040	1.62E+01	2.22E+01	1.41E+01
Sample1041	1.43E+01	2.43E+01	1.95E+01
Sample1042	1.08E+01	2.08E+01	1.58E+01
Sample1043	6.88E+00	1.32E+01	1.13E+01
Sample1044	1.53E+01	1.77E+01	1.65E+01
Sample1045	9.25E+00	1.50E+01	1.06E+01
Sample1046	1.00E+01	2.12E+01	1.80E+01
Sample1047	8.53E+00	1.33E+01	1.22E+01
Sample1048	1.15E+01	1.69E+01	1.06E+01
Sample1049	1.03E+01	1.98E+01	1.47E+01
Sample1050	8.31E+00	1.33E+01	1.27E+01
Sample1051	1.58E+01	2.46E+01	2.73E+01
Sample1052	8.07E+00	1.55E+01	1.09E+01
Sample1053	6.21E+00	1.62E+01	1.39E+01
Sample1054	1.59E+01	2.44E+01	1.65E+01
Sample1055	7.77E+00	1.56E+01	1.54E+01
Sample1056	7.99E+00	1.55E+01	1.49E+01
Sample1057	9.84E+00	1.40E+01	1.71E+01
Sample1058	8.87E+00	1.51E+01	1.46E+01
Sample1059	1.13E+01	2.14E+01	1.51E+01
Sample1060	6.28E+00	2.33E+01	2.23E+01
Sample1061	7.97E+00	8.88E+00	1.41E+01
Sample1062	7.96E+00	2.37E+01	1.84E+01
Sample1063	8.49E+00	1.89E+01	1.75E+01
Sample1064	8.69E+00	1.51E+01	1.02E+01
Sample1065	1.06E+01	2.06E+01	1.63E+01
Sample1066	7.00E+00	1.31E+01	1.18E+01
Sample1067	8.33E+00	1.12E+01	8.75E+00
Sample1068	6.91E+00	1.60E+01	1.82E+01
Sample1069	5.97E+00	2.12E+01	1.98E+01
Sample1070	7.66E+00	1.48E+01	1.25E+01
Sample1071	1.07E+01	2.36E+01	1.75E+01
Sample1072	9.42E+00	1.94E+01	1.53E+01
Sample1073	6.69E+00	1.25E+01	7.94E+00
Sample1074	1.09E+01	1.96E+01	2.16E+01
Sample1075	1.30E+01	1.74E+01	1.06E+01
Sample1076	7.45E+00	1.74E+01	1.18E+01
Sample1077	6.35E+00	1.86E+01	1.91E+01
Sample1078	1.49E+01	1.59E+01	1.70E+01
Sample1079	1.25E+01	2.49E+01	2.31E+01
Sample1080	9.45E+00	2.34E+01	2.03E+01
Sample1081	8.96E+00	2.11E+01	1.51E+01
Sample1082	1.16E+01	1.11E+01	1.20E+01
Sample1083	1.40E+01	1.42E+01	1.39E+01
Sample1084	9.90E+00	1.92E+01	1.51E+01
Sample1085	5.31E+00	1.20E+01	1.26E+01
Sample1086	1.31E+01	1.36E+01	1.45E+01
Sample1087	8.16E+00	1.40E+01	1.15E+01
Sample1088	1.79E+01	1.82E+01	1.74E+01
Sample1089	9.33E+00	1.92E+01	1.57E+01
Sample1090	5.84E+00	1.76E+01	1.45E+01
Sample1091	1.31E+01	2.63E+01	2.02E+01
Sample1092	1.22E+01	8.92E+00	1.20E+01
Sample1093	4.16E+00	1.74E+01	1.66E+01
Sample1094	1.09E+01	1.68E+01	1.35E+01
Sample1095	1.71E+01	2.47E+01	1.71E+01
Sample1096	9.68E+00	1.54E+01	1.43E+01
Sample1097	8.59E+00	1.89E+01	1.80E+01
Sample1098	1.30E+01	1.92E+01	1.56E+01
Sample1099	1.15E+01	1.91E+01	1.91E+01
Sample1100	1.49E+01	2.32E+01	1.61E+01
Sample1101	1.31E+01	1.60E+01	8.90E+00
Sample1102	1.05E+01	1.34E+01	2.10E+01
Sample1103	1.15E+01	1.75E+01	1.82E+01
Sample1104	6.96E+00	2.23E+01	2.01E+01
Sample1105	9.11E+00	1.60E+01	1.44E+01
Sample1106	1.40E+01	1.47E+01	8.39E+00
Sample1107	1.09E+01	1.12E+01	8.38E+00
Sample1108	1.59E+01	1.68E+01	1.79E+01
Sample1109	1.08E+01	1.80E+01	1.72E+01
Sample1110	9.23E+00	8.36E+00	1.12E+01
Sample1111	1.08E+01	1.73E+01	1.00E+01
Sample1112	6.85E+00	1.16E+01	1.18E+01
Sample1113	8.20E+00	1.11E+01	1.41E+01
Sample1114	1.15E+01	1.56E+01	7.57E+00
Sample1115	1.18E+01	1.16E+01	1.11E+01
Sample1116	7.66E+00	1.69E+01	1.11E+01
Sample1117	6.41E+00	1.64E+01	1.41E+01
Sample1118	8.69E+00	1.44E+01	1.52E+01
Sample1119	5.85E+00	2.16E+01	1.99E+01
Sample1120	6.41E+00	1.83E+01	2.07E+01
Sample1121	1.69E+01	1.16E+01	2.03E+01
Sample1122	1.39E+01	2.35E+01	1.73E+01
Sample1123	9.82E+00	1.80E+01	1.43E+01
Sample1124	2.02E+01	1.63E+01	1.58E+01
Sample1125	1.32E+01	1.57E+01	2.10E+01
Sample1126	1.12E+01	1.86E+01	1.42E+01
Sample1127	8.20E+00	2.20E+01	1.87E+01
Sample1128	1.17E+01	9.92E+00	6.15E+00
Sample1129	1.14E+01	1.35E+01	1.47E+01
Sample1130	1.11E+01	1.46E+01	1.26E+01
Sample1131	6.31E+00	8.20E+00	6.56E+00
Sample1132	1.66E+01	2.18E+01	1.70E+01
Sample1133	8.56E+00	2.35E+01	1.75E+01
Sample1134	7.73E+00	1.45E+01	1.68E+01
Sample1135	1.67E+01	2.20E+01	2.08E+01
Sample1136	9.23E+00	1.21E+01	1.22E+01
Sample1137	1.55E+01	2.10E+01	8.38E+00
Sample1138	1.20E+01	1.33E+01	1.83E+01
Sample1139	1.51E+01	1.19E+01	9.28E+00
Sample1140	1.30E+01	2.35E+01	1.43E+01
Sample1141	1.02E+01	2.19E+01	1.61E+01
Sample1142	7.92E+00	9.84E+00	1.18E+01
Sample1143	1.43E+01	1.39E+01	1.11E+01
Sample1144	1.13E+01	1.36E+01	1.54E+01
Sample1145	8.60E+00	2.35E+01	1.80E+01
Sample1146	1.64E+01	2.95E+01	2.28E+01
Sample1147	4.30E+00	1.37E+01	1.57E+01
Sample1148	1.21E+01	1.57E+01	8.76E+00
Sample1149	8.94E+00	2.02E+01	1.51E+01
Sample1150	8.16E+00	1.04E+01	7.23E+00
Sample1151	4.61E+00	2.21E+01	2.22E+01
Sample1152	1.28E+01	1.30E+01	9.99E+00
Sample1153	8.40E+00	8.82E+00	7.46E+00
Sample1154	9.55E+00	1.25E+01	1.29E+01
Sample1155	1.20E+01	2.27E+01	2.05E+01
Sample1156	1.38E+01	2.35E+01	1.86E+01
Sample1157	7.87E+00	1.13E+01	1.12E+01
Sample1158	1.11E+01	9.64E+00	9.85E+00
Sample1159	5.19E+00	1.81E+01	1.86E+01
Sample1160	1.13E+01	1.40E+01	1.44E+01
Sample1161	8.11E+00	1.68E+01	1.27E+01
Sample1162	1.09E+01	1.69E+01	1.42E+01
Sample1163	1.06E+01	1.54E+01	1.36E+01
Sample1164	7.34E+00	1.56E+01	1.42E+01
Sample1165	5.78E+00	1.46E+01	1.21E+01
Sample1166	1.40E+01	1.45E+01	1.35E+01
Sample1167	9.24E+00	1.04E+01	8.02E+00
Sample1168	1.02E+01	1.99E+01	1.84E+01
Sample1169	9.96E+00	1.18E+01	1.35E+01
Sample1170	5.75E+00	1.65E+01	1.43E+01
Sample1171	1.13E+01	2.15E+01	1.53E+01
Sample1172	1.73E+01	1.90E+01	1.49E+01
Sample1173	8.67E+00	1.13E+01	1.41E+01
Sample1174	1.00E+01	1.09E+01	9.87E+00
Sample1175	1.43E+01	2.24E+01	1.84E+01
Sample1176	1.21E+01	2.50E+01	1.98E+01
Sample1177	7.53E+00	1.78E+01	1.48E+01
Sample1178	1.23E+01	4.83E+00	1.28E+01
Sample1179	1.21E+01	1.97E+01	1.17E+01
Sample1180	8.21E+00	1.91E+01	1.24E+01
Sample1181	1.07E+01	1.95E+01	1.54E+01
Sample1182	1.11E+01	1.68E+01	1.27E+01
Sample1183	1.28E+01	2.38E+01	1.98E+01
Sample1184	1.80E+01	2.10E+01	1.73E+01
Sample1185	1.00E+01	1.43E+01	1.64E+01
Sample1186	7.52E+00	1.66E+01	1.47E+01
Sample1187	8.98E+00	9.96E+00	9.31E+00
Sample1188	6.34E+00	2.66E+01	2.21E+01
Sample1189	1.43E+01	8.21E+00	1.32E+01
Sample1190	1.30E+01	1.74E+01	1.43E+01
Sample1191	1.29E+01	1.30E+01	1.39E+01
Sample1192	5.44E+00	9.38E+00	7.15E+00
Sample1193	7.01E+00	1.64E+01	1.46E+01
Sample1194	8.41E+00	8.10E+00	4.78E+00
Sample1195	9.39E+00	1.74E+01	9.13E+00
Sample1196	9.08E+00	8.02E+00	5.78E+00
Sample1197	6.56E+00	1.73E+01	1.44E+01
Sample1198	1.06E+01	1.84E+01	1.57E+01
Sample1199	6.42E+00	1.03E+01	5.22E+00
Sample1200	7.70E+00	1.58E+01	1.39E+01
Sample1201	1.02E+01	1.36E+01	7.13E+00
Sample1202	1.57E+01	2.28E+01	1.96E+01
Sample1203	1.04E+01	9.30E+00	1.42E+01
Sample1204	8.63E+00	1.54E+01	1.18E+01
Sample1205	1.17E+01	2.76E+01	1.70E+01
Sample1206	1.03E+01	1.80E+01	1.51E+01
Sample1207	7.79E+00	1.96E+01	2.16E+01
Sample1208	6.50E+00	2.42E+01	2.33E+01
Sample1209	7.88E+00	1.48E+01	1.35E+01
Sample1210	9.63E+00	1.57E+01	1.47E+01
Sample1211	9.03E+00	1.61E+01	1.43E+01
Sample1212	1.01E+01	1.71E+01	1.23E+01
Sample1213	1.11E+01	1.34E+01	1.22E+01
Sample1214	1.69E+01	1.69E+01	1.68E+01
Sample1215	7.60E+00	1.27E+01	1.41E+01
Sample1216	1.35E+01	1.53E+01	1.67E+01
Sample1217	1.28E+01	1.77E+01	1.31E+01
Sample1218	1.49E+01	2.89E+01	2.50E+01
Sample1219	8.31E+00	2.25E+01	2.15E+01
Sample1220	9.85E+00	1.58E+01	1.36E+01
Sample1221	8.36E+00	9.35E+00	9.98E+00
Sample1222	7.39E+00	1.45E+01	1.74E+01
Sample1223	1.44E+01	1.56E+01	1.42E+01
Sample1224	8.52E+00	1.21E+01	8.08E+00
Sample1225	1.38E+01	2.07E+01	1.62E+01
Sample1226	1.24E+01	2.70E+01	2.51E+01
Sample1227	8.31E+00	1.43E+01	1.14E+01
Sample1228	7.97E+00	2.12E+01	2.27E+01
Sample1229	1.18E+01	1.56E+01	1.45E+01
Sample1230	7.51E+00	1.48E+01	1.12E+01
Sample1231	1.20E+01	1.91E+01	1.62E+01
Sample1232	1.25E+01	1.84E+01	1.01E+01
Sample1233	1.80E+01	2.00E+01	2.50E+01
Sample1234	1.24E+01	9.75E+00	1.18E+01
Sample1235	1.11E+01	2.36E+01	2.51E+01
Sample1236	1.22E+01	2.34E+01	1.70E+01
Sample1237	8.18E+00	1.95E+01	1.55E+01
Sample1238	1.30E+01	2.53E+01	1.74E+01
Sample1239	6.69E+00	1.52E+01	1.26E+01
Sample1240	1.26E+01	1.90E+01	2.19E+01
Sample1241	1.71E+01	2.95E+01	2.16E+01
Sample1242	7.11E+00	1.81E+01	1.91E+01
Sample1243	9.01E+00	1.74E+01	1.72E+01
Sample1244	8.77E+00	2.02E+01	1.82E+01
Sample1245	6.89E+00	1.18E+01	7.56E+00
Sample1246	1.57E+01	1.81E+01	1.84E+01
Sample1247	1.33E+01	1.55E+01	1.54E+01
Sample1248	1.44E+01	2.37E+01	1.15E+01
Sample1249	1.65E+01	1.85E+01	1.16E+01
Sample1250	1.16E+01	1.87E+01	1.29E+01
Sample1251	8.79E+00	1.86E+01	1.63E+01
Sample1252	1.40E+01	1.32E+01	1.18E+01
Sample1253	1.24E+01	1.69E+01	1.43E+01
Sample1254	7.95E+00	1.26E+01	8.76E+00
Sample1255	1.09E+01	1.59E+01	1.24E+01
Sample1256	9.66E+00	1.31E+01	1.42E+01
Sample1257	9.44E+00	1.00E+01	1.32E+01
Sample1258	9.19E+00	1.78E+01	1.20E+01
Sample1259	1.36E+01	1.89E+01	2.40E+01
Sample1260	1.38E+01	1.60E+01	1.02E+01
Sample1261	9.97E+00	2.19E+01	1.76E+01
Sample1262	9.34E+00	1.25E+01	1.05E+01
Sample1263	1.30E+01	1.70E+01	1.97E+01
Sample1264	9.79E+00	1.46E+01	1.19E+01
Sample1265	1.12E+01	2.05E+01	1.50E+01
Sample1266	9.37E+00	1.55E+01	1.79E+01
Sample1267	8.78E+00	1.92E+01	1.49E+01
Sample1268	8.20E+00	8.22E+00	1.21E+01
Sample1269	7.65E+00	1.00E+01	1.29E+01
Sample1270	5.63E+00	1.89E+01	1.98E+01
Sample1271	1.26E+01	1.78E+01	1.60E+01
Sample1272	1.18E+01	2.04E+01	1.21E+01
Sample1273	1.67E+01	1.87E+01	1.95E+01
Sample1274	8.90E+00	1.98E+01	1.55E+01
Sample1275	1.03E+01	1.53E+01	1.58E+01
Sample1276	4.36E+00	1.83E+01	1.74E+01
Sample1277	4.52E+00	1.13E+01	1.19E+01
Sample1278	8.77E+00	1.93E+01	1.74E+01
Sample1279	5.72E+00	1.70E+01	1.42E+01
Sample1280	5.83E+00	1.55E+01	1.64E+01
Sample1281	1.03E+01	9.58E+00	1.42E+01
Sample1282	6.95E+00	1.69E+01	1.44E+01
Sample1283	1.86E+01	1.19E+01	2.18E+01
Sample1284	1.12E+01	1.88E+01	1.70E+01
Sample1285	1.46E+01	1.24E+01	1.66E+01
Sample1286	5.96E+00	1.13E+01	1.46E+01
Sample1287	7.35E+00	1.42E+01	1.55E+01
Sample1288	1.05E+01	2.27E+01	2.09E+01
Sample1289	8.42E+00	1.79E+01	1.31E+01
Sample1290	9.01E+00	1.78E+01	1.52E+01
Sample1291	6.61E+00	2.19E+01	1.76E+01
Sample1292	1.10E+01	1.71E+01	2.02E+01
Sample1293	1.38E+01	1.97E+01	1.40E+01
Sample1294	1.23E+01	1.64E+01	6.69E+00
Sample1295	8.81E+00	1.39E+01	1.44E+01
Sample1296	1.52E+01	1.28E+01	4.86E+00
Sample1297	2.85E+00	1.51E+01	1.50E+01
Sample1298	1.16E+01	1.50E+01	1.25E+01
Sample1299	9.76E+00	1.66E+01	1.41E+01
Sample1300	5.40E+00	1.28E+01	1.01E+01
Sample1301	1.07E+01	1.62E+01	1.40E+01
Sample1302	6.96E+00	2.32E+01	2.00E+01
Sample1303	1.27E+01	2.05E+01	1.07E+01
Sample1304	7.41E+00	1.59E+01	1.81E+01
Sample1305	1.19E+01	1.77E+01	1.09E+01
Sample1306	1.40E+01	2.24E+01	1.09E+01
Sample1307	7.12E+00	1.39E+01	1.76E+01
Sample1308	1.23E+01	1.83E+01	1.36E+01
Sample1309	1.31E+01	2.09E+01	1.91E+01
Sample1310	1.06E+01	1.75E+01	1.40E+01
Sample1311	8.54E+00	1.09E+01	7.17E+00
Sample1312	1.13E+01	2.08E+01	1.51E+01
Sample1313	1.88E+01	2.41E+01	1.57E+01
Sample1314	6.52E+00	9.08E+00	7.98E+00
Sample1315	8.05E+00	1.60E+01	1.39E+01
Sample1316	4.28E+00	1.98E+01	1.97E+01
Sample1317	1.36E+01	2.13E+01	1.69E+01
Sample1318	5.81E+00	1.20E+01	9.39E+00
Sample1319	6.64E+00	1.82E+01	1.76E+01
Sample1320	1.07E+01	7.46E+00	1.16E+01
Sample1321	9.89E+00	1.32E+01	1.31E+01
Sample1322	1.34E+01	1.72E+01	1.63E+01
Sample1323	9.17E+00	1.57E+01	1.16E+01
Sample1324	1.19E+01	1.89E+01	1.65E+01
Sample1325	1.19E+01	1.19E+01	1.44E+01
Sample1326	1.22E+01	2.14E+01	1.50E+01
Sample1327	1.34E+01	1.54E+01	1.71E+01
Sample1328	4.02E+00	2.08E+01	2.29E+01
Sample1329	9.54E+00	1.99E+01	2.16E+01
Sample1330	6.67E+00	1.48E+01	1.43E+01
Sample1331	1.25E+01	2.42E+01	1.84E+01
Sample1332	1.32E+01	2.48E+01	1.57E+01
Sample1333	1.38E+01	1.76E+01	1.66E+01
Sample1334	9.45E+00	1.59E+01	1.47E+01
Sample1335	9.23E+00	1.74E+01	1.28E+01
Sample1336	7.31E+00	1.26E+01	1.00E+01
Sample1337	8.19E+00	2.33E+01	2.19E+01
Sample1338	1.58E+01	2.71E+01	1.45E+01
Sample1339	1.00E+01	1.37E+01	1.39E+01
Sample1340	5.23E+00	2.55E+01	2.64E+01
Sample1341	7.18E+00	2.04E+01	1.52E+01
Sample1342	1.07E+01	2.17E+01	1.42E+01
Sample1343	9.15E+00	1.52E+01	1.35E+01
Sample1344	8.23E+00	2.05E+01	1.47E+01
Sample1345	1.31E+01	1.59E+01	1.17E+01
Sample1346	1.52E+01	1.76E+01	1.97E+01
Sample1347	1.03E+01	2.04E+01	1.75E+01
Sample1348	8.70E+00	1.24E+01	1.49E+01
Sample1349	1.56E+01	1.08E+01	8.62E+00
Sample1350	1.04E+01	2.31E+01	2.05E+01
Sample1351	1.37E+01	1.41E+01	1.37E+01
Sample1352	9.26E+00	1.83E+01	1.24E+01
Sample1353	6.09E+00	1.16E+01	1.16E+01
Sample1354	8.84E+00	1.43E+01	1.52E+01
Sample1355	1.04E+01	1.59E+01	1.08E+01
Sample1356	7.13E+00	2.09E+01	2.03E+01
Sample1357	1.36E+01	1.42E+01	1.28E+01
Sample1358	1.38E+01	1.75E+01	1.11E+01
Sample1359	9.04E+00	1.91E+01	2.02E+01
Sample1360	5.44E+00	1.36E+01	1.65E+01
Sample1361	8.18E+00	7.56E+00	1.18E+01
Sample1362	6.13E+00	8.87E+00	1.13E+01
Sample1363	7.50E+00	9.62E+00	1.39E+01
Sample1364	1.34E+01	1.76E+01	1.44E+01
Sample1365	1.52E+01	2.50E+01	1.38E+01
Sample1366	8.61E+00	2.01E+01	1.25E+01
Sample1367	7.69E+00	1.88E+00	7.13E+00
Sample1368	5.52E+00	1.96E+01	1.86E+01
Sample1369	1.63E+01	2.20E+01	1.79E+01
Sample1370	1.55E+01	1.81E+01	1.03E+01
Sample1371	8.13E+00	1.87E+01	1.95E+01
Sample1372	8.62E+00	1.51E+01	1.39E+01
Sample1373	8.49E+00	1.56E+01	1.30E+01
Sample1374	1.12E+01	1.25E+01	1.05E+01
Sample1375	9.73E+00	1.45E+01	1.33E+01
Sample1376	1.27E+01	8.92E+00	1.14E+01
Sample1377	8.97E+00	1.35E+01	1.44E+01
Sample1378	9.95E+00	1.57E+01	1.53E+01
Sample1379	1.06E+01	1.71E+01	2.08E+01
Sample1380	9.59E+00	2.19E+01	1.85E+01
Sample1381	9.99E+00	1.67E+01	1.93E+01
Sample1382	7.26E+00	1.43E+01	1.22E+01
Sample1383	1.33E+01	1.62E+01	1.93E+01
Sample1384	1.48E+01	1.52E+01	1.41E+01
Sample1385	7.03E+00	1.49E+01	1.06E+01
Sample1386	1.29E+01	1.27E+01	8.91E+00
Sample1387	9.77E+00	1.53E+01	1.61E+01
Sample1388	1.17E+01	2.39E+01	1.80E+01
Sample1389	9.98E+00	1.28E+01	1.26E+01
Sample1390	9.35E+00	9.77E+00	1.26E+01
Sample1391	8.63E+00	1.75E+01	1.55E+01
Sample1392	9.43E+00	2.27E+01	2.11E+01
Sample1393	1.17E+01	8.52E+00	1.42E+01
Sample1394	1.07E+01	1.80E+01	1.53E+01
Sample1395	1.05E+01	1.45E+01	1.47E+01
Sample1396	7.41E+00	1.74E+01	1.63E+01
Sample1397	1.42E+01	1.79E+01	1.20E+01
Sample1398	1.26E+01	2.62E+01	2.03E+01
Sample1399	1.35E+01	1.63E+01	1.93E+01
Sample1400	1.16E+01	1.86E+01	1.04E+01
Sample1401	1.74E+01	1.35E+01	1.37E+01
Sample1402	8.20E+00	1.45E+01	9.83E+00
Sample1403	1.06E+01	2.04E+01	2.19E+01
Sample1404	1.49E+01	1.71E+01	6.95E+00
Sample1405	1.40E+01	2.33E+01	1.88E+01
Sample1406	9.13E+00	1.63E+01	1.66E+01
Sample1407	7.77E+00	1.70E+01	1.33E+01
Sample1408	7.73E+00	1.72E+01	1.34E+01
Sample1409	6.05E+00	1.25E+01	8.10E+00
Sample1410	1.33E+01	1.90E+01	1.87E+01
Sample1411	1.14E+01	1.85E+01	1.46E+01
Sample1412	1.40E+01	1.60E+01	4.65E+00
Sample1413	1.43E+01	1.94E+01	1.97E+01
Sample1414	1.21E+01	1.60E+01	1.48E+01
Sample1415	5.16E+00	1.32E+01	1.20E+01
Sample1416	1.46E+01	2.15E+01	2.03E+01
Sample1417	1.21E+01	1.70E+01	1.34E+01
Sample1418	1.09E+01	1.73E+01	1.37E+01
Sample1419	1.17E+01	1.69E+01	1.47E+01
Sample1420	9.72E+00	1.35E+01	1.97E+01
Sample1421	1.16E+01	1.71E+01	1.19E+01
Sample1422	8.70E+00	1.35E+01	1.13E+01
Sample1423	5.51E+00	1.24E+01	1.54E+01
Sample1424	1.03E+01	1.78E+01	9.82E+00
Sample1425	6.96E+00	1.02E+01	1.30E+01
Sample1426	9.51E+00	1.26E+01	9.63E+00
Sample1427	1.52E+01	1.63E+01	1.56E+01
Sample1428	1.08E+01	1.10E+01	1.40E+01
Sample1429	7.52E+00	1.01E+01	9.53E+00
Sample1430	1.71E+01	2.55E+01	1.69E+01
Sample1431	6.37E+00	1.09E+01	1.23E+01
Sample1432	1.17E+01	1.47E+01	1.45E+01
Sample1433	7.50E+00	1.49E+01	1.13E+01
Sample1434	4.89E+00	1.30E+01	1.23E+01
Sample1435	1.07E+01	1.75E+01	1.53E+01
Sample1436	9.26E+00	1.24E+01	7.85E+00
Sample1437	1.82E+01	2.83E+01	1.68E+01
Sample1438	1.22E+01	1.81E+01	9.41E+00
Sample1439	5.28E+00	2.25E+01	1.99E+01
Sample1440	1.22E+01	1.33E+01	1.07E+01
Sample1441	8.56E+00	1.75E+01	1.52E+01
Sample1442	8.43E+00	2.09E+01	2.06E+01
Sample1443	9.23E+00	2.32E+01	1.92E+01
Sample1444	8.89E+00	1.88E+01	1.44E+01
Sample1445	1.06E+01	1.82E+01	1.47E+01
Sample1446	1.22E+01	2.53E+01	1.67E+01
Sample1447	1.12E+01	1.76E+01	1.94E+01
Sample1448	1.38E+01	1.86E+01	1.13E+01
Sample1449	1.63E+01	3.05E+01	1.54E+01
Sample1450	1.06E+01	1.19E+01	1.53E+01
Sample1451	9.45E+00	2.04E+01	2.39E+01
Sample1452	1.44E+01	1.99E+01	9.69E+00
Sample1453	1.11E+01	1.19E+01	1.22E+01
Sample1454	1.20E+01	1.58E+01	1.19E+01
Sample1455	8.09E+00	1.12E+01	8.76E+00
Sample1456	1.18E+01	2.18E+01	1.43E+01
Sample1457	8.31E+00	1.29E+01	1.20E+01
Sample1458	1.16E+01	1.73E+01	2.24E+01
Sample1459	4.56E+00	1.14E+01	1.33E+01
Sample1460	6.83E+00	1.98E+01	1.63E+01
Sample1461	8.07E+00	1.75E+01	1.57E+01
Sample1462	5.70E+00	6.36E+00	9.33E+00
Sample1463	1.39E+01	1.36E+01	1.19E+01
Sample1464	1.82E+01	2.40E+01	2.03E+01
Sample1465	8.18E+00	1.37E+01	9.58E+00
Sample1466	1.22E+01	1.41E+01	1.21E+01
Sample1467	6.55E+00	1.59E+01	1.20E+01
Sample1468	8.98E+00	1.68E+01	1.62E+01
Sample1469	1.24E+01	1.83E+01	1.97E+01
Sample1470	1.09E+01	2.56E+01	1.73E+01
Sample1471	1.26E+01	2.45E+01	1.84E+01
Sample1472	1.00E+01	1.30E+01	1.33E+01
Sample1473	1.11E+01	2.39E+01	2.25E+01
Sample1474	1.63E+01	1.93E+01	1.81E+01
Sample1475	1.23E+01	2.19E+01	1.35E+01
Sample1476	8.62E+00	1.03E+01	1.20E+01
Sample1477	8.67E+00	1.31E+01	9.38E+00
Sample1478	1.45E+01	2.35E+01	1.81E+01
Sample1479	1.06E+01	2.08E+01	1.20E+01
Sample1480	1.34E+01	1.29E+01	1.41E+01
Sample1481	1.15E+01	1.99E+01	1.97E+01
Sample1482	9.61E+00	2.39E+01	2.14E+01
Sample1483	8.14E+00	1.92E+01	1.53E+01
Sample1484	1.68E+01	2.00E+01	1.58E+01
Sample1485	6.20E+00	2.51E+01	2.07E+01
Sample1486	1.08E+01	1.95E+01	1.37E+01
Sample1487	9.07E+00	1.29E+01	1.64E+01
Sample1488	1.94E+01	2.11E+01	1.45E+01
Sample1489	9.74E+00	2.08E+01	1.81E+01
Sample1490	1.03E+01	1.35E+01	1.03E+01
Sample1491	1.33E+01	2.14E+01	1.28E+01
Sample1492	8.85E+00	1.49E+01	1.75E+01
Sample1493	1.38E+01	1.25E+01	1.88E+01
Sample1494	7.18E+00	9.94E+00	1.03E+01
Sample1495	8.00E+00	1.46E+01	1.69E+01
Sample1496	9.72E+00	1.61E+01	1.03E+01
Sample1497	9.11E+00	1.19E+01	1.37E+01
Sample1498	6.19E+00	1.79E+01	1.68E+01
Sample1499	1.13E+01	1.45E+01	1.18E+01
Sample1500	6.22E+00	1.98E+01	2.05E+01
Sample1501	1.03E+01	1.42E+01	1.84E+01
Sample1502	1.34E+01	1.38E+01	1.59E+01
Sample1503	9.60E+00	2.07E+01	1.77E+01
Sample1504	1.31E+01	2.06E+01	1.56E+01
Sample1505	7.36E+00	1.69E+01	1.39E+01
Sample1506	7.41E+00	1.11E+01	8.05E+00
Sample1507	1.28E+01	2.39E+01	1.65E+01
Sample1508	8.46E+00	1.32E+01	1.94E+01
Sample1509	9.53E+00	1.48E+01	1.02E+01
Sample1510	8.02E+00	2.03E+01	1.58E+01
Sample1511	1.07E+01	2.42E+01	1.86E+01
Sample1512	4.08E+00	2.72E+01	2.76E+01
Sample1513	8.18E+00	1.91E+01	1.75E+01
Sample1514	9.83E+00	1.46E+01	1.34E+01
Sample1515	7.66E+00	1.24E+01	1.29E+01
Sample1516	1.00E+01	1.23E+01	1.64E+01
Sample1517	9.01E+00	1.67E+01	1.61E+01
Sample1518	1.09E+01	1.74E+01	1.67E+01
Sample1519	4.90E+00	1.37E+01	1.04E+01
Sample1520	1.11E+01	1.06E+01	1.26E+01
Sample1521	8.55E+00	2.18E+01	1.60E+01
Sample1522	1.35E+01	1.66E+01	1.78E+01
Sample1523	1.26E+01	1.36E+01	6.59E+00
Sample1524	1.35E+01	3.02E+01	2.24E+01
Sample1525	1.03E+01	9.94E+00	1.14E+01
Sample1526	1.01E+01	1.94E+01	1.26E+01
Sample1527	1.24E+01	2.01E+01	1.43E+01
Sample1528	1.09E+01	2.46E+01	1.92E+01
Sample1529	1.30E+01	1.69E+01	9.03E+00
Sample1530	7.48E+00	2.15E+01	1.80E+01
Sample1531	1.06E+01	7.33E+00	1.24E+01
Sample1532	1.41E+01	1.83E+01	1.92E+01
Sample1533	8.51E+00	2.07E+01	1.95E+01
Sample1534	7.82E+00	1.60E+01	9.42E+00
Sample1535	8.30E+00	1.36E+01	1.55E+01
Sample1536	1.16E+01	1.46E+01	1.45E+01
Sample1537	1.14E+01	1.24E+01	1.14E+01
Sample1538	8.80E+00	1.38E+01	1.15E+01
Sample1539	1.19E+01	1.80E+01	1.40E+01
Sample1540	8.35E+00	2.00E+01	1.59E+01
Sample1541	6.00E+00	1.46E+01	1.70E+01
Sample1542	9.83E+00	1.63E+01	1.72E+01
Sample1543	8.85E+00	9.44E+00	1.32E+01
Sample1544	1.41E+01	1.67E+01	1.19E+01
Sample1545	8.24E+00	8.91E+00	5.51E+00
Sample1546	8.00E+00	1.19E+01	8.22E+00
Sample1547	8.47E+00	1.66E+01	1.20E+01
Sample1548	9.87E+00	2.13E+01	1.94E+01
Sample1549	1.81E+01	2.06E+01	1.30E+01
Sample1550	1.39E+01	2.08E+01	1.54E+01
Sample1551	9.10E+00	2.02E+01	1.80E+01
Sample1552	1.62E+01	2.18E+01	2.59E+01
Sample1553	8.36E+00	2.19E+01	1.54E+01
Sample1554	1.08E+01	1.74E+01	1.50E+01
Sample1555	1.48E+01	3.33E+01	2.69E+01
Sample1556	7.14E+00	8.95E+00	7.55E+00
Sample1557	7.40E+00	1.27E+01	9.62E+00
Sample1558	9.34E+00	1.59E+01	1.39E+01
Sample1559	8.27E+00	1.44E+01	1.19E+01
Sample1560	1.47E+01	1.70E+01	8.89E+00
Sample1561	5.60E+00	1.08E+01	1.28E+01
Sample1562	9.23E+00	1.15E+01	1.01E+01
Sample1563	7.42E+00	1.34E+01	9.65E+00
Sample1564	7.08E+00	2.25E+01	2.08E+01
Sample1565	9.80E+00	1.74E+01	1.04E+01
Sample1566	1.00E+01	1.35E+01	1.85E+01
Sample1567	8.58E+00	1.93E+01	1.89E+01
Sample1568	1.48E+01	2.29E+01	1.38E+01
Sample1569	8.42E+00	2.06E+01	2.09E+01
Sample1570	9.07E+00	1.41E+01	9.57E+00
Sample1571	8.39E+00	2.88E+01	2.46E+01
Sample1572	1.34E+01	1.28E+01	1.21E+01
Sample1573	1.09E+01	2.52E+01	1.77E+01
Sample1574	1.16E+01	1.73E+01	1.70E+01
Sample1575	8.91E+00	1.39E+01	1.22E+01
Sample1576	6.06E+00	2.37E+01	1.93E+01
Sample1577	1.25E+01	1.22E+01	1.50E+01
Sample1578	1.08E+01	1.06E+01	1.18E+01
Sample1579	1.18E+01	1.19E+01	1.23E+01
Sample1580	9.34E+00	1.48E+01	8.17E+00
Sample1581	1.07E+01	1.14E+01	1.23E+01
Sample1582	1.44E+01	1.94E+01	2.45E+01
Sample1583	9.96E+00	2.06E+01	1.30E+01
Sample1584	5.70E+00	1.31E+01	1.50E+01
Sample1585	8.86E+00	7.71E+00	9.39E+00
Sample1586	1.28E+01	2.14E+01	2.22E+01
Sample1587	3.14E+00	1.19E+01	9.80E+00
Sample1588	1.14E+01	1.78E+01	2.15E+01
Sample1589	1.05E+01	1.86E+01	1.71E+01
Sample1590	1.29E+01	1.74E+01	2.15E+01
Sample1591	8.82E+00	9.34E+00	1.12E+01
Sample1592	1.51E+01	1.41E+01	1.28E+01
Sample1593	1.36E+01	1.81E+01	9.18E+00
Sample1594	9.40E+00	1.74E+01	1.35E+01
Sample1595	7.88E+00	1.56E+01	1.22E+01
Sample1596	1.05E+01	1.67E+01	1.08E+01
Sample1597	8.98E+00	2.37E+01	2.05E+01
Sample1598	1.02E+01	1.25E+01	1.41E+01
Sample1599	7.27E+00	1.63E+01	1.29E+01
Sample1600	1.38E+01	1.39E+01	1.53E+01
Sample1601	1.13E+01	1.79E+01	1.62E+01
Sample1602	7.18E+00	1.69E+01	1.71E+01
Sample1603	1.14E+01	2.05E+01	1.24E+01
Sample1604	8.13E+00	3.04E+01	2.74E+01
Sample1605	9.81E+00	8.58E+00	1.09E+01
Sample1606	1.06E+01	1.70E+01	1.74E+01
Sample1607	1.25E+01	2.67E+01	1.66E+01
Sample1608	1.00E+01	1.84E+01	1.91E+01
Sample1609	1.28E+01	1.97E+01	1.23E+01
Sample1610	1.37E+01	2.36E+01	1.39E+01
Sample1611	8.20E+00	2.56E+01	2.31E+01
Sample1612	8.85E+00	9.77E+00	9.02E+00
Sample1613	1.43E+01	1.57E+01	1.09E+01
Sample1614	7.45E+00	1.39E+01	1.26E+01
Sample1615	1.16E+01	2.17E+01	2.37E+01
Sample1616	8.04E+00	1.55E+01	1.81E+01
Sample1617	6.15E+00	1.41E+01	1.10E+01
Sample1618	6.55E+00	1.42E+01	1.16E+01
Sample1619	1.40E+01	1.77E+01	2.23E+01
Sample1620	1.30E+01	3.28E+01	2.61E+01
Sample1621	7.85E+00	1.96E+01	1.65E+01
Sample1622	1.45E+01	2.16E+01	8.43E+00
Sample1623	6.85E+00	9.73E+00	8.55E+00
Sample1624	8.59E+00	1.73E+01	1.82E+01
Sample1625	1.10E+01	1.53E+01	9.86E+00
Sample1626	1.28E+01	1.52E+01	1.74E+01
Sample1627	1.25E+01	1.43E+01	8.60E+00
Sample1628	9.37E+00	1.51E+01	1.28E+01
Sample1629	7.28E+00	1.28E+01	1.24E+01
Sample1630	8.32E+00	1.28E+01	1.79E+01
Sample1631	1.10E+01	1.73E+01	1.25E+01
Sample1632	1.62E+01	2.58E+01	1.68E+01
Sample1633	9.27E+00	1.71E+01	1.40E+01
Sample1634	5.86E+00	1.73E+01	1.98E+01
Sample1635	1.36E+01	2.07E+01	1.66E+01
Sample1636	8.20E+00	1.99E+01	1.76E+01
Sample1637	1.09E+01	2.29E+01	2.37E+01
Sample1638	1.38E+01	1.84E+01	1.21E+01
Sample1639	1.12E+01	1.51E+01	1.11E+01
Sample1640	8.78E+00	1.00E+01	9.89E+00
Sample1641	1.07E+01	1.91E+01	1.32E+01
Sample1642	1.04E+01	2.04E+01	1.51E+01
Sample1643	1.24E+01	2.37E+01	1.90E+01
Sample1644	1.27E+01	1.12E+01	1.43E+01
Sample1645	6.66E+00	1.24E+01	7.06E+00
Sample1646	7.48E+00	1.87E+01	1.82E+01
Sample1647	1.56E+01	2.22E+01	1.58E+01
Sample1648	1.00E+01	1.31E+01	1.18E+01
Sample1649	8.78E+00	1.46E+01	1.48E+01
Sample1650	7.91E+00	2.05E+01	2.34E+01
Sample1651	9.51E+00	1.51E+01	1.24E+01
Sample1652	1.53E+01	1.62E+01	1.08E+01
Sample1653	1.12E+01	2.04E+01	1.30E+01
Sample1654	1.05E+01	2.11E+01	1.80E+01
Sample1655	1.00E+01	1.68E+01	1.09E+01
Sample1656	4.78E+00	2.32E+01	2.29E+01
Sample1657	1.18E+01	1.19E+01	8.62E+00
Sample1658	7.74E+00	1.43E+01	1.55E+01
Sample1659	8.12E+00	1.37E+01	1.87E+01
Sample1660	1.40E+01	1.91E+01	1.15E+01
Sample1661	8.81E+00	1.33E+01	1.72E+01
Sample1662	1.32E+01	1.67E+01	8.99E+00
Sample1663	1.05E+01	1.26E+01	1.79E+01
Sample1664	5.59E+00	1.43E+01	1.54E+01
Sample1665	1.50E+01	1.86E+01	1.41E+01
Sample1666	1.16E+01	2.09E+01	2.06E+01
Sample1667	8.82E+00	1.41E+01	1.42E+01
Sample1668	1.01E+01	9.05E+00	1.36E+01
Sample1669	6.89E+00	1.09E+01	8.23E+00
Sample1670	7.18E+00	1.73E+01	2.08E+01
Sample1671	1.24E+01	1.90E+01	1.29E+01
Sample1672	7.46E+00	1.67E+01	1.32E+01
Sample1673	1.14E+01	1.47E+01	1.38E+01
Sample1674	8.22E+00	9.30E+00	1.12E+01
Sample1675	1.01E+01	1.76E+01	1.07E+01
Sample1676	1.42E+01	1.71E+01	1.56E+01
Sample1677	1.01E+01	1.32E+01	1.42E+01
Sample1678	1.22E+01	1.73E+01	1.42E+01
Sample1679	1.34E+01	1.21E+01	9.07E+00
Sample1680	1.71E+01	2.04E+01	1.91E+01
Sample1681	1.26E+01	2.03E+01	1.20E+01
Sample1682	6.92E+00	1.63E+01	1.29E+01
Sample1683	1.21E+01	2.66E+01	2.23E+01
Sample1684	9.35E+00	1.79E+01	1.61E+01
Sample1685	9.42E+00	2.50E+01	1.98E+01
Sample1686	1.25E+01	2.02E+01	1.14E+01
Sample1687	1.23E+01	1.43E+01	6.83E+00
Sample1688	1.08E+01	1.93E+01	1.08E+01
Sample1689	1.29E+01	1.39E+01	1.08E+01
Sample1690	7.27E+00	1.44E+01	1.11E+01
Sample1691	8.12E+00	2.02E+01	1.63E+01
Sample1692	6.32E+00	1.76E+01	1.55E+01
Sample1693	7.85E+00	1.95E+01	1.66E+01
Sample1694	9.28E+00	9.39E+00	6.67E+00
Sample1695	9.36E+00	1.55E+01	1.92E+01
Sample1696	8.56E+00	1.24E+01	1.40E+01
Sample1697	1.01E+01	1.85E+01	2.30E+01
Sample1698	1.28E+01	2.26E+01	1.16E+01
Sample1699	8.59E+00	1.11E+01	6.16E+00
Sample1700	8.86E+00	1.74E+01	1.24E+01
Sample1701	7.96E+00	1.93E+01	1.61E+01
Sample1702	6.34E+00	1.20E+01	1.08E+01
Sample1703	7.15E+00	1.05E+01	8.29E+00
Sample1704	1.32E+01	2.81E+01	2.14E+01
Sample1705	1.14E+01	1.97E+01	1.29E+01
Sample1706	9.77E+00	6.03E+00	1.31E+01
Sample1707	1.30E+01	1.33E+01	1.24E+01
Sample1708	6.46E+00	1.27E+01	1.61E+01
Sample1709	6.99E+00	1.10E+01	1.14E+01
Sample1710	6.01E+00	1.83E+01	1.40E+01
Sample1711	1.33E+01	1.56E+01	1.31E+01
Sample1712	9.14E+00	1.38E+01	1.78E+01
Sample1713	7.40E+00	1.57E+01	1.21E+01
Sample1714	2.29E+00	1.46E+01	1.32E+01
