MutationType	Signature A	Signature B	Signature C	Signature D	Signature E	Signature F	Signature G	Signature H
A[C>A]A	9.10E-04	3.70E-03	1.35E-03	1.66E-03	1.95E-03	1.03E-03	2.40E-03	2.33E-03
A[C>A]C	4.29E-04	3.42E-03	1.40E-03	1.53E-03	3.16E-03	9.35E-04	4.47E-03	1.79E-03
A[C>A]G	8.10E-05	1.72E-04	1.26E-04	1.26E-04	2.57E-04	2.05E-04	1.13E-04	2.00E-04
A[C>A]T	3.41E-03	4.24E-03	2.04E-09	0.00E+00	3.28E-03	5.43E-05	3.59E-03	4.06E-04
A[C>G]A	8.87E-04	1.53E-03	7.55E-04	1.11E-03	5.35E-04	1.02E-03	1.66E-03	1.14E-03
A[C>G]C	1.48E-04	1.87E-03	9.51E-05	2.86E-04	9.65E-04	7.52E-04	1.72E-03	2.51E-04
A[C>G]G	7.69E-05	1.74E-04	7.32E-05	1.51E-04	2.68E-04	1.82E-04	1.73E-04	1.93E-04
A[C>G]T	1.48E-04	9.12E-04	3.10E-05	2.00E-03	1.23E-03	2.33E-04	9.07E-04	1.11E-03
A[C>T]A	2.11E-03	4.05E-03	1.73E-03	2.72E-03	3.33E-03	1.73E-03	2.64E-03	5.30E-03
A[C>T]C	1.13E-04	9.17E-05	1.24E-08	7.34E-05	6.01E-04	7.36E-03	5.67E-03	4.09E-04
A[C>T]G	3.33E-04	6.18E-04	4.95E-04	6.26E-04	1.16E-03	7.23E-04	1.48E-03	1.64E-03
A[C>T]T	2.01E-03	1.95E-03	1.97E-03	3.34E-03	2.50E-03	2.90E-03	5.38E-03	2.92E-03
A[T>A]A	3.22E-04	1.07E-03	2.00E-04	3.06E-04	7.01E-04	1.62E-04	1.15E-03	2.98E-04
A[T>A]C	1.25E-09	2.27E-03	9.00E-05	1.36E-03	3.19E-03	7.20E-04	3.80E-03	2.40E-03
A[T>A]G	9.17E-04	7.90E-04	1.17E-03	8.19E-04	2.40E-03	1.46E-03	9.84E-04	2.32E-03
A[T>A]T	6.39E-04	1.10E-04	1.08E-04	3.18E-05	1.92E-03	2.22E-04	1.45E-03	1.59E-04
A[T>C]A	1.35E-03	2.90E-03	2.62E-03	2.25E-03	3.40E-03	2.11E-03	5.06E-03	4.06E-03
A[T>C]C	2.72E-03	7.31E-03	2.48E-03	2.90E-03	4.96E-03	3.36E-03	7.12E-03	4.09E-03
A[T>C]G	1.03E-03	3.35E-03	1.54E-03	1.40E-03	1.43E-03	1.73E-03	3.21E-03	8.34E-04
A[T>C]T	2.19E-03	4.23E-03	1.41E-03	4.11E-03	5.13E-03	3.10E-03	6.84E-03	4.92E-03
A[T>G]A	8.62E-05	1.48E-04	1.33E-04	4.28E-05	2.30E-04	3.06E-04	1.25E-04	1.81E-04
A[T>G]C	1.34E-03	2.64E-08	1.65E-03	2.10E-03	2.49E-03	1.50E-03	4.45E-03	3.24E-03
A[T>G]G	1.68E-04	6.57E-04	1.03E-04	2.80E-04	1.65E-04	2.13E-04	5.73E-04	0.00E+00
A[T>G]T	1.07E-04	1.25E-04	9.18E-05	1.44E-04	1.55E-04	1.43E-04	2.03E-04	2.43E-04
C[C>A]A	1.62E-04	1.64E-04	6.94E-05	1.14E-04	2.22E-04	5.31E-04	1.53E-04	1.16E-04
C[C>A]C	1.07E-04	1.40E-04	6.96E-05	8.66E-05	1.77E-04	3.51E-04	1.60E-04	1.78E-04
C[C>A]G	1.19E-04	1.44E-04	9.60E-05	1.84E-04	1.59E-04	2.50E-04	1.21E-04	1.22E-04
C[C>A]T	1.62E-03	1.74E-03	1.79E-03	1.33E-03	1.68E-03	9.21E-04	2.01E-03	3.82E-04
C[C>G]A	8.89E-05	2.34E-04	2.18E-04	1.08E-04	2.42E-04	8.74E-04	5.31E-04	1.30E-04
C[C>G]C	1.04E-04	9.09E-05	9.38E-05	1.91E-04	2.12E-04	1.48E-04	2.25E-04	1.41E-04
C[C>G]G	5.58E-05	1.69E-04	7.77E-05	1.14E-04	1.34E-04	1.43E-04	2.20E-04	7.00E-05
C[C>G]T	1.27E-04	1.42E-04	2.93E-04	9.70E-05	1.20E-04	2.04E-04	4.94E-04	1.06E-04
C[C>T]A	7.28E-04	1.77E-03	9.57E-04	7.57E-04	1.49E-03	1.85E-03	2.09E-03	7.63E-04
C[C>T]C	9.07E-04	1.23E-03	1.08E-03	7.08E-04	1.07E-03	1.17E-03	2.51E-03	1.87E-03
C[C>T]G	6.13E-04	1.16E-03	6.35E-04	6.93E-04	1.09E-03	1.44E-03	7.83E-04	7.80E-04
C[C>T]T	1.54E-03	2.29E-03	9.65E-04	1.48E-03	1.74E-03	4.57E-04	3.00E-03	1.01E-03
C[T>A]A	6.81E-05	8.56E-04	9.35E-05	1.40E-03	1.95E-04	6.74E-04	2.58E-03	1.60E-03
C[T>A]C	8.26E-04	1.90E-03	1.13E-03	9.91E-04	1.41E-03	2.03E-05	2.81E-03	1.31E-03
C[T>A]G	8.86E-04	2.06E-03	9.89E-04	9.43E-04	1.68E-03	2.13E-03	2.17E-03	2.05E-03
C[T>A]T	6.06E-04	4.87E-04	4.94E-04	2.34E-04	1.32E-03	6.99E-05	6.11E-04	7.49E-05
C[T>C]A	1.26E-03	2.20E-03	1.01E-03	2.26E-03	2.92E-03	1.85E-03	5.15E-03	2.45E-03
C[T>C]C	9.32E-04	2.72E-03	1.19E-03	1.18E-03	2.09E-03	2.16E-03	1.88E-03	2.62E-03
C[T>C]G	2.10E-04	1.87E-04	5.15E-04	4.24E-04	9.35E-05	1.10E-03	1.71E-03	1.06E-03
C[T>C]T	1.23E-03	1.60E-03	5.24E-04	0.00E+00	1.25E-03	1.22E-03	5.16E-03	1.38E-04
C[T>G]A	1.44E-04	1.79E-04	1.22E-04	1.29E-04	2.00E-04	1.95E-04	1.81E-04	1.49E-04
C[T>G]C	9.04E-04	1.29E-03	8.33E-05	3.46E-04	9.44E-05	5.04E-04	1.72E-03	3.48E-04
C[T>G]G	1.27E-03	1.14E-03	9.80E-04	4.76E-04	8.05E-04	5.17E-04	3.80E-03	1.51E-03
C[T>G]T	1.19E-04	1.69E-04	1.78E-04	3.63E-04	2.19E-04	1.23E-04	2.83E-04	7.24E-05
G[C>A]A	8.64E-04	1.50E-03	3.84E-05	5.17E-04	4.98E-04	1.61E-04	1.90E-03	1.38E-04
G[C>A]C	5.33E-05	4.94E-05	8.25E-04	1.12E-04	1.39E-04	3.32E-04	1.11E-03	3.85E-05
G[C>A]G	1.18E-04	1.93E-04	1.04E-04	9.69E-05	1.75E-04	2.79E-04	1.91E-04	2.61E-04
G[C>A]T	1.04E-03	4.98E-03	1.09E-03	1.30E-03	1.70E-03	2.49E-03	4.06E-03	1.52E-03
G[C>G]A	4.07E-05	7.78E-04	1.59E-03	2.76E-03	2.70E-04	1.82E-04	1.83E-03	9.40E-04
G[C>G]C	5.83E-04	1.72E-03	9.90E-04	9.54E-04	1.46E-03	2.53E-04	1.78E-03	1.77E-03
G[C>G]G	1.30E-04	2.85E-04	1.49E-04	1.48E-04	1.38E-04	1.07E-04	1.40E-04	1.48E-04
G[C>G]T	1.46E-03	2.50E-03	1.27E-03	1.67E-03	1.35E-07	1.70E-03	3.38E-03	6.79E-04
G[C>T]A	5.35E-06	3.28E-03	2.16E-03	4.38E-05	3.67E-04	2.02E-03	2.25E-03	2.40E-03
G[C>T]C	3.40E-04	6.97E-04	8.72E-05	2.47E-04	3.11E-04	1.58E-04	1.21E-03	2.38E-05
G[C>T]G	9.83E-05	2.59E-04	1.53E-04	9.32E-05	2.13E-04	1.92E-04	1.49E-04	1.86E-04
G[C>T]T	1.41E-03	1.57E-03	1.35E-03	1.67E-03	2.08E-03	1.24E-03	4.00E-03	1.86E-03
G[T>A]A	1.29E-04	1.69E-04	1.13E-04	9.51E-05	1.37E-04	2.17E-04	1.53E-04	2.30E-04
G[T>A]C	9.03E-04	1.35E-03	7.40E-04	7.97E-04	2.11E-03	7.25E-05	2.10E-03	1.65E-03
G[T>A]G	7.67E-05	1.06E-04	8.88E-05	1.09E-04	1.66E-04	1.61E-04	1.92E-04	1.93E-04
G[T>A]T	5.30E-05	7.24E-04	7.88E-04	4.29E-04	1.13E-04	1.93E-03	7.94E-04	1.54E-04
G[T>C]A	6.62E-04	7.33E-04	2.12E-04	1.13E-03	3.39E-03	2.44E-04	1.13E-03	5.64E-04
G[T>C]C	9.88E-04	2.29E-03	9.22E-04	1.27E-03	1.80E-03	1.29E-03	1.47E-03	1.25E-03
G[T>C]G	1.12E-03	1.59E-03	4.84E-04	1.25E-03	1.61E-03	1.23E-03	1.08E-03	1.23E-03
G[T>C]T	3.84E-04	1.69E-03	1.67E-04	3.21E-04	5.00E-04	8.96E-05	1.05E-03	3.92E-04
G[T>G]A	1.36E-04	2.16E-04	1.74E-04	1.15E-04	1.75E-04	1.51E-04	1.33E-04	7.97E-05
G[T>G]C	2.29E-04	2.84E-04	6.75E-04	7.74E-04	4.53E-04	8.71E-04	5.69E-04	4.63E-04
G[T>G]G	1.13E-04	1.20E-04	9.37E-05	1.24E-04	1.22E-04	1.67E-04	1.74E-04	9.98E-05
G[T>G]T	5.21E-04	7.02E-04	1.41E-05	3.92E-04	2.42E-04	2.16E-04	6.80E-04	7.92E-04
T[C>A]A	6.98E-04	4.61E-04	6.10E-04	9.77E-04	1.59E-03	4.16E-03	3.36E-04	2.48E-03
T[C>A]C	5.57E-04	9.90E-04	5.65E-04	1.02E-03	1.41E-03	1.11E-03	1.84E-03	1.48E-03
T[C>A]G	1.12E-04	1.53E-04	7.91E-05	1.66E-04	2.02E-04	2.11E-04	1.56E-04	1.28E-04
T[C>A]T	2.91E-03	2.62E-09	1.68E-04	2.21E-03	1.76E-03	2.67E-04	7.18E-03	1.47E-03
T[C>G]A	2.02E-04	2.56E-04	1.08E-04	4.02E-04	4.68E-06	1.05E-04	4.60E-04	6.32E-04
T[C>G]C	6.86E-05	1.03E-03	1.72E-04	7.42E-04	1.42E-04	9.70E-05	4.34E-04	4.21E-04
T[C>G]G	1.26E-04	2.42E-04	1.60E-04	1.36E-04	1.94E-04	1.61E-04	1.35E-04	1.93E-04
T[C>G]T	1.14E-03	1.98E-03	9.35E-04	2.64E-03	1.62E-03	0.00E+00	2.19E-03	1.74E-04
T[C>T]A	2.37E-03	6.63E-03	1.02E-03	4.11E-03	3.46E-03	1.96E-03	7.33E-03	2.96E-03
T[C>T]C	1.13E-03	1.33E-03	9.31E-04	4.21E-04	3.53E-03	1.17E-03	1.41E-03	1.67E-03
T[C>T]G	7.51E-05	7.35E-05	8.20E-05	1.51E-04	2.09E-04	1.73E-04	1.03E-04	2.47E-04
T[C>T]T	1.10E-04	1.60E-03	1.48E-09	1.60E-04	2.50E-03	1.11E-04	1.09E-04	7.78E-03
T[T>A]A	2.87E-04	1.12E-03	8.55E-04	1.08E-03	1.46E-03	9.07E-04	1.93E-03	9.58E-04
T[T>A]C	1.37E-03	3.03E-03	1.27E-03	1.08E-03	2.54E-03	8.05E-04	3.73E-03	1.44E-11
T[T>A]G	8.78E-05	2.33E-05	7.39E-05	1.67E-04	1.75E-04	2.48E-04	7.88E-05	3.94E-04
T[T>A]T	4.57E-04	1.14E-03	1.40E-04	3.80E-04	7.83E-06	2.21E-03	8.77E-04	9.68E-04
T[T>C]A	1.39E-03	5.90E-03	2.53E-03	2.31E-03	3.92E-03	2.54E-03	5.80E-03	3.29E-03
T[T>C]C	4.87E-05	6.04E-04	6.67E-09	1.97E-03	7.91E-03	9.40E-03	5.15E-03	2.47E-03
T[T>C]G	1.93E-04	1.02E-04	5.50E-05	6.38E-04	9.28E-04	3.89E-04	1.12E-03	1.66E-03
T[T>C]T	5.09E-06	6.07E-03	4.12E-04	1.26E-50	1.15E-03	1.31E-03	4.92E-03	1.20E-04
T[T>G]A	5.24E-04	8.62E-04	2.84E-04	6.25E-04	4.23E-04	1.70E-03	1.29E-03	8.78E-04
T[T>G]C	1.59E-03	1.47E-03	6.73E-05	2.17E-04	3.57E-04	2.44E-04	3.00E-03	9.72E-04
T[T>G]G	8.34E-05	1.35E-04	1.11E-04	1.45E-04	1.55E-04	1.48E-04	1.29E-04	2.93E-04
T[T>G]T	2.85E-04	9.66E-04	5.68E-05	1.12E-04	5.74E-04	1.48E-04	1.42E-03	2.71E-04
