Samples	Signature A	Signature B	Signature C	Signature D	Signature E
Sample1	2.21E+01	3.47E+00	1.36E+01	1.60E+01	7.60E+00
Sample2	2.58E+00	2.45E+00	5.81E+00	1.00E+00	7.05E+00
Sample3	8.00E-01	2.89E+00	8.70E+00	0.00E+00	5.66E+00
Sample4	1.20E+00	1.60E+00	4.68E+00	3.56E+00	2.53E+00
Sample5	0.00E+00	2.83E+00	7.60E+00	6.38E+00	1.40E+00
Sample6	1.83E+00	2.33E+00	1.89E+00	1.20E+00	2.46E+00
Sample7	2.34E+01	2.60E+00	2.13E+01	1.77E+01	1.17E+01
Sample8	1.44E+00	3.31E+00	1.56E+00	0.00E+00	4.15E+00
Sample9	6.14E+00	7.42E+00	8.30E+00	3.67E+00	1.84E+00
Sample10	0.00E+00	2.20E+00	5.94E+00	3.41E+00	8.69E+00
Sample11	1.40E+00	6.80E+00	5.27E+00	7.73E+00	0.00E+00
Sample12	2.60E+00	1.80E+00	5.44E+00	9.32E+00	7.50E+00
Sample13	0.00E+00	2.42E+00	4.08E+00	0.00E+00	6.38E+00
Sample14	9.78E+00	4.13E+00	6.45E+00	4.61E+00	6.72E+00
Sample15	8.00E-01	1.36E+00	6.20E+00	4.82E+00	1.20E+00
Sample16	1.80E+00	1.78E+00	1.66E+00	2.97E+00	0.00E+00
Sample17	7.20E+00	5.80E+00	1.84E+00	1.20E+00	0.00E+00
Sample18	2.37E+01	8.41E+00	1.56E+01	2.40E+01	1.31E+01
Sample19	5.64E+00	0.00E+00	4.25E+00	0.00E+00	4.82E+00
Sample20	0.00E+00	1.20E+00	3.78E+00	0.00E+00	3.26E+00
Sample21	1.24E+00	3.64E+00	6.87E+00	1.00E+00	5.51E+00
Sample22	1.17E+00	3.25E+00	3.51E+00	0.00E+00	5.92E+00
Sample23	1.42E+01	4.02E+00	7.91E+00	8.63E+00	4.35E+00
Sample24	2.00E+00	1.40E+00	2.80E+00	6.69E+00	2.40E+00
Sample25	2.80E+00	2.63E+00	3.88E+00	2.60E+00	4.90E+00
Sample26	1.60E+00	6.99E+00	1.01E+01	3.20E+00	3.83E+00
Sample27	2.22E+00	0.00E+00	8.02E+00	3.56E+00	9.09E+00
Sample28	2.23E+00	1.17E+00	0.00E+00	0.00E+00	2.14E+00
Sample29	0.00E+00	8.00E-01	8.00E-01	0.00E+00	0.00E+00
Sample30	9.52E+00	3.56E+00	1.10E+01	1.18E+01	7.88E+00
Sample31	6.68E+00	3.30E+00	6.71E+00	4.60E+00	6.41E+00
Sample32	1.66E+00	0.00E+00	6.05E+00	2.93E+00	6.78E+00
Sample33	2.06E+01	8.68E+00	1.21E+01	1.94E+01	6.19E+00
Sample34	0.00E+00	3.07E+00	8.07E+00	0.00E+00	8.85E+00
Sample35	1.36E+00	0.00E+00	4.74E+00	4.72E+00	7.24E+00
Sample36	2.75E+00	1.40E+00	7.00E+00	0.00E+00	5.00E+00
Sample37	2.44E+00	4.08E+00	3.77E+00	3.61E+00	4.27E+00
Sample38	0.00E+00	3.17E+00	5.70E+00	1.40E+00	3.97E+00
Sample39	1.67E+01	4.40E+00	1.21E+01	9.45E+00	0.00E+00
Sample40	0.00E+00	1.60E+00	7.53E+00	1.46E+00	6.76E+00
Sample41	3.38E+00	3.58E+00	6.36E+00	9.99E+00	5.70E+00
Sample42	0.00E+00	2.00E+00	5.48E+00	0.00E+00	5.75E+00
Sample43	0.00E+00	0.00E+00	0.00E+00	0.00E+00	0.00E+00
Sample44	0.00E+00	2.91E+00	7.40E+00	1.12E+01	3.70E+00
Sample45	2.82E+00	5.27E+00	6.05E+00	6.28E+00	3.78E+00
Sample46	5.50E+00	2.20E+00	7.57E+00	1.05E+01	6.35E+00
Sample47	9.80E-01	2.49E+00	7.97E+00	1.40E+00	7.00E+00
Sample48	0.00E+00	2.80E+00	2.80E+00	0.00E+00	0.00E+00
Sample49	2.56E+00	1.60E+00	5.70E+00	1.00E+00	2.90E+00
Sample50	1.80E+00	4.18E+00	6.95E+00	2.05E+00	8.49E+00
Sample51	2.08E+00	4.00E-01	3.88E+00	2.14E+00	2.54E+00
Sample52	4.61E+00	2.54E+00	5.28E+00	2.36E+00	7.62E+00
Sample53	0.00E+00	0.00E+00	0.00E+00	0.00E+00	0.00E+00
Sample54	0.00E+00	4.39E+00	8.07E+00	1.00E+00	9.84E+00
Sample55	2.77E+00	6.97E+00	5.53E+00	2.80E+00	4.58E+00
Sample56	7.83E+00	1.20E+00	5.91E+00	7.18E+00	4.14E+00
Sample57	0.00E+00	0.00E+00	6.01E+00	4.01E+00	2.32E+00
Sample58	1.32E+00	2.76E+00	1.06E+01	3.87E+00	1.03E+01
Sample59	2.99E+00	3.15E+00	9.80E+00	7.43E+00	2.53E+00
Sample60	3.64E+00	6.78E-01	5.99E+00	8.00E-01	7.72E+00
Sample61	1.75E+00	1.71E+00	4.98E+00	6.79E+00	7.45E+00
Sample62	4.80E+00	1.50E+00	4.32E+00	4.82E+00	0.00E+00
Sample63	0.00E+00	0.00E+00	4.60E+00	0.00E+00	4.60E+00
Sample64	1.20E+00	3.17E+00	8.00E+00	7.93E+00	1.66E+00
Sample65	7.22E+00	5.75E+00	1.13E+01	6.34E+00	5.77E+00
Sample66	0.00E+00	4.00E-01	7.51E+00	1.21E+00	8.10E+00
Sample67	0.00E+00	1.03E+00	4.79E+00	0.00E+00	4.60E+00
Sample68	1.55E+00	2.23E+00	9.23E+00	8.28E+00	6.00E-01
Sample69	1.36E+00	1.91E+00	6.88E+00	0.00E+00	7.44E+00
Sample70	3.20E+00	4.00E-01	1.07E+01	1.86E+00	7.24E+00
Sample71	3.89E+00	4.12E+00	6.01E+00	6.00E-01	8.97E+00
Sample72	0.00E+00	1.80E+00	5.79E+00	1.80E+00	5.25E+00
Sample73	6.00E-01	0.00E+00	3.01E+00	5.81E+00	7.80E+00
Sample74	0.00E+00	3.60E+00	4.14E+00	0.00E+00	5.48E+00
Sample75	6.00E-01	2.62E+00	1.17E+01	3.85E+00	7.88E+00
Sample76	8.00E-01	3.67E+00	5.99E+00	1.60E+00	4.82E+00
Sample77	1.51E+01	5.30E+00	3.73E+00	1.18E+01	1.20E+00
Sample78	3.92E+00	1.20E+00	5.19E+00	7.87E+00	4.55E+00
Sample79	1.60E+00	2.23E+00	3.20E+00	2.65E+00	0.00E+00
Sample80	0.00E+00	0.00E+00	0.00E+00	0.00E+00	0.00E+00
Sample81	2.40E+00	3.88E+00	1.00E+01	0.00E+00	8.76E+00
Sample82	1.87E+00	2.36E+00	5.44E+00	1.76E+00	4.18E+00
Sample83	1.26E+00	1.20E+00	3.60E+00	4.05E+00	8.00E-01
Sample84	1.44E+00	3.60E+00	4.66E+00	7.16E+00	3.12E+00
Sample85	1.55E+00	4.20E+00	5.22E+00	8.68E+00	6.00E-01
Sample86	0.00E+00	3.36E+00	4.05E+00	4.33E+00	0.00E+00
Sample87	0.00E+00	2.79E+00	3.56E+00	2.23E+00	3.67E+00
Sample88	6.02E+00	2.03E+00	3.51E+00	4.42E+00	3.29E+00
Sample89	0.00E+00	4.00E-01	6.48E+00	3.89E+00	6.94E+00
Sample90	1.80E+00	0.00E+00	5.83E+00	0.00E+00	5.93E+00
Sample91	0.00E+00	0.00E+00	2.99E+00	6.66E+00	5.91E+00
Sample92	4.00E-01	3.80E+00	7.66E+00	2.40E+00	5.98E+00
Sample93	3.56E+00	5.15E+00	1.04E+01	2.29E+00	7.91E+00
Sample94	3.20E+00	4.32E+00	3.31E+00	9.80E-01	5.74E+00
Sample95	0.00E+00	4.63E+00	8.82E+00	0.00E+00	6.61E+00
Sample96	2.02E+00	1.94E+00	5.20E+00	8.00E-01	3.44E+00
Sample97	1.80E+00	1.36E+00	2.59E+00	1.96E+00	3.22E+00
Sample98	1.68E+01	2.83E+00	8.61E+00	1.15E+01	9.56E+00
Sample99	1.01E+01	0.00E+00	8.99E+00	8.41E+00	4.02E+00
Sample100	3.28E+00	0.00E+00	9.43E+00	0.00E+00	1.22E+01
