MutationType	Signature A	Signature B	Signature C	Signature D	Signature E	Signature F	Signature G	Signature H	Signature I	Signature J
A[C>A]A	4.28E-03	2.66E-04	3.49E-03	6.90E-03	7.69E-05	5.67E-04	1.79E-03	2.61E-03	1.48E-03	1.97E-03
A[C>A]C	3.15E-03	1.87E-03	1.48E-03	2.53E-03	5.32E-04	3.51E-03	7.76E-04	2.32E-03	9.61E-04	1.91E-03
A[C>A]G	7.98E-04	9.59E-04	9.02E-04	1.17E-03	1.88E-04	1.01E-03	4.81E-04	7.50E-04	2.38E-04	6.57E-04
A[C>A]T	7.68E-04	1.26E-03	1.38E-03	1.06E-03	1.53E-04	9.03E-04	6.40E-04	1.05E-03	2.37E-04	1.22E-03
A[C>G]A	1.25E-03	1.82E-03	1.32E-03	2.33E-03	4.74E-04	1.34E-03	1.08E-03	1.43E-03	8.75E-04	8.76E-04
A[C>G]C	7.25E-04	9.70E-04	5.23E-04	9.20E-04	2.13E-04	7.57E-04	4.69E-04	6.69E-04	3.80E-04	5.18E-04
A[C>G]G	8.94E-04	6.02E-04	6.69E-04	9.14E-04	3.16E-04	9.48E-04	3.06E-04	1.29E-03	2.82E-04	3.77E-04
A[C>G]T	9.10E-04	1.58E-03	1.38E-03	8.31E-04	2.42E-04	1.09E-03	7.31E-04	1.33E-03	5.54E-04	8.20E-04
A[C>T]A	1.90E-02	3.98E-03	3.11E-03	3.20E-03	3.86E-03	1.04E-02	1.38E-02	1.38E-02	3.21E-04	8.71E-03
A[C>T]C	1.26E-03	1.39E-03	1.69E-03	1.08E-03	2.12E-04	7.65E-04	5.46E-04	1.19E-03	3.83E-04	8.91E-04
A[C>T]G	6.95E-04	3.06E-03	2.26E-03	2.71E-03	4.85E-04	1.37E-03	1.11E-03	2.21E-03	9.78E-04	1.33E-03
A[C>T]T	3.54E-03	7.31E-03	1.70E-03	5.12E-03	2.18E-03	8.58E-03	2.49E-03	5.91E-03	5.11E-04	8.37E-03
A[T>A]A	1.67E-03	1.48E-03	2.68E-04	1.31E-03	5.10E-04	2.94E-03	1.54E-03	1.94E-03	5.19E-04	3.12E-03
A[T>A]C	3.01E-03	5.33E-03	4.22E-03	1.61E-03	1.21E-03	2.35E-03	7.96E-04	2.15E-03	1.22E-03	1.49E-03
A[T>A]G	3.29E-03	5.68E-03	3.14E-03	4.48E-03	4.60E-04	2.75E-03	1.11E-03	6.61E-04	9.88E-04	3.31E-03
A[T>A]T	1.39E-03	9.08E-04	1.01E-03	2.33E-03	3.33E-04	1.29E-03	1.99E-04	7.04E-04	4.60E-04	6.91E-04
A[T>C]A	1.19E-02	2.92E-03	5.92E-03	3.11E-03	5.31E-04	2.52E-03	9.93E-03	1.25E-02	3.34E-03	7.70E-03
A[T>C]C	8.70E-04	6.22E-03	1.34E-02	5.23E-03	1.66E-04	1.34E-03	2.90E-03	7.02E-03	2.36E-03	5.86E-04
A[T>C]G	4.36E-03	2.93E-03	8.52E-04	7.22E-04	4.84E-04	3.27E-03	2.03E-03	5.21E-03	1.95E-03	4.05E-03
A[T>C]T	6.31E-03	1.01E-02	8.22E-04	2.29E-03	2.17E-05	1.61E-02	8.69E-03	8.36E-04	6.35E-04	1.20E-02
A[T>G]A	6.33E-04	1.06E-03	1.35E-03	1.20E-03	1.51E-04	1.09E-03	5.30E-04	6.85E-04	4.22E-04	5.05E-04
A[T>G]C	2.44E-03	2.26E-03	3.69E-03	1.71E-03	5.87E-04	1.51E-03	5.04E-04	7.54E-04	7.77E-04	1.76E-03
A[T>G]G	1.38E-03	7.69E-04	1.11E-03	4.06E-04	2.14E-04	8.15E-04	6.08E-04	8.09E-04	2.54E-04	6.02E-04
A[T>G]T	1.40E-03	6.85E-04	1.30E-03	7.92E-04	1.34E-04	8.61E-04	5.33E-04	9.47E-04	4.13E-04	4.31E-04
C[C>A]A	1.04E-03	5.32E-04	1.87E-03	1.68E-03	2.19E-04	8.61E-04	3.00E-04	9.16E-04	3.08E-04	7.94E-04
C[C>A]C	9.06E-04	8.21E-04	1.32E-03	1.57E-03	1.52E-04	1.01E-03	4.40E-04	7.14E-04	3.61E-04	4.45E-04
C[C>A]G	1.07E-03	1.40E-03	1.17E-03	8.85E-04	2.85E-04	9.62E-04	5.28E-04	1.13E-03	2.81E-04	5.91E-04
C[C>A]T	1.15E-03	1.24E-03	1.66E-03	1.23E-03	3.40E-04	8.80E-04	6.18E-04	8.78E-04	4.90E-04	1.03E-03
C[C>G]A	6.76E-04	1.36E-03	9.17E-04	1.37E-03	2.52E-04	8.72E-04	3.46E-04	8.68E-04	4.66E-04	6.47E-04
C[C>G]C	7.04E-04	9.28E-04	1.16E-03	9.05E-04	1.38E-04	1.08E-03	5.36E-04	4.63E-04	3.08E-04	5.25E-04
C[C>G]G	1.11E-03	5.71E-04	9.61E-04	6.99E-04	2.36E-04	1.15E-03	4.94E-04	7.69E-04	4.02E-04	6.30E-04
C[C>G]T	1.18E-03	6.68E-04	1.06E-03	1.16E-03	2.51E-04	6.90E-04	6.25E-04	8.81E-04	2.76E-04	5.41E-04
C[C>T]A	2.70E-03	2.32E-03	2.38E-03	4.80E-03	7.59E-04	1.67E-03	8.83E-04	1.37E-03	1.27E-03	1.39E-03
C[C>T]C	1.70E-03	1.46E-03	1.91E-03	2.23E-03	2.49E-04	7.38E-04	3.82E-04	1.19E-03	4.25E-04	1.86E-03
C[C>T]G	1.35E-03	8.64E-04	1.76E-03	1.40E-03	4.60E-04	1.60E-03	7.06E-04	1.96E-03	7.22E-04	9.00E-04
C[C>T]T	2.32E-03	4.18E-03	2.41E-03	5.37E-03	7.66E-04	2.24E-03	2.06E-03	1.97E-03	1.47E-03	1.22E-03
C[T>A]A	1.34E-03	9.34E-04	4.50E-04	1.44E-03	3.23E-04	9.87E-04	4.54E-04	1.36E-03	3.38E-04	9.68E-04
C[T>A]C	3.41E-03	5.26E-03	1.44E-03	3.70E-03	1.35E-03	2.00E-03	2.09E-03	4.65E-03	4.54E-04	2.37E-03
C[T>A]G	4.41E-03	1.73E-03	4.26E-03	4.50E-03	5.27E-04	7.60E-03	6.79E-04	2.60E-03	7.58E-04	6.29E-03
C[T>A]T	1.16E-03	1.26E-03	8.40E-04	1.14E-03	3.24E-04	1.10E-03	5.62E-04	1.08E-03	3.90E-04	8.48E-04
C[T>C]A	3.05E-03	5.85E-03	3.49E-03	1.43E-03	7.35E-04	1.56E-03	1.81E-03	4.22E-03	1.18E-03	3.41E-03
C[T>C]C	5.43E-03	6.55E-03	2.07E-03	7.66E-03	5.81E-04	1.75E-03	2.17E-03	3.60E-03	1.66E-03	4.56E-03
C[T>C]G	1.74E-03	9.94E-04	2.18E-03	2.58E-03	3.90E-04	9.40E-04	4.51E-04	9.86E-04	3.67E-04	8.66E-04
C[T>C]T	4.39E-03	4.07E-03	5.98E-04	2.31E-03	7.14E-04	2.58E-03	2.50E-47	2.52E-03	1.01E-03	1.65E-03
C[T>G]A	1.15E-03	5.25E-04	7.63E-04	8.29E-04	2.19E-04	1.10E-03	3.25E-04	7.92E-04	3.08E-04	6.19E-04
C[T>G]C	1.59E-03	2.54E-03	1.05E-03	2.99E-03	9.60E-04	1.50E-03	1.42E-03	1.17E-03	6.19E-04	1.39E-03
C[T>G]G	1.13E-03	8.01E-04	7.06E-04	1.12E-03	3.21E-04	8.81E-04	4.85E-04	1.13E-03	3.40E-04	1.14E-03
C[T>G]T	1.02E-03	7.96E-04	7.64E-04	1.09E-03	1.92E-04	9.59E-04	7.49E-04	1.08E-03	2.55E-04	4.99E-04
G[C>A]A	1.63E-03	6.58E-04	2.81E-03	2.99E-03	5.52E-04	1.22E-03	7.23E-04	1.52E-03	5.20E-04	8.02E-04
G[C>A]C	1.61E-03	2.34E-03	1.63E-03	1.01E-03	5.19E-04	1.64E-03	1.01E-03	1.93E-03	9.88E-04	5.97E-04
G[C>A]G	8.73E-04	6.46E-04	1.01E-03	1.16E-03	1.77E-04	6.12E-04	5.58E-04	9.06E-04	2.61E-04	5.32E-04
G[C>A]T	9.49E-03	1.11E-02	8.87E-03	2.06E-03	2.44E-03	2.42E-03	2.99E-03	1.17E-02	1.47E-03	1.94E-03
G[C>G]A	1.35E-03	3.85E-04	1.73E-03	2.92E-03	4.16E-04	1.01E-03	7.29E-04	7.74E-04	7.35E-04	6.96E-04
G[C>G]C	1.97E-03	1.96E-03	2.36E-03	2.16E-03	6.56E-04	1.34E-03	6.87E-04	2.21E-03	8.59E-04	9.89E-04
G[C>G]G	1.20E-03	8.97E-04	8.94E-04	4.93E-04	2.21E-04	9.06E-04	4.63E-04	1.09E-03	4.24E-04	7.00E-04
G[C>G]T	4.54E-03	2.86E-03	2.62E-03	6.25E-03	1.75E-03	2.52E-03	2.75E-03	3.47E-03	9.59E-04	2.29E-03
G[C>T]A	1.63E-03	1.19E-03	1.99E-03	2.49E-03	4.53E-04	1.73E-03	1.09E-03	2.19E-03	8.29E-04	1.37E-03
G[C>T]C	1.01E-03	1.35E-03	1.29E-03	1.04E-03	2.66E-04	1.17E-03	9.64E-04	2.54E-03	8.49E-04	5.68E-04
G[C>T]G	1.15E-03	8.76E-04	8.28E-04	1.38E-03	1.94E-04	1.28E-03	7.25E-04	6.07E-04	3.62E-04	7.46E-04
G[C>T]T	4.43E-03	4.87E-03	1.85E-03	6.47E-03	8.79E-04	3.36E-03	1.75E-03	4.18E-03	2.08E-03	4.39E-03
G[T>A]A	1.10E-03	7.60E-04	6.02E-04	1.03E-03	2.33E-04	1.10E-03	2.44E-04	1.08E-03	4.38E-04	1.18E-03
G[T>A]C	1.49E-03	1.24E-03	1.46E-03	1.58E-03	1.70E-04	1.04E-03	5.08E-04	8.68E-04	2.05E-04	1.65E-03
G[T>A]G	5.55E-04	9.83E-04	8.30E-04	9.79E-04	2.75E-04	9.67E-04	5.15E-04	1.01E-03	6.03E-04	8.15E-04
G[T>A]T	1.51E-03	6.48E-04	1.11E-03	6.30E-04	2.70E-04	6.09E-04	5.49E-04	1.22E-03	4.45E-04	5.24E-04
G[T>C]A	2.08E-03	2.76E-03	1.64E-03	1.22E-03	1.03E-03	2.39E-03	1.01E-03	3.36E-03	1.26E-03	4.25E-04
G[T>C]C	2.01E-03	1.77E-03	1.69E-03	2.47E-03	6.27E-04	1.73E-03	9.27E-04	1.76E-03	6.65E-04	1.19E-03
G[T>C]G	3.57E-03	2.60E-03	2.25E-03	4.35E-03	3.49E-04	2.49E-03	1.19E-03	1.91E-03	1.03E-03	3.03E-03
G[T>C]T	2.80E-03	4.03E-03	2.54E-04	2.14E-03	7.81E-04	1.54E-03	1.20E-03	2.55E-03	1.03E-03	1.63E-03
G[T>G]A	9.63E-04	1.11E-03	1.23E-03	6.31E-04	3.12E-04	8.82E-04	5.02E-04	1.04E-03	4.84E-04	4.24E-04
G[T>G]C	2.38E-03	1.76E-03	9.81E-43	2.09E-03	3.20E-04	2.01E-03	9.38E-04	1.99E-03	7.65E-04	9.49E-04
G[T>G]G	1.09E-03	6.97E-04	1.02E-03	1.28E-03	1.85E-04	9.76E-04	3.91E-04	1.06E-03	4.62E-04	9.79E-04
G[T>G]T	1.35E-03	5.20E-04	1.13E-03	7.38E-04	2.26E-04	5.79E-04	5.31E-04	6.33E-04	4.35E-04	4.08E-04
T[C>A]A	2.83E-03	4.34E-03	3.82E-03	6.02E-03	1.19E-03	3.13E-03	4.40E-04	4.52E-03	7.98E-04	2.22E-03
T[C>A]C	3.93E-03	1.46E-03	1.95E-03	2.62E-03	6.61E-04	1.35E-03	1.11E-03	1.57E-03	9.33E-04	1.46E-03
T[C>A]G	9.44E-04	8.20E-04	6.82E-04	9.05E-04	2.60E-04	6.56E-04	2.57E-04	1.29E-03	3.09E-04	5.76E-04
T[C>A]T	1.14E-03	1.47E-03	1.21E-03	1.05E-03	3.47E-04	1.33E-03	6.84E-04	7.85E-04	2.20E-04	1.30E-03
T[C>G]A	1.59E-03	9.63E-04	6.77E-04	1.27E-03	3.36E-04	8.64E-04	4.79E-04	1.09E-03	4.71E-04	9.58E-04
T[C>G]C	1.66E-03	9.09E-04	1.45E-03	7.41E-04	2.33E-04	1.50E-03	5.85E-04	9.14E-04	4.98E-04	6.57E-04
T[C>G]G	9.68E-04	9.36E-04	5.35E-04	1.41E-03	3.76E-04	6.61E-04	5.07E-04	1.36E-03	4.27E-04	3.33E-04
T[C>G]T	1.79E-03	8.67E-04	1.06E-03	2.35E-03	3.90E-04	1.56E-03	4.32E-04	1.38E-03	6.01E-04	6.41E-04
T[C>T]A	6.64E-03	4.49E-03	5.68E-03	2.41E-03	1.68E-03	7.42E-03	1.85E-03	6.44E-03	3.03E-04	5.33E-03
T[C>T]C	5.78E-03	1.20E-02	3.99E-03	6.48E-03	1.49E-04	4.67E-03	4.05E-03	5.02E-03	2.99E-03	7.92E-03
T[C>T]G	7.58E-04	6.08E-04	6.14E-04	1.43E-03	2.79E-04	8.44E-04	5.52E-04	9.18E-04	3.39E-04	5.57E-04
T[C>T]T	1.26E-03	1.32E-03	8.00E-03	1.76E-02	1.56E-03	2.87E-03	1.41E-03	4.21E-03	1.93E-03	4.01E-03
T[T>A]A	1.48E-03	1.01E-03	1.97E-03	2.63E-03	4.68E-04	1.24E-03	8.40E-04	1.20E-03	4.96E-04	1.46E-03
T[T>A]C	5.53E-03	1.33E-03	2.60E-03	2.48E-03	3.59E-04	2.06E-03	6.22E-04	1.06E-03	6.55E-04	1.14E-03
T[T>A]G	1.08E-03	8.95E-04	3.54E-03	5.14E-03	2.58E-04	1.36E-03	6.26E-04	6.68E-04	6.71E-04	9.81E-04
T[T>A]T	1.60E-03	1.40E-03	2.88E-03	4.36E-03	5.03E-04	9.46E-04	4.61E-04	1.33E-03	7.20E-04	8.62E-04
T[T>C]A	3.90E-03	1.98E-03	4.85E-03	1.21E-02	2.35E-03	2.69E-03	6.09E-03	4.66E-03	7.35E-04	4.07E-03
T[T>C]C	3.61E-03	4.46E-03	3.39E-03	6.60E-03	1.09E-03	3.16E-03	1.31E-03	3.18E-03	1.01E-03	1.60E-03
T[T>C]G	8.11E-04	1.24E-03	9.77E-04	1.43E-03	1.91E-04	1.03E-03	4.31E-04	6.86E-04	3.78E-04	5.37E-04
T[T>C]T	1.47E-02	2.00E-02	1.01E-13	2.26E-03	3.10E-03	4.30E-03	2.39E-04	1.69E-02	4.59E-03	4.15E-03
T[T>G]A	2.27E-03	1.11E-03	1.06E-03	1.13E-03	3.53E-04	1.77E-03	7.60E-04	1.38E-03	5.89E-04	8.13E-04
T[T>G]C	8.53E-04	2.11E-03	1.32E-03	1.02E-03	2.67E-04	6.11E-04	1.42E-03	3.21E-03	1.41E-03	6.18E-04
T[T>G]G	1.15E-03	7.51E-04	7.60E-04	8.08E-04	1.97E-04	1.08E-03	6.63E-04	9.32E-04	4.01E-04	5.45E-04
T[T>G]T	9.73E-04	1.29E-03	9.87E-04	1.41E-03	2.35E-04	1.05E-03	3.59E-04	7.86E-04	4.18E-04	5.63E-04
