MutationType	Signature A	Signature B	Signature C	Signature D	Signature E	Signature F	Signature G	Signature H	Signature I	Signature J
A[C>A]A	0.00010754186175075451	0.02324259366268136	0.01852761728843622	0.000369067277436736	0.0005674928725445199	0.008877125954656239	0.011136804156108977	0.016063372620401577	0.029974494257402395	0.037109231027305234
A[C>A]C	0.0030837622426179994	0.002601044689441954	0.005479158795770657	0.009132976243801712	0.012785421703329636	0.007475104390488415	0.012096302202262425	0.0367032128953122	0.01583339731098516	0.01192063324774856
A[C>A]G	0.010117934998078497	0.007079213565034266	0.010763382234089488	0.007965377919420216	0.005349773688130447	0.007111374510858037	0.004970233798915855	0.0014762834290089652	0.005734071043424899	0.004670775052747178
A[C>A]T	0.009943452235040218	0.006090074257373665	0.009748389154144346	0.008444729637045595	0.006901857374846976	0.005761661297562285	0.005750115820658852	0.0032559212562568492	0.008696410345808883	0.008168467467836043
A[C>G]A	0.020269133529626275	0.01702700020716906	0.021710173391919274	0.017477249037049867	0.008944780966165538	0.0188215271071088	0.00301530202284259	0.0038098838074528798	0.007362900795943721	0.0071013834692013585
A[C>G]C	0.009441394739888934	0.0069107118770710164	0.009733614697121274	0.008577644584104442	0.008538821526813178	0.00651349831817488	0.0043906366052422	0.003025920103502884	0.007273560304256051	0.007545236148231271
A[C>G]G	0.01001474995241397	0.007215189008396464	0.01099963126947488	0.008648232821400587	0.0060615396882895654	0.00677818971718869	0.004841401077393156	0.0013863403287983583	0.004947503239538433	0.0038502730577942472
A[C>G]T	0.008020308872305268	0.006365559548702373	0.01123708856964317	0.006923236149357305	0.007107527305467428	0.0049539537266281245	0.002701436642819716	0.0179373827069035	0.005611679124415185	0.01314979734728065
A[C>T]A	0.009755500716922359	0.04462456065289116	0.00032100221990065647	0.005807749708234722	0.017526692187889995	0.036648517909124975	0.2205619860324412	0.0176780245772995	0.0037510515642280064	0.005952444709574532
A[C>T]C	0.008035434561962236	0.0060669550896753814	0.009776754111962414	0.009683205992804532	0.005673043555422092	0.006659909089662268	0.008698063147206087	0.008691841550653145	0.00833357973439984	0.005586421582013974
A[C>T]G	0.019877625996180204	0.017059900664226985	0.016510778839883868	0.014521898441649505	0.010118470679473517	0.018876188601919284	0.0140616597472468	0.0032311406476209286	0.00993779199106564	0.004785247500208239
A[C>T]T	0.009813166581060295	0.007198116980187513	0.0008796742361360304	0.017387932619450992	0.07161769826480768	0.017510422489514645	0.007417067337738621	0.04698922202799429	0.021231483321539638	0.017527140739419453
A[T>A]A	0.007713345924740487	0.003385089725005644	0.008799156061431857	0.0060719749685857775	0.029889179639145787	0.009818670553162472	0.005396505295639981	0.014054823073510428	0.0002683206365121856	0.0017265016702820177
A[T>A]C	0.020660905988684707	0.0009690512570635184	0.013433926922630776	0.014466764373674088	0.010366059038323725	0.027597150007574733	0.01124691189793508	0.007576820871610631	0.0071636852720687325	0.009201472784455584
A[T>A]G	0.0030215474062364545	0.020116633705769903	0.011026665879308381	0.02215692620338644	0.014969867473497177	0.001147804142170525	0.00783838452252833	0.018398022418726546	0.01219843520801692	0.012768080838047334
A[T>A]T	0.009263287382869401	0.0062355958453916786	0.010993567529178988	0.006472232201859633	0.006606675337464881	0.005767611837505843	0.006035509651891706	0.0012515843634189384	0.010533472680215556	0.012316848793621538
A[T>C]A	0.0009411785142176854	0.05793102558089302	0.02370360261683898	0.004207080589229712	0.003750215988614954	0.08481844043657899	0.01775485066484427	0.04054250084173885	0.011433763531093096	0.0051330903316128725
A[T>C]C	0.00016628908917035184	0.006152301790712168	0.005009937468367141	0.00717776187021266	0.0020377042873730186	0.025711035195923486	0.001416281117840705	0.0008102587302934062	0.1638946764039127	0.007467385697444677
A[T>C]G	0.0011976084461481334	0.027906896099403045	0.016860638059316816	0.004437778737834979	0.014534997630307423	0.02093912529944432	0.014078164774791378	0.021192868659111665	0.0009979415601703485	0.0013364594586803232
A[T>C]T	2.2759600307627782e-05	0.06275006505823408	0.0006349504382473527	0.011023970104437677	0.14358329455758265	0.0012172079480937156	0.016657182635181376	0.04712359318628481	0.0008221025649857253	0.005196558491173342
A[T>G]A	0.009917974852889722	0.0065933147024092725	0.011074704416783727	0.008035774996030854	0.006703811324665444	0.005284490038190988	0.007857566329775302	0.0013094815027097566	0.004667104541214971	0.006653074723243401
A[T>G]C	0.005419100473363978	0.019071509923006023	0.009392826305617469	0.009115180031905791	0.004497113817624949	0.0011480471069707293	0.010621775923658745	0.0022580748520090225	0.023902781143006945	0.01803933157273607
A[T>G]G	0.010092293913637768	0.006362081574606724	0.011113851673777007	0.008163263688925643	0.006537943015544263	0.00506576313055133	0.004536228037923883	0.002347246615595191	0.006507873730449012	0.008048928574907133
A[T>G]T	0.009891546806346942	0.006241147246635125	0.01074120016322707	0.009755655140141619	0.006083729250383212	0.006110363484115406	0.007080902979003571	0.0019200745729262352	0.0054404527257433085	0.0034974785903586375
C[C>A]A	0.009308974273967808	0.005577851255003836	0.010472800798951493	0.008731027919529132	0.00710902226772489	0.0051925617747079975	0.004018337908722359	0.002876279096252063	0.009570925823365417	0.01193723879797561
C[C>A]C	0.009410393864921894	0.0051660192573934885	0.010284185058625963	0.006951828023782813	0.007180287231353017	0.0056504639007919424	0.005786782674332375	0.0017726704649882533	0.007603951458013685	0.012880507260478413
C[C>A]G	0.009608807371391442	0.006704223839020858	0.010886431732748501	0.010937459024430126	0.008476213255682766	0.007643264501506199	0.003103109431754544	0.0015579695695506501	0.004797746910309231	0.003766174569710713
C[C>A]T	0.008826323473207269	0.004262670255560319	0.010214586733128752	0.010235216994411794	0.010971519758187191	0.003096556083710637	0.00548604240416515	0.004011254066669712	0.009547033539742265	0.012474022599675252
C[C>G]A	0.009966405566469256	0.006123389136004092	0.01096270933836951	0.008014883598300392	0.0062216198031021476	0.007294821508442617	0.006938348606625211	0.001281885515019655	0.005207077314688547	0.004098130224664142
C[C>G]C	0.010075535237019616	0.007132413730576806	0.010687489349866963	0.008914449330303772	0.007170342352074623	0.005968811069134411	0.005313635419696403	0.002045484900019566	0.00440015788875342	0.002773657441654119
C[C>G]G	0.009795948501822326	0.006678501126097042	0.010270625456015061	0.00932306627500968	0.006090342339376543	0.006537391129965164	0.0059919993597861675	0.001532134148878532	0.005425006411690482	0.003882175896262401
C[C>G]T	0.010330861883241492	0.007205789094901088	0.010985641415263314	0.008221570061010907	0.006072611829647596	0.006986412953290124	0.002796055949442382	0.0018163843926398662	0.006286762939958317	0.0036526216361576374
C[C>T]A	0.004841779095516189	0.002427859458267804	0.011101461818439384	0.010405344235487137	0.005303803281522511	0.00195570366355735	0.007872784169377174	0.026153683464753393	0.01549092685743339	0.02927505100040991
C[C>T]C	0.008631749491486436	0.006682683164118835	0.009299454683149425	0.009059031222656406	0.0028686209925681194	0.006161818070796006	0.007897158292367786	0.0062242979893963905	0.014785501149263514	0.004618316443540292
C[C>T]G	0.020459161610166213	0.015787800013083317	0.021959468163325033	0.016139775062246946	0.007560177062323109	0.01545895278134341	0.012014267578066708	0.003551990771066273	0.008369065708915803	0.005144888320448876
C[C>T]T	0.03417354844894167	0.012158804130869495	0.010789259654202965	0.02046386072796682	0.004973965161231516	0.03050451278298994	0.014720774853506497	0.03256259908305881	0.005278624750881956	0.009757566785127266
C[T>A]A	0.009561519151380562	0.006178088271358097	0.009731065990318243	0.009700967549602424	0.004355738563402911	0.005082298720046776	0.00441754853781976	0.0026462830835076003	0.012101545076855694	0.013764577426878102
C[T>A]C	0.01644088175082664	0.01458849884744154	0.00045403006495758295	0.018848181667568943	0.006917817154894078	0.015810483508059647	0.018899547719053514	0.00837611054494961	0.02326071738936827	0.023100200653620628
C[T>A]G	0.0011458613307825758	0.0008605484081390692	0.005185086026480129	0.0031382381269234134	0.03991875770612787	0.010049323984496343	0.008608606559786923	0.03761661239657303	0.014557390803634107	0.023555444391281547
C[T>A]T	0.010553480810486534	0.006475567151100112	0.011054418744632907	0.008233048559502135	0.004529464644209447	0.005184153426267272	0.010076445362672971	0.001797076126991358	0.0037666979450532534	0.005018702725018206
C[T>C]A	0.013590075342407281	0.0365980989974048	0.006782690312456652	0.012066581710553324	0.0027539758540305803	0.027154355748921413	0.02509862664112262	0.022305523454298964	0.022601847609403345	0.011348949256682827
C[T>C]C	0.0010705644735404163	0.024977019873675253	0.005422333786440807	0.017688079343048863	0.0032151752801925335	0.005742389625644828	0.01414064286223845	0.043775605847453	0.009939872916646796	0.016874411897914297
C[T>C]G	0.009232308209695946	0.00633738654754607	0.009773153187296265	0.008241386257603825	0.005700249485464777	0.004024694545266313	0.005215241044993791	0.0026068766661421464	0.011192179307467165	0.016272153497622267
C[T>C]T	0.024252274934950833	2.4955562394398057e-47	0.006202387529990593	0.018971130204037963	0.01456671936315019	0.009449615605720295	0.011451163005708948	0.008462212827446662	0.0013880451056344871	0.01183175322636062
C[T>G]A	0.010063080958814585	0.007009079046935319	0.01078527118721666	0.008042985435522843	0.006276735857768551	0.007153995041150623	0.006421659780521109	0.0020469024584285197	0.004004216661795491	0.0034914489871158893
C[T>G]C	0.011296412568910787	0.0036514109319634096	0.01243653422078434	0.00682739390819759	0.01925565111695244	0.003282989121368869	0.0038518430978469985	0.009393839194937581	0.0025961507626803063	0.0053997754854519155
C[T>G]G	0.009296029822034133	0.007040734736869943	0.009159822300949139	0.008370086607068554	0.006885862477330419	0.006845613996559939	0.005229294132007634	0.006067793551675177	0.008302233956081435	0.006422427392597957
C[T>G]T	0.009880559906126773	0.006933703241655884	0.010943274034640533	0.008884011978091839	0.005276165644035179	0.006025572537176235	0.007717217202987408	0.0018174733104892886	0.005068732706135761	0.0035742560625921485
G[C>A]A	0.009205704950527806	0.00699344346575489	0.00980134783995272	0.0071807661747246895	0.006707508275144874	0.002953362793027889	0.006661090976325602	0.0022307320216689405	0.012093122881638024	0.016124335377811456
G[C>A]C	0.005011777106729435	0.007469466134167401	0.02136701906212387	0.010482717445508771	0.004494017366295628	0.014564809287611762	0.010724986836544692	0.000845324206400269	0.004894425185504424	0.00512880727432348
G[C>A]G	0.01024750992030182	0.006410933236516136	0.010169988149805844	0.009222950888500052	0.006836103351161969	0.006034204782674955	0.006929366170237079	0.0008958251810144811	0.005445714255209699	0.0032813604647423675
G[C>A]T	0.015106499041179906	0.01035288527795914	0.002213254450355033	0.03802946382160823	0.0028683541157654775	0.05702543348586752	0.021646994458072333	0.0021961201411716895	0.019141571724246492	0.003191995452449926
G[C>G]A	0.008539904626164555	0.00541840791382963	0.009141521642870805	0.007751349105374572	0.005888853983263926	0.004779799463178252	0.007528493485309794	0.003541059588900924	0.013658271409836243	0.015920203581902357
G[C>G]C	0.024644991900852252	0.017674909422716913	0.004058776606599059	0.011428921296475068	0.014990907586679671	0.010775867827509666	0.007244955178848225	0.0030379854811688764	0.014891438084137915	0.00486337936854208
G[C>G]G	0.009427215017614501	0.006312261746622869	0.010952567730598906	0.007951658539538619	0.0062293460584284385	0.0060315814972977475	0.004837713114873821	0.0017691297365206773	0.007381932144302453	0.008575801484137629
G[C>G]T	0.02686137913948495	0.018545334493877522	0.00578544510520334	0.004464588559203827	0.018919137169641248	0.003778008808975201	0.010218944437230294	0.003290493669735232	0.007906777584624654	0.010708018755323644
G[C>T]A	0.006904461724413039	0.00462250516141718	0.010114029893569756	0.00871385896149661	0.006418878228714507	0.005057282770901895	0.005629719970880132	0.023841776710534758	0.011164319162282254	0.018559321682814534
G[C>T]C	0.007538307100265687	0.005530870044178901	0.025112181291478627	0.00897671578509976	0.0034175553015826886	0.006434748876457143	0.003581682718566113	0.002840423201490165	0.005201637044716729	0.008429275787069338
G[C>T]G	0.010203698833064323	0.00688118846767752	0.01007281098527358	0.00875948426101551	0.0058158524234232165	0.007176747791335637	0.005586219797812616	0.0016388699428138993	0.005359751193469844	0.0037601115614182027
G[C>T]T	0.003092592972278471	0.004750282143752783	0.0084839879298534	0.010907579344257665	0.0051221501240200345	0.006125123894152806	0.005796532080240607	0.06448139863591357	0.01076629504373175	0.017209414159627616
G[T>A]A	0.009644291848127706	0.005939030646773653	0.010634215677130127	0.011493035753733017	0.006913565968744507	0.005023584191303686	0.006241294147900834	0.002597514510660977	0.00393482457840853	0.003792222708373321
G[T>A]C	0.00816023398607402	0.007454169734296438	0.008713619533128688	0.010039835524393569	0.0028204659934964113	0.005884238270256507	0.007323283985379691	0.006406456693738707	0.015711885498439108	0.005866967386721697
G[T>A]G	0.009936304187863928	0.006518262509813076	0.010313475141397164	0.009121643523225836	0.0047471097898905655	0.005962258287138716	0.00772701128975527	0.0019698981392501837	0.004983900005774538	0.0050138273994508025
G[T>A]T	0.009155119135087878	0.007639342670580753	0.00992855359023822	0.008623738483172709	0.005529773954736179	0.0058809293931056245	0.007118140283105614	0.002853965980158631	0.00649235645556159	0.00745881617248151
G[T>C]A	0.004579516686060679	0.0018629207666776605	0.033730828659093805	0.010721283420615922	0.020596997067864612	0.009206667911812155	0.008318205143188914	0.0006015120866920494	0.002759134539963075	0.0012702429959008544
G[T>C]C	0.003775510306045938	0.007260408915939829	0.010139353534908795	0.010030372573700735	0.015603493722312985	0.00446672180444002	0.009087460928104158	0.024236365762089804	0.008625712941670523	0.010227036792520044
G[T>C]G	0.004450484463953663	0.004568541560585985	0.0056543162353744035	0.010089109725138524	0.005814745426751286	0.010526266441067163	0.010433515699581924	0.03937873972797731	0.008297593438475172	0.006832157593545279
G[T>C]T	0.025734449845929885	0.003240478312858247	0.01624380224709742	0.008608440069552664	0.0019215719585329136	0.02132830558586546	0.006016961536091575	0.008714430738651677	0.00025444033556821464	0.005052582096965106
G[T>G]A	0.010120826592302661	0.006819110527148916	0.011078825258779283	0.008585702018226086	0.007071525733951273	0.005768706204331719	0.007061757800737903	0.0012653312973387285	0.0035811172232399994	0.002792485284826782
G[T>G]C	0.0065947560191360905	0.0053740134927587925	0.007847714010755269	0.00959885083830315	0.01060582894861013	0.010748186360854384	0.005308753606499229	0.028929332943018898	9.865453363318347e-43	0.0047892401566008375
G[T>G]G	0.01024844416907588	0.006954956384211598	0.010904218003553377	0.010129757661355925	0.006308524538789578	0.004433439152535468	0.004397522390175107	0.0019391300575902787	0.005407853518404036	0.004001351298587614
G[T>G]T	0.009587176647467034	0.007125478556990912	0.012172552062121773	0.006397003451221451	0.005456520532786645	0.004329314399329887	0.004995438189080879	0.0025276864531820257	0.006837247821409841	0.010710248179032935
T[C>A]A	0.026728515150566148	0.0005933713918128923	0.003651815736332329	0.009289698346109723	0.014129591365445043	0.012557780759640268	0.005575574255499479	0.005572112488184356	0.009016873799168486	0.02868622900548954
T[C>A]C	0.01995619664165644	0.019119087921570452	0.003644302272616997	0.011109509319844077	0.015740463884389204	0.009531399466825678	0.010730425486360277	0.004952064316620708	0.008870066496319561	0.01840618030847783
T[C>A]G	0.010001507546363496	0.007283722027964075	0.011239155452460948	0.008424106548499677	0.005504105282745226	0.005749535982762095	0.007115892209541595	0.0020200759845924307	0.004337216427336455	0.003611578743885821
T[C>A]T	0.008905374387746075	0.006413458478455491	0.010229896526479862	0.011728857282037356	0.004969380887067483	0.003783646488364432	0.008269889680584288	0.006273052185895813	0.007919195509241129	0.007169396588203616
T[C>G]A	0.009890934568062405	0.006814864833656527	0.011182885512584274	0.01044655846350024	0.00655103237515407	0.005721997964753999	0.008319106487038999	0.0027574408491163552	0.0017018032228461096	0.0035519040677730353
T[C>G]C	0.009566957599745095	0.007703337053721131	0.010601687084259528	0.011292772541875969	0.00853480957687669	0.008820592694137618	0.005220106214979998	0.0011756554746321143	0.005239215271652972	0.0015921460989194501
T[C>G]G	0.009761105290560235	0.007168381440978675	0.010426471788563861	0.00955143801409885	0.006333607032030871	0.005067470132986611	0.006035797693810143	0.0009539444457852022	0.005607553942018927	0.003775651586006185
T[C>G]T	0.0068365790795202296	0.004735037714014229	0.008289537399149323	0.009728204212937122	0.0097336979222926	0.008771405786918067	0.007976705090846359	0.021455427099524513	0.003881347854372382	0.004348364370712488
T[C>T]A	0.04451627305290621	0.020286965069300986	0.0003032218567451681	0.011438305496049943	0.037552945051987134	0.03354300148700885	0.017425157910559937	0.07619546756077598	0.025466123997832338	0.022332616574368285
T[C>T]C	0.00021215963761900364	0.016033397982743287	0.0054006772656200585	0.04701670850589561	0.013087418672106757	0.007534446336206059	0.016944278892431493	0.017030115941529346	0.014246391658619042	0.010863416321250274
T[C>T]G	0.010197233828037925	0.0075897446262031395	0.010533741546169095	0.008607989718006201	0.005581488692361159	0.006598029108619398	0.004052336448051211	0.0015557489341662158	0.005972722581092696	0.003664030393698078
T[C>T]T	0.004423056068400251	0.007587849127332074	0.009031802178508557	0.0018084004637028183	0.005447156168865167	0.009599630300524156	0.002252958342265514	0.017490489872274993	0.012249257173017902	0.07532581056666848
T[T>A]A	0.006714567058786099	0.004169910433178645	0.008813316062040248	0.013104938939408225	0.0044156743639175156	0.0040462939865460595	0.009116935925684992	0.004534102646300754	0.020553457877889682	0.02052449614241133
T[T>A]C	0.006245804071630796	0.026246686093011444	0.008512563455647614	0.005051005284146239	0.0052057507956067796	0.0023047543517226137	0.01065161524666995	0.0012219069636119535	0.021646099119564853	0.019311995657464
T[T>A]G	0.009003546739836232	0.004614367541484736	0.013432334416718053	0.004934135866795197	0.006756438847956466	0.0012502011057919558	0.0029950276040586394	0.002307945588980822	0.01386520534100982	0.02489007751155862
T[T>A]T	0.00806782701252362	0.005398264291979909	0.009975893052283212	0.0071446363792027345	0.007681633727095814	0.004419292266025944	0.007080474154461128	0.0027702547516609433	0.011921361674976982	0.02183955712321132
T[T>C]A	0.02035171549976416	0.05489349599232916	0.0013009174809908476	0.0027948786811795995	0.004661882302360891	0.010314632481052521	0.009184085501009399	0.02459163503173359	0.010683935250333638	0.017617696388953535
T[T>C]C	0.006011761178409272	0.0026293377990515674	0.005568133061919353	0.016611720948490512	0.0065041993904913385	0.011087270488525685	0.018972202162624584	0.0022712220428087867	0.0068229044390502955	0.03282017049098637
T[T>C]G	0.00960405461235515	0.007947793918085373	0.011083096809477734	0.0074879789187328625	0.005871344649285095	0.0061742665878078565	0.006322811542517738	0.0017425222515221985	0.00567679551978427	0.005402909115986555
T[T>C]T	0.01808498212827872	0.00023908206978844106	0.02205144728129237	0.025997787769337494	0.00958323547029442	0.04109444155756818	0.02363962279279853	0.013570651042410498	1.0182697170427095e-13	0.004731131518270758
T[T>G]A	0.009417454813953428	0.005670484089283228	0.01065114973723514	0.013690746145985436	0.00836028394802656	0.005072201570268925	0.007008198267606403	0.0012548076430063714	0.006433277983816993	0.0029713187690295455
T[T>G]C	0.008367773408588925	0.008336588415326697	0.023283917188720405	0.005722690153425537	0.004663552445341347	0.011858836962542058	0.0014050224864993008	0.0012617567850077371	0.010459788908852812	0.0054725193878081245
T[T>G]G	0.009957845747851815	0.007991324933941935	0.010618864317444111	0.009282223014935323	0.005795722865993804	0.007184171240295596	0.004078208547128881	0.0015669946411882908	0.004068193763506461	0.0042548558309765125
T[T>G]T	0.009805235892267141	0.007060471940711438	0.011222293944019524	0.007992614599521518	0.005831247005658668	0.004749173237990707	0.005983117815935106	0.002112263986660548	0.006508946092809763	0.009610029567556203
