Samples	Signature A	Signature B	Signature C	Signature D	Signature E	Signature F	Signature G	Signature H	Signature I	Signature J
Sample1	70	0	134	91	181	48	85	0	95	301
Sample2	389	69	41	97	56	167	77	18	13	73
Sample3	368	52	36	217	53	123	51	20	14	66
Sample4	81	251	70	138	50	70	149	15	110	53
Sample5	16	149	254	247	62	41	107	0	68	92
Sample6	126	351	165	152	30	2	85	44	61	0
Sample7	239	60	0	73	128	106	58	258	2	91
Sample8	301	50	96	108	75	158	42	43	13	99
Sample9	315	7	86	229	86	17	69	38	87	58
Sample10	406	159	79	15	69	96	68	43	22	35
Sample11	108	249	140	193	35	24	106	21	120	29
Sample12	272	147	231	0	0	17	144	0	135	24
Sample13	486	51	89	30	28	139	12	45	72	36
Sample14	214	39	156	0	235	158	68	12	1	100
Sample15	40	245	144	129	153	132	82	0	45	65
Sample16	115	348	147	44	103	0	113	6	9	145
Sample17	242	0	406	128	35	0	16	61	35	60
Sample18	215	36	65	42	45	149	56	320	39	48
Sample19	314	135	63	302	12	0	47	85	19	31
Sample20	368	60	95	149	62	132	50	8	13	47
Sample21	383	71	16	203	41	28	98	35	80	25
Sample22	383	89	113	0	93	112	110	29	68	17
Sample23	49	261	113	117	134	0	101	187	54	0
Sample24	137	329	155	111	54	11	87	26	73	32
Sample25	393	115	65	105	44	91	81	9	66	31
Sample26	111	1	284	149	187	46	37	42	61	69
Sample27	356	103	73	138	82	39	48	29	70	70
Sample28	336	122	91	145	29	95	80	34	19	49
Sample29	73	42	479	0	10	221	61	28	52	6
Sample30	242	70	86	0	218	123	23	71	21	130
Sample31	414	65	60	141	50	38	55	90	35	52
Sample32	456	50	93	80	35	0	104	103	38	21
Sample33	221	39	57	116	47	60	106	298	15	27
Sample34	363	30	125	79	65	179	82	35	13	29
Sample35	410	51	55	151	65	53	91	53	31	40
Sample36	381	48	47	83	69	177	79	26	14	84
Sample37	435	45	98	52	44	48	95	80	78	17
Sample38	409	64	106	57	56	144	44	42	16	54
Sample39	32	222	78	89	25	3	72	256	146	102
Sample40	421	42	78	111	53	94	90	46	29	36
Sample41	63	244	23	235	94	97	79	11	40	94
Sample42	408	66	105	82	59	76	95	26	25	38
Sample43	73	42	479	0	10	221	61	28	52	6
Sample44	126	398	78	82	64	24	98	32	62	10
Sample45	123	279	112	96	103	0	83	53	105	30
Sample46	138	334	181	27	97	0	86	57	74	42
Sample47	334	54	111	217	55	103	52	33	18	31
Sample48	73	42	479	0	10	221	61	28	52	6
Sample49	334	77	96	246	48	55	53	27	20	44
Sample50	379	0	153	34	76	98	132	31	105	0
Sample51	420	45	62	90	41	29	131	94	83	13
Sample52	424	45	87	0	84	152	36	64	62	73
Sample53	73	42	479	0	10	221	61	28	52	6
Sample54	438	70	104	63	38	39	96	79	29	23
Sample55	225	93	110	238	76	44	67	7	75	45
Sample56	317	53	0	90	154	117	97	53	10	83
Sample57	416	89	86	113	34	27	91	67	30	47
Sample58	372	93	120	40	38	60	49	66	114	63
Sample59	65	299	144	53	135	39	107	0	33	114
Sample60	411	55	148	64	65	55	63	33	71	14
Sample61	400	60	104	190	4	62	57	62	24	45
Sample62	23	256	86	117	95	108	72	16	47	166
Sample63	445	50	62	146	70	31	69	5	26	77
Sample64	53	314	79	141	124	59	102	0	47	62
Sample65	114	170	126	167	144	69	0	65	132	0
Sample66	380	47	30	150	110	124	45	36	64	29
Sample67	403	96	88	88	64	71	55	35	32	58
Sample68	100	359	45	102	97	55	127	27	55	13
Sample69	394	69	191	68	102	37	16	63	31	9
Sample70	220	92	213	106	37	106	92	76	12	38
Sample71	338	35	128	183	58	24	98	17	25	108
Sample72	379	5	37	20	81	112	110	61	106	56
Sample73	438	65	85	30	55	51	130	32	80	42
Sample74	360	100	41	160	41	148	35	37	18	45
Sample75	307	136	25	224	11	179	29	14	47	42
Sample76	349	100	142	88	93	53	51	45	25	39
Sample77	4	275	14	191	64	35	127	150	154	0
Sample78	117	295	43	215	50	0	87	0	59	118
Sample79	146	356	108	55	32	0	104	75	80	22
Sample80	73	42	479	0	10	221	61	28	52	6
Sample81	339	58	159	47	199	29	82	30	11	71
Sample82	287	53	194	112	105	89	57	0	7	80
Sample83	103	298	213	68	102	0	127	39	66	0
Sample84	177	296	173	85	48	27	87	62	70	9
Sample85	81	403	47	99	160	17	94	0	66	18
Sample86	141	314	188	83	102	0	59	22	67	39
Sample87	387	0	84	122	79	163	57	31	21	34
Sample88	339	140	45	98	116	82	93	65	22	23
Sample89	406	48	58	76	77	87	85	21	22	134
Sample90	412	83	85	123	19	19	132	49	29	49
Sample91	425	94	73	118	55	2	44	150	39	26
Sample92	330	52	139	74	44	151	44	69	66	39
Sample93	367	80	111	45	55	95	51	30	67	107
Sample94	314	26	165	77	68	161	113	71	14	20
Sample95	457	91	64	75	47	78	82	43	25	30
Sample96	412	30	7	240	54	54	66	31	27	59
Sample97	480	24	73	44	63	94	55	64	73	30
Sample98	280	30	126	0	185	77	125	132	15	48
Sample99	182	0	52	167	291	0	155	6	119	1
Sample100	400	0	194	45	33	70	102	60	65	23
Sample101	379	46	87	135	52	106	51	26	13	105
Sample102	42	289	85	210	91	94	74	13	56	13
Sample103	366	79	146	135	44	47	54	72	28	14
Sample104	4	0	230	331	77	64	154	0	66	66
Sample105	135	323	144	33	86	10	69	85	57	43
Sample106	413	58	23	88	62	177	76	9	11	91
Sample107	340	43	54	240	37	35	94	64	15	92
Sample108	359	10	93	84	160	140	51	9	6	88
Sample109	333	140	97	37	111	136	0	18	4	104
Sample110	61	345	114	73	146	10	70	40	116	26
Sample111	234	72	82	53	88	69	57	294	13	51
Sample112	358	64	170	78	72	30	95	95	25	21
Sample113	73	42	479	0	10	221	61	28	52	6
Sample114	44	224	74	240	36	72	92	35	109	42
Sample115	287	72	133	221	49	96	43	74	14	32
Sample116	400	56	126	29	62	76	56	35	168	0
Sample117	413	58	23	88	62	177	76	9	11	91
Sample118	389	22	148	117	76	87	96	2	14	64
Sample119	79	197	89	71	101	133	40	244	0	54
Sample120	429	115	37	190	15	0	50	88	26	35
Sample121	425	57	99	30	51	51	131	45	82	21
Sample122	314	184	91	74	114	126	19	15	16	66
Sample123	34	9	382	292	13	66	49	40	10	130
Sample124	23	386	78	142	92	47	68	0	54	77
Sample125	8	320	81	216	80	99	43	0	52	69
Sample126	376	60	114	1	165	100	73	77	26	23
Sample127	147	29	383	173	47	0	23	4	46	108
Sample128	318	44	150	194	91	103	50	29	9	30
Sample129	468	105	68	44	50	56	50	53	37	41
Sample130	450	0	98	102	60	114	24	42	25	65
Sample131	390	89	101	41	71	50	51	48	68	76
Sample132	415	25	105	71	79	87	61	61	28	48
Sample133	381	48	47	83	69	177	79	26	14	84
Sample134	463	58	69	105	70	119	12	38	21	34
Sample135	333	0	57	163	89	145	48	14	101	65
Sample136	368	71	77	67	74	180	36	40	66	29
Sample137	420	0	100	52	81	104	64	41	126	0
Sample138	156	380	76	69	41	0	98	85	72	7
Sample139	217	217	108	175	0	28	73	46	121	30
Sample140	181	76	37	131	65	87	36	283	38	74
Sample141	449	19	89	83	77	98	61	37	29	47
Sample142	177	70	84	32	72	158	55	316	5	27
Sample143	326	0	113	140	89	124	23	0	162	4
Sample144	57	479	73	115	109	22	45	24	60	1
Sample145	107	359	95	119	76	18	76	0	104	14
Sample146	402	31	85	92	75	118	119	39	23	30
Sample147	154	339	164	93	86	17	81	20	69	13
Sample148	425	45	111	48	57	84	129	49	23	29
Sample149	82	42	428	183	192	0	38	0	29	33
Sample150	283	35	178	0	162	95	106	86	13	27
Sample151	446	114	110	88	59	37	9	70	25	22
Sample152	358	68	16	157	88	152	75	11	66	17
Sample153	356	30	123	0	116	141	107	102	25	36
Sample154	42	279	162	137	54	106	49	0	83	63
Sample155	258	60	158	199	55	126	52	19	9	56
Sample156	365	78	80	60	72	229	25	35	12	52
Sample157	389	69	41	97	56	167	77	18	13	73
Sample158	421	96	90	22	48	90	81	45	75	24
Sample159	404	72	88	71	20	161	48	10	12	102
Sample160	148	389	49	108	74	6	68	3	68	56
Sample161	396	51	99	41	108	75	128	18	72	20
Sample162	42	302	22	231	6	0	84	134	131	56
Sample163	349	86	93	140	81	58	49	49	17	86
Sample164	463	4	147	109	72	4	69	66	29	22
Sample165	448	92	99	61	62	56	54	46	32	39
Sample166	348	61	30	140	191	122	7	0	60	41
Sample167	270	1	66	0	232	185	63	52	5	112
Sample168	0	158	340	244	48	0	67	53	17	44
Sample169	90	411	89	138	59	0	34	26	111	20
Sample170	420	67	138	30	37	15	96	81	91	25
Sample171	413	58	23	88	62	177	76	9	11	91
Sample172	133	366	96	61	66	28	102	58	63	6
Sample173	130	375	58	131	21	3	105	46	74	34
Sample174	479	77	81	21	38	25	90	86	87	24
Sample175	104	396	95	74	62	0	94	99	52	6
Sample176	38	0	180	251	124	99	110	0	113	93
Sample177	51	273	104	151	35	76	109	77	97	0
Sample178	303	93	98	158	93	65	51	0	60	87
Sample179	423	54	89	98	46	73	55	63	69	22
Sample180	145	116	460	0	58	112	17	42	29	39
Sample181	322	51	108	145	43	124	86	64	16	33
Sample182	0	190	53	61	116	51	45	221	173	98
Sample183	327	60	104	175	60	80	93	36	25	32
Sample184	41	297	103	129	133	135	34	0	40	62
Sample185	253	70	27	59	54	89	54	362	18	28
Sample186	327	162	75	229	32	0	46	52	20	57
Sample187	331	73	131	4	51	170	147	29	8	76
Sample188	81	328	138	173	45	11	125	35	71	17
Sample189	309	0	76	0	223	175	91	76	18	20
Sample190	469	50	71	66	56	60	97	48	29	40
Sample191	335	39	63	219	60	71	91	60	26	28
Sample192	387	28	60	93	59	120	52	34	65	94
Sample193	73	42	479	0	10	221	61	28	52	6
Sample194	86	359	81	107	90	0	94	96	67	40
Sample195	428	24	47	123	66	109	14	70	17	102
Sample196	90	14	477	151	56	0	67	0	102	75
Sample197	103	340	100	89	95	56	73	27	62	22
Sample198	439	47	83	33	57	60	131	43	77	22
Sample199	394	71	95	68	72	76	95	3	78	38
Sample200	385	49	88	5	71	155	103	98	61	20
Sample201	373	47	55	122	73	110	19	0	9	184
Sample202	100	375	107	100	63	26	71	42	60	24
Sample203	237	66	0	123	155	0	67	262	46	62
Sample204	407	60	104	67	59	72	133	25	26	35
Sample205	21	261	105	136	142	107	76	0	86	47
Sample206	256	3	278	62	204	24	80	34	38	58
Sample207	389	69	41	97	56	167	77	18	13	73
Sample208	337	0	135	124	17	154	98	44	55	17
Sample209	92	265	5	134	115	0	67	227	111	3
Sample210	137	377	5	112	143	50	0	0	89	66
Sample211	73	42	479	0	10	221	61	28	52	6
Sample212	107	288	129	78	110	0	84	75	76	26
Sample213	76	400	111	90	154	0	66	13	65	0
Sample214	404	36	112	50	41	87	95	29	65	81
Sample215	264	54	53	120	51	12	48	296	84	32
Sample216	134	7	107	195	252	45	47	54	136	17
Sample217	115	407	126	84	66	3	68	19	69	11
Sample218	459	11	63	59	77	114	60	56	28	61
Sample219	35	0	42	0	159	55	57	68	113	470
Sample220	77	325	39	58	65	0	86	224	135	0
Sample221	35	295	95	255	116	35	50	0	98	50
Sample222	401	34	0	245	72	115	46	24	20	59
Sample223	153	375	109	25	108	0	68	46	20	64
Sample224	56	398	42	172	159	0	25	6	104	13
Sample225	463	116	36	96	71	0	87	53	32	38
Sample226	439	7	153	21	66	34	74	72	82	31
Sample227	385	28	153	34	69	103	57	29	64	93
Sample228	356	51	18	26	166	151	65	46	95	0
Sample229	249	68	73	65	92	71	42	283	36	39
Sample230	321	91	44	268	77	59	50	35	15	40
Sample231	0	286	0	59	12	112	153	224	117	0
Sample232	464	52	52	36	106	10	129	10	76	79
Sample233	113	45	508	111	16	0	64	21	34	62
Sample234	450	46	28	90	61	125	48	48	68	44
Sample235	469	86	77	75	0	46	53	92	32	55
Sample236	343	38	47	166	50	80	121	20	156	1
Sample237	73	42	479	0	10	221	61	28	52	6
Sample238	98	0	417	145	68	53	16	0	145	100
Sample239	330	133	103	141	33	128	36	15	57	40
Sample240	444	33	100	73	70	55	56	82	29	58
Sample241	448	10	85	83	23	98	104	47	22	66
Sample242	29	72	388	27	89	31	0	170	74	110
Sample243	50	419	177	66	46	35	31	66	69	16
Sample244	416	90	95	52	95	69	48	40	71	16
Sample245	314	57	168	145	48	16	95	56	114	0
Sample246	387	0	103	50	75	18	115	61	79	98
Sample247	398	39	32	79	76	188	74	13	11	104
Sample248	296	54	49	135	170	87	43	0	5	176
Sample249	436	62	92	29	50	57	133	53	34	33
Sample250	111	308	105	174	109	0	119	25	28	51
Sample251	188	34	62	64	83	129	57	290	60	50
Sample252	416	58	100	23	59	83	89	36	66	78
Sample253	379	53	141	69	67	80	61	15	17	97
Sample254	412	43	73	74	60	88	93	45	76	16
Sample255	99	314	78	71	177	13	68	46	108	20
Sample256	73	42	479	0	10	221	61	28	52	6
Sample257	439	49	105	57	44	80	58	33	115	12
Sample258	384	123	36	93	63	12	161	56	32	48
Sample259	404	115	71	193	37	30	13	46	31	52
Sample260	482	0	59	116	85	25	0	59	129	30
Sample261	218	55	89	97	65	0	74	298	44	68
Sample262	22	421	55	160	163	0	54	0	54	57
Sample263	43	360	98	165	117	0	106	0	66	19
Sample264	413	58	23	88	62	177	76	9	11	91
Sample265	280	53	7	56	88	47	93	331	17	45
Sample266	372	50	139	65	55	62	139	28	24	45
Sample267	162	63	188	182	100	96	93	5	63	48
Sample268	346	27	36	162	82	154	58	6	14	104
Sample269	166	0	154	146	243	0	112	78	68	46
Sample270	35	0	42	0	159	55	57	68	113	470
Sample271	338	108	107	193	15	20	50	87	21	69
Sample272	167	29	33	171	89	105	42	260	3	86
Sample273	117	295	0	164	152	0	76	32	106	43
Sample274	362	41	89	34	122	86	87	32	72	75
Sample275	359	176	67	166	22	74	30	36	16	81
Sample276	223	239	109	126	0	0	148	35	83	45
Sample277	412	105	127	0	24	86	84	53	12	84
Sample278	385	107	103	85	81	63	89	21	19	32
Sample279	371	101	130	110	27	27	47	59	60	93
Sample280	437	13	80	22	71	66	104	46	129	12
Sample281	368	85	68	101	44	214	23	39	49	27
Sample282	4	290	176	173	83	18	56	66	67	44
Sample283	401	40	55	117	55	101	126	32	26	39
Sample284	54	403	55	183	145	1	62	4	54	14
Sample285	117	0	379	0	45	41	91	139	15	163
Sample286	55	150	105	27	26	110	119	186	194	43
Sample287	410	45	48	128	45	103	125	46	20	38
Sample288	315	56	63	0	88	187	62	50	144	11
Sample289	365	42	106	119	73	99	83	37	15	88
Sample290	105	352	136	115	90	0	114	18	69	30
Sample291	73	370	94	118	87	0	73	35	110	4
Sample292	464	41	35	126	5	83	126	76	32	20
Sample293	251	84	50	31	99	31	61	322	16	54
Sample294	400	107	65	109	104	62	43	38	26	46
Sample295	373	75	225	60	53	61	56	57	18	14
Sample296	116	286	252	60	0	36	68	11	118	72
Sample297	380	69	131	78	67	58	96	10	71	32
Sample298	99	22	476	172	48	0	19	0	37	150
Sample299	432	118	154	72	77	37	7	62	26	23
Sample300	320	10	225	90	191	0	85	18	37	40
Sample301	0	203	82	73	142	210	135	0	78	58
Sample302	385	59	69	83	57	67	134	24	26	88
Sample303	432	75	81	98	56	95	48	20	30	65
Sample304	281	53	127	125	26	127	86	100	28	55
Sample305	91	342	85	168	89	58	74	0	14	108
Sample306	175	336	77	9	54	0	109	92	116	9
Sample307	332	0	69	195	111	139	12	30	57	74
Sample308	317	112	18	267	13	116	36	10	1	129
Sample309	416	96	145	42	27	33	90	83	26	50
Sample310	427	70	100	80	23	56	94	58	68	16
Sample311	392	0	225	28	75	76	27	72	71	19
Sample312	301	38	123	0	208	156	32	67	14	49
Sample313	73	42	479	0	10	221	61	28	52	6
Sample314	259	0	0	77	93	79	94	299	77	39
Sample315	416	89	86	113	34	27	91	67	30	47
Sample316	396	58	56	159	49	59	56	44	69	54
Sample317	376	111	80	138	24	15	156	54	25	35
Sample318	18	79	349	0	53	118	0	175	41	147
Sample319	410	87	97	144	18	11	55	106	33	39
Sample320	218	75	100	1	92	49	90	300	41	51
Sample321	454	61	84	70	58	82	55	54	29	33
Sample322	113	356	42	67	132	37	62	27	148	0
Sample323	413	58	23	88	62	177	76	9	11	91
Sample324	119	354	67	98	51	1	106	54	116	11
Sample325	430	80	29	207	30	75	9	80	25	35
Sample326	338	70	56	73	104	124	75	32	12	134
Sample327	295	22	137	198	45	82	61	95	26	39
Sample328	20	337	137	74	170	20	109	2	104	15
Sample329	40	295	161	119	150	4	89	0	105	65
Sample330	354	1	133	102	22	135	60	58	114	6
Sample331	9	133	0	114	78	30	190	171	173	75
Sample332	196	62	35	112	89	87	65	276	47	39
Sample333	157	288	62	99	70	16	109	82	82	20
Sample334	421	52	64	143	46	47	98	57	28	30
Sample335	81	333	0	70	90	0	82	178	125	55
Sample336	204	98	115	9	98	62	87	283	40	23
Sample337	335	103	111	103	105	98	72	25	18	45
Sample338	0	125	389	0	53	37	33	124	30	193
Sample339	427	134	37	21	82	67	34	11	54	147
Sample340	380	87	92	153	94	119	5	29	16	33
Sample341	324	36	204	0	185	142	42	35	55	13
Sample342	86	126	70	167	58	99	31	243	84	26
Sample343	401	150	101	135	11	2	44	75	78	30
Sample344	389	69	41	97	56	167	77	18	13	73
Sample345	144	340	134	48	35	12	109	68	77	8
Sample346	66	449	27	176	112	24	47	39	15	29
Sample347	401	85	68	55	108	42	55	51	83	31
Sample348	100	215	86	161	0	0	119	187	145	0
Sample349	182	0	124	81	325	51	79	43	73	14
Sample350	421	43	156	76	49	10	74	73	35	42
Sample351	421	67	100	43	93	55	94	44	31	38
Sample352	237	35	63	79	60	45	71	322	81	25
Sample353	0	73	362	157	226	0	0	27	79	68
Sample354	142	320	13	92	175	0	67	40	66	66
Sample355	322	58	11	12	160	148	95	44	52	66
Sample356	456	58	99	41	71	99	14	43	16	93
Sample357	383	92	92	70	62	169	0	29	7	111
Sample358	259	14	70	4	209	160	63	144	12	66
Sample359	36	179	124	161	150	158	48	0	40	140
Sample360	470	93	72	99	39	74	9	64	75	20
Sample361	358	117	103	77	0	110	41	49	12	141
Sample362	376	54	87	177	43	55	93	58	24	25
Sample363	360	112	25	186	29	41	117	27	23	99
Sample364	185	197	84	55	45	65	91	90	112	59
Sample365	380	70	60	181	119	48	15	24	78	40
Sample366	398	42	71	103	117	113	43	23	11	96
Sample367	121	284	183	128	131	0	88	38	55	0
Sample368	435	117	42	135	32	38	46	49	73	25
Sample369	458	92	71	118	58	73	13	38	27	41
Sample370	434	52	73	39	57	79	94	39	23	96
Sample371	420	32	99	90	55	62	61	83	28	70
Sample372	364	6	101	82	68	121	97	18	3	148
Sample373	69	219	78	359	15	88	33	21	65	69
Sample374	445	112	80	90	21	20	48	89	77	18
Sample375	249	56	116	0	93	0	157	292	25	32
Sample376	0	378	57	134	144	106	48	9	46	62
Sample377	48	31	10	468	149	0	108	86	41	82
Sample378	160	324	49	106	89	51	73	13	59	44
Sample379	381	70	143	54	66	108	75	54	25	38
Sample380	0	155	14	129	120	67	105	175	251	0
Sample381	382	102	28	224	30	42	50	48	73	21
Sample382	125	175	0	168	14	0	123	213	139	60
Sample383	376	52	86	80	132	156	34	30	25	51
Sample384	305	41	137	74	124	134	111	51	16	35
Sample385	387	40	59	39	177	118	67	72	26	43
Sample386	67	227	69	191	68	160	48	0	90	114
Sample387	329	42	21	180	66	162	38	32	57	92
Sample388	407	62	82	41	117	78	86	43	74	18
Sample389	431	47	98	96	79	30	54	40	72	72
Sample390	256	41	77	11	211	196	126	19	7	32
Sample391	65	374	17	180	151	0	69	0	105	4
Sample392	430	0	27	142	63	137	15	43	79	56
Sample393	35	0	42	0	159	55	57	68	113	470
Sample394	127	49	396	165	32	0	57	42	35	61
Sample395	134	171	22	248	20	67	62	94	148	15
Sample396	408	46	125	35	65	49	93	78	80	29
Sample397	456	61	85	67	55	66	59	48	30	52
Sample398	391	10	177	57	97	69	55	41	63	66
Sample399	317	12	112	84	76	147	113	52	7	48
Sample400	123	379	148	126	2	0	76	100	26	55
Sample401	73	42	479	0	10	221	61	28	52	6
Sample402	419	53	77	64	97	80	94	42	23	37
Sample403	439	103	162	15	0	100	43	87	23	13
Sample404	273	45	111	122	37	186	75	64	2	98
Sample405	413	58	23	88	62	177	76	9	11	91
Sample406	182	286	33	82	104	0	147	0	113	41
Sample407	108	67	324	132	102	0	68	100	29	32
Sample408	153	79	231	24	0	91	212	22	174	0
Sample409	19	227	113	75	172	199	35	0	127	15
Sample410	420	31	94	106	49	83	59	71	20	59
Sample411	43	116	175	250	108	147	73	0	49	59
Sample412	406	79	104	52	53	29	137	18	79	28
Sample413	62	194	126	83	119	131	147	0	40	79
Sample414	132	353	98	124	128	0	81	0	71	41
Sample415	234	83	143	13	112	146	40	80	124	7
Sample416	78	12	370	301	76	19	12	9	122	20
Sample417	271	18	128	0	218	158	65	66	56	0
Sample418	73	42	479	0	10	221	61	28	52	6
Sample419	427	148	77	72	27	87	34	57	21	42
Sample420	189	22	115	113	67	19	85	339	10	54
Sample421	91	315	68	79	144	67	68	0	143	0
Sample422	169	21	77	0	92	98	163	297	67	20
Sample423	375	70	171	59	66	56	99	23	26	44
Sample424	169	350	60	50	30	15	140	35	69	68
Sample425	404	91	46	201	34	33	52	56	29	54
Sample426	432	44	109	62	57	59	95	48	78	8
Sample427	139	0	55	30	113	217	57	233	0	159
Sample428	349	45	131	154	10	68	65	31	15	111
Sample429	373	114	43	170	26	15	48	61	70	80
Sample430	73	42	479	0	10	221	61	28	52	6
Sample431	400	19	108	10	75	147	89	48	72	32
Sample432	426	69	96	94	132	0	93	33	34	31
Sample433	35	0	42	0	159	55	57	68	113	470
Sample434	412	79	149	53	48	63	54	59	33	42
Sample435	48	31	10	468	149	0	108	86	41	82
Sample436	343	90	37	167	44	150	76	21	13	67
Sample437	352	0	156	155	70	97	65	42	71	0
Sample438	259	48	11	43	267	195	47	71	14	30
Sample439	111	259	51	130	104	0	122	23	117	56
Sample440	106	360	119	121	91	4	119	4	31	61
Sample441	319	66	189	180	30	42	25	69	15	43
Sample442	408	67	186	74	94	0	70	34	36	12
Sample443	132	128	187	345	84	0	59	35	9	21
Sample444	385	149	101	20	22	92	30	92	111	14
Sample445	379	13	109	69	94	157	79	57	22	34
Sample446	437	98	121	56	43	70	50	56	31	30
Sample447	22	268	13	220	104	0	99	175	85	33
Sample448	414	8	104	89	71	126	55	46	66	6
Sample449	16	365	5	227	120	56	96	0	62	24
Sample450	416	19	82	130	25	69	27	60	123	28
Sample451	367	109	66	163	73	1	119	57	33	26
Sample452	209	95	32	18	92	109	84	247	0	122
Sample453	442	78	79	98	40	54	16	71	75	25
Sample454	132	289	0	124	11	0	90	233	135	0
Sample455	83	420	158	60	136	0	70	5	17	74
Sample456	367	67	193	0	47	62	95	82	68	0
Sample457	396	8	106	28	139	63	105	150	24	0
Sample458	385	0	98	96	87	128	128	36	23	27
Sample459	370	97	44	201	75	0	54	53	77	21
Sample460	151	76	85	21	91	146	55	251	18	124
Sample461	214	85	108	281	52	88	89	3	6	82
Sample462	364	19	101	84	72	106	97	15	17	125
Sample463	114	277	68	101	75	66	82	3	100	81
Sample464	414	86	96	70	58	57	57	26	83	25
Sample465	445	153	75	15	28	45	44	56	27	92
Sample466	331	105	140	208	17	3	59	51	75	11
Sample467	114	164	155	164	62	59	108	0	111	83
Sample468	495	9	68	119	66	37	72	48	29	38
Sample469	413	8	152	72	86	75	61	57	26	42
Sample470	408	98	79	86	87	81	80	31	25	25
Sample471	201	255	31	152	63	55	87	18	65	101
Sample472	193	396	79	111	30	0	75	24	71	56
Sample473	344	85	96	96	111	94	5	30	157	0
Sample474	377	39	114	0	106	133	111	69	58	14
Sample475	0	25	372	303	112	21	0	28	74	35
Sample476	73	60	392	159	54	0	129	0	38	113
Sample477	423	96	46	78	65	95	48	16	87	35
Sample478	452	143	70	76	15	29	49	80	31	35
Sample479	301	105	57	305	29	44	82	31	19	42
Sample480	87	404	22	138	117	31	24	0	56	101
Sample481	425	6	159	0	67	23	185	59	34	28
Sample482	450	32	162	44	14	60	103	83	31	0
Sample483	400	68	100	57	85	61	86	29	67	61
Sample484	417	45	103	62	51	64	99	54	23	68
Sample485	436	52	42	101	57	102	92	33	27	44
Sample486	451	95	117	80	0	57	98	10	27	54
Sample487	116	239	7	192	129	33	84	29	103	51
Sample488	357	51	69	149	54	147	11	26	54	90
Sample489	436	71	102	76	50	71	56	67	32	11
Sample490	413	58	23	88	62	177	76	9	11	91
Sample491	0	387	21	207	153	93	50	0	52	16
Sample492	0	264	0	159	0	110	64	215	153	52
Sample493	311	63	27	185	107	133	33	89	67	8
Sample494	27	245	146	74	156	51	123	4	142	1
Sample495	344	75	157	80	96	63	94	22	20	30
Sample496	175	45	86	96	341	18	109	29	67	6
Sample497	156	124	204	62	0	104	129	0	176	37
Sample498	92	369	113	82	88	0	60	66	142	0
Sample499	359	92	138	69	43	111	46	59	18	57
Sample500	2	142	333	0	45	22	94	112	32	231
Sample501	20	32	404	0	63	33	25	170	140	121
Sample502	419	71	42	132	41	84	86	50	25	42
Sample503	415	156	52	72	104	19	108	32	26	29
Sample504	383	140	2	190	52	43	109	41	22	36
Sample505	378	25	155	45	87	169	39	49	14	55
Sample506	146	141	135	0	155	83	90	55	121	48
Sample507	426	21	74	141	88	31	72	18	31	78
Sample508	365	85	103	100	62	56	91	31	79	28
Sample509	0	190	32	189	76	143	93	177	59	55
Sample510	229	43	84	32	293	127	64	44	56	12
Sample511	151	125	50	136	9	68	80	277	1	118
Sample512	318	75	65	216	84	128	37	26	52	24
Sample513	438	0	94	90	82	123	62	37	22	40
Sample514	165	10	25	241	75	9	99	270	15	117
Sample515	327	49	113	48	65	99	92	0	56	151
Sample516	106	73	87	36	159	133	88	248	29	49
Sample517	399	72	49	160	95	108	45	22	18	40
Sample518	404	65	125	110	49	52	57	58	27	38
Sample519	444	22	143	71	112	73	19	65	30	21
Sample520	418	109	101	56	43	103	42	45	26	49
Sample521	400	17	73	168	60	0	30	94	132	18
Sample522	321	57	46	0	195	115	58	85	18	84
Sample523	196	356	1	95	91	25	68	26	75	46
Sample524	283	72	121	101	36	211	38	31	53	62
Sample525	200	31	67	98	121	57	47	282	44	61
Sample526	327	66	97	160	0	80	100	30	22	97
Sample527	132	70	95	26	144	94	80	302	0	65
Sample528	73	42	479	0	10	221	61	28	52	6
Sample529	390	53	131	77	36	50	101	84	28	29
Sample530	147	132	208	71	84	78	95	0	119	51
Sample531	398	100	59	56	135	76	42	17	17	92
Sample532	216	47	41	64	111	71	65	335	19	44
Sample533	295	60	220	148	52	60	72	26	18	28
Sample534	119	317	43	133	93	47	111	0	101	2
Sample535	273	7	92	115	118	217	105	13	49	35
Sample536	250	117	163	160	141	43	53	4	24	45
Sample537	407	61	60	129	52	58	54	42	119	10
Sample538	343	32	80	90	107	140	53	21	109	17
Sample539	166	21	204	158	219	0	22	97	72	55
Sample540	77	130	145	21	118	104	70	263	18	69
Sample541	328	31	183	19	115	67	99	31	119	0
Sample542	26	359	95	97	150	14	104	0	102	27
Sample543	386	60	164	46	41	95	50	94	24	40
Sample544	384	64	128	30	0	86	98	5	13	172
Sample545	221	20	3	49	170	126	75	305	12	45
Sample546	128	297	170	113	73	7	89	41	74	42
Sample547	508	64	19	63	74	28	16	66	37	104
Sample548	93	0	369	207	83	0	54	54	80	86
Sample549	96	104	395	0	146	16	21	65	157	0
Sample550	432	11	110	80	76	104	63	41	31	40
Sample551	411	57	107	52	54	66	64	51	77	40
Sample552	396	61	69	134	66	64	89	57	28	36
Sample553	337	38	148	106	71	122	53	1	15	93
Sample554	355	67	95	152	56	84	58	5	64	64
Sample555	160	357	145	3	63	0	63	63	97	34
Sample556	407	66	103	101	48	51	123	48	26	47
Sample557	421	84	83	73	130	79	52	15	21	29
Sample558	389	15	95	130	88	128	15	40	26	59
Sample559	259	108	155	93	128	87	46	0	9	115
Sample560	320	38	56	0	190	207	58	42	7	59
Sample561	35	0	42	0	159	55	57	68	113	470
Sample562	381	24	35	183	67	122	89	35	19	53
Sample563	115	362	82	71	133	0	99	61	61	0
Sample564	429	2	105	62	76	96	101	48	30	30
Sample565	402	0	207	98	7	87	25	106	9	73
Sample566	435	81	51	129	3	32	123	84	44	37
Sample567	444	0	115	47	90	98	29	55	80	15
Sample568	101	16	440	0	55	0	62	170	72	53
Sample569	178	107	88	60	270	91	86	14	59	41
Sample570	439	97	107	88	1	45	55	30	75	55
Sample571	446	51	104	150	52	0	63	51	38	30
Sample572	339	75	33	3	205	134	23	101	59	0
Sample573	68	113	360	206	106	3	34	29	25	80
Sample574	382	111	171	54	63	28	57	70	23	21
Sample575	179	74	89	61	75	33	43	352	43	68
Sample576	35	0	42	0	159	55	57	68	113	470
Sample577	401	116	142	0	29	79	38	115	26	54
Sample578	383	146	57	163	33	0	37	88	78	29
Sample579	125	408	107	98	47	0	28	52	98	20
Sample580	468	121	55	103	35	39	13	71	32	44
Sample581	344	10	133	143	74	161	52	0	0	91
Sample582	63	122	112	115	131	125	53	229	25	29
Sample583	375	35	79	157	82	82	56	36	27	63
Sample584	146	370	84	88	87	0	44	24	78	46
Sample585	35	0	42	0	159	55	57	68	113	470
Sample586	373	43	92	65	39	81	97	70	18	122
Sample587	9	97	0	162	179	4	115	209	222	28
Sample588	418	6	154	32	64	75	99	69	72	3
Sample589	150	318	108	119	58	0	89	14	69	89
Sample590	0	181	100	221	181	140	79	5	41	26
Sample591	407	52	173	32	111	54	60	59	28	4
Sample592	118	386	121	114	114	0	76	12	69	25
Sample593	0	174	152	121	131	172	73	62	0	87
Sample594	264	45	59	0	180	176	126	23	50	64
Sample595	382	69	122	93	21	101	47	112	17	44
Sample596	204	134	16	96	70	14	75	279	104	30
Sample597	0	249	72	192	0	0	116	225	104	50
Sample598	372	95	101	7	117	76	105	95	32	35
Sample599	418	56	84	112	58	79	88	44	25	28
Sample600	157	20	102	0	99	111	88	325	9	94
Sample601	443	102	75	110	40	64	10	53	69	26
Sample602	283	47	143	123	67	140	47	68	3	87
Sample603	174	118	137	68	180	0	99	97	117	18
Sample604	382	60	17	217	51	93	84	11	21	78
Sample605	354	37	57	97	143	164	71	29	22	42
Sample606	381	85	71	75	106	165	0	77	20	38
Sample607	339	21	98	77	137	113	75	88	73	6
Sample608	388	90	141	121	50	46	54	25	27	42
Sample609	405	96	52	149	84	48	48	42	26	35
Sample610	122	250	0	150	59	0	71	231	131	0
Sample611	355	61	21	212	34	77	127	46	20	55
Sample612	283	25	0	57	238	166	85	48	9	70
Sample613	410	43	54	120	119	17	61	20	123	33
Sample614	137	124	64	30	154	147	15	264	63	9
Sample615	429	34	40	137	75	116	12	49	28	65
Sample616	358	65	96	145	44	42	137	33	27	32
Sample617	54	316	0	161	74	24	78	195	113	0
Sample618	463	71	98	42	77	44	88	50	32	35
Sample619	394	65	136	136	11	52	100	41	26	28
Sample620	447	87	25	141	45	117	7	38	26	47
Sample621	413	85	127	27	44	37	91	55	82	31
Sample622	453	94	112	43	46	43	88	51	30	32
Sample623	357	58	128	0	194	94	70	84	23	21
Sample624	39	375	147	110	100	0	106	22	58	15
Sample625	259	7	35	0	230	156	189	80	13	25
Sample626	246	112	20	223	56	179	96	12	17	63
Sample627	225	149	33	26	74	90	18	268	1	136
Sample628	250	33	91	0	262	112	85	94	90	0
Sample629	465	56	52	96	97	0	94	58	83	7
Sample630	40	55	423	236	145	0	45	9	10	0
Sample631	372	89	120	74	45	95	85	63	22	21
Sample632	391	44	89	111	54	51	95	43	122	8
Sample633	118	332	62	130	51	49	50	4	103	69
Sample634	39	334	20	254	77	78	70	0	55	47
Sample635	467	56	44	87	56	66	55	63	32	59
Sample636	467	90	16	106	57	97	47	29	29	50
Sample637	372	85	90	72	53	136	36	62	10	99
Sample638	436	99	116	53	94	49	49	34	32	38
Sample639	378	84	101	197	33	36	18	64	25	42
Sample640	179	247	60	58	47	95	74	84	98	38
Sample641	345	140	98	204	63	22	13	5	66	36
Sample642	418	82	96	122	54	59	53	58	26	21
Sample643	200	24	92	40	124	51	71	291	111	10
Sample644	192	236	90	134	97	0	101	13	125	40
Sample645	463	68	133	37	40	56	60	79	23	22
Sample646	32	266	0	240	71	0	77	204	107	16
Sample647	106	385	60	161	42	0	61	81	66	23
Sample648	0	263	110	67	93	0	111	194	164	0
Sample649	254	144	119	105	77	217	21	4	0	59
Sample650	183	24	41	390	21	42	103	34	127	43
Sample651	362	57	43	120	93	121	44	24	14	114
Sample652	324	101	37	250	33	50	46	39	112	26
Sample653	342	71	135	147	0	105	52	58	60	22
Sample654	73	249	115	243	110	42	59	0	52	84
Sample655	417	113	106	31	18	83	77	96	25	26
Sample656	405	105	69	190	23	86	46	29	15	32
Sample657	368	76	82	232	77	31	0	68	19	32
Sample658	187	43	395	203	22	0	54	47	36	54
Sample659	278	155	35	0	218	174	42	31	0	41
Sample660	67	200	52	134	0	0	113	279	172	0
Sample661	103	362	92	107	63	3	75	48	111	3
Sample662	139	341	105	65	134	12	109	20	22	22
Sample663	376	47	107	1	125	115	74	99	66	5
Sample664	434	42	128	48	66	67	58	48	76	18
Sample665	139	104	185	16	97	49	63	288	16	59
Sample666	77	383	13	80	0	2	107	166	88	89
Sample667	140	36	504	150	29	0	64	27	34	48
Sample668	448	53	42	182	66	52	64	2	29	51
Sample669	245	100	51	63	24	40	112	339	11	22
Sample670	196	178	126	94	0	1	188	50	82	100
Sample671	63	289	38	148	119	84	94	0	126	33
Sample672	392	68	123	26	51	136	82	41	19	70
Sample673	419	71	42	132	41	84	86	50	25	42
Sample674	220	0	106	72	193	118	97	154	48	0
Sample675	414	67	134	62	59	64	56	74	30	25
Sample676	112	61	60	205	94	108	94	239	0	43
Sample677	359	61	134	200	51	0	66	64	31	49
Sample678	214	38	92	121	215	105	66	106	8	43
Sample679	355	0	84	0	153	150	72	62	99	0
Sample680	444	81	79	95	36	47	58	73	29	37
Sample681	373	89	100	0	44	152	37	43	102	60
Sample682	385	118	91	0	42	147	68	46	66	29
Sample683	377	63	155	58	98	55	56	50	73	0
Sample684	460	73	110	46	105	51	50	28	29	40
Sample685	95	223	13	141	74	0	140	145	137	43
Sample686	334	0	181	51	112	168	14	26	9	113
Sample687	341	28	59	60	67	224	37	11	41	140
Sample688	370	59	18	239	46	84	51	38	16	71
Sample689	413	58	23	88	62	177	76	9	11	91
Sample690	38	295	19	153	51	0	98	166	197	0
Sample691	466	89	156	34	8	26	28	41	82	41
Sample692	311	168	97	188	16	60	2	40	66	60
Sample693	420	85	35	109	41	85	89	40	34	48
Sample694	452	13	147	62	67	3	146	53	36	21
Sample695	388	29	126	77	63	57	99	44	80	37
Sample696	401	70	71	142	31	80	52	35	12	91
Sample697	115	301	104	78	61	82	74	0	56	106
Sample698	369	98	0	214	75	100	4	66	28	27
Sample699	92	337	115	53	80	0	69	70	192	0
Sample700	167	341	102	91	96	0	42	0	109	86
Sample701	405	73	113	59	63	68	50	29	70	85
Sample702	367	42	42	76	54	136	150	20	59	67
Sample703	284	117	84	19	182	54	55	158	60	0
Sample704	398	39	32	79	76	188	74	13	11	104
Sample705	131	346	21	211	48	32	40	2	58	79
Sample706	352	47	185	159	60	67	20	52	27	31
Sample707	443	17	117	65	79	101	61	39	29	38
Sample708	116	266	125	96	113	50	39	100	63	19
Sample709	86	99	373	0	49	61	8	122	47	156
Sample710	373	85	95	205	42	42	19	37	24	56
Sample711	59	281	0	163	91	88	62	19	125	99
Sample712	0	114	442	0	56	11	79	173	12	94
Sample713	453	43	50	122	28	120	56	25	28	64
Sample714	137	271	99	182	93	0	94	24	74	41
Sample715	349	43	77	27	75	135	117	18	65	121
Sample716	299	50	79	183	93	111	88	26	17	54
Sample717	73	42	479	0	10	221	61	28	52	6
Sample718	34	350	160	41	103	48	65	40	139	0
Sample719	166	247	148	86	61	0	55	113	70	88
Sample720	359	53	143	68	63	39	57	124	79	0
Sample721	427	75	46	116	34	113	88	27	20	41
Sample722	11	266	143	182	67	92	89	0	99	66
Sample723	446	70	129	0	47	6	91	60	164	0
Sample724	389	22	148	117	76	87	96	2	14	64
Sample725	88	277	101	90	108	40	110	27	140	20
Sample726	87	323	67	108	134	0	114	35	75	24
Sample727	328	78	130	115	68	97	94	8	22	48
Sample728	394	111	126	23	80	126	68	52	19	17
Sample729	208	161	158	90	11	104	85	0	169	0
Sample730	56	258	182	106	105	63	89	34	61	29
Sample731	175	314	139	71	102	14	82	34	69	34
Sample732	318	93	140	155	51	99	47	20	18	51
Sample733	401	40	88	17	46	66	99	78	74	77
Sample734	320	59	26	166	119	160	43	35	26	29
Sample735	428	112	74	92	33	25	46	101	75	14
Sample736	352	22	83	119	24	145	53	0	4	198
Sample737	166	69	37	184	239	61	111	0	68	47
Sample738	73	315	0	207	0	0	102	160	107	55
Sample739	454	133	65	57	31	21	90	58	45	33
Sample740	355	157	122	35	38	95	79	19	23	57
Sample741	432	102	94	32	44	104	44	67	28	41
Sample742	160	117	39	84	87	64	86	254	117	8
Sample743	368	100	61	237	23	17	52	80	24	23
Sample744	377	58	136	93	104	129	12	39	17	23
Sample745	311	65	233	59	119	0	114	40	36	43
Sample746	395	30	132	63	35	48	29	120	76	52
Sample747	0	194	113	186	65	0	73	179	130	74
Sample748	57	289	110	81	147	47	110	13	101	25
Sample749	458	114	98	45	44	51	55	61	32	23
Sample750	126	240	105	134	32	84	93	36	159	19
Sample751	376	115	53	125	43	131	31	23	59	62
Sample752	73	42	479	0	10	221	61	28	52	6
Sample753	378	24	100	20	102	57	137	44	30	94
Sample754	435	60	100	31	54	60	98	49	80	19
Sample755	437	69	105	83	46	75	53	56	20	41
Sample756	389	69	41	97	56	167	77	18	13	73
Sample757	128	297	104	47	72	0	79	66	145	45
Sample758	86	341	95	105	103	1	79	30	72	73
Sample759	355	68	108	0	95	148	67	125	21	35
Sample760	430	123	131	100	15	9	16	74	75	12
Sample761	381	48	47	83	69	177	79	26	14	84
Sample762	390	52	90	29	95	74	88	40	68	74
Sample763	388	50	96	93	59	66	55	50	79	49
Sample764	122	256	131	68	14	67	125	65	68	54
Sample765	389	33	157	70	91	111	53	51	26	19
Sample766	506	78	123	0	54	12	63	61	37	46
Sample767	214	220	123	41	0	68	116	1	184	15
Sample768	320	95	53	275	41	54	47	21	72	37
Sample769	369	43	115	0	186	64	102	82	20	0
Sample770	343	81	163	98	47	27	139	25	22	33
Sample771	411	44	81	63	59	136	79	45	10	98
Sample772	312	76	119	156	32	79	52	51	12	95
Sample773	298	89	56	207	97	80	90	0	22	41
Sample774	367	59	141	18	43	83	54	66	15	134
Sample775	274	0	80	102	222	69	82	46	78	25
Sample776	73	42	479	0	10	221	61	28	52	6
Sample777	4	281	60	98	46	28	65	181	119	132
Sample778	423	35	122	80	64	30	34	35	135	34
Sample779	47	360	57	111	30	72	130	10	95	67
Sample780	315	101	117	69	86	154	67	25	55	25
Sample781	339	53	116	93	139	111	117	13	20	12
Sample782	477	54	69	82	56	64	59	50	27	42
Sample783	399	86	158	20	101	57	88	49	25	17
Sample784	222	22	117	14	78	81	66	336	77	1
Sample785	329	40	112	146	58	144	117	31	15	26
Sample786	412	60	104	60	81	49	54	82	77	6
Sample787	297	107	132	228	44	97	47	0	3	53
Sample788	65	265	87	77	153	40	108	3	109	75
Sample789	197	321	27	70	77	60	66	82	73	0
Sample790	385	85	145	60	13	40	94	72	23	83
Sample791	414	68	59	219	0	36	61	26	30	95
Sample792	246	71	215	28	70	154	39	50	52	109
Sample793	89	59	284	302	96	0	0	79	34	80
Sample794	279	0	0	102	194	205	61	55	15	56
Sample795	336	94	58	136	82	90	40	47	64	70
Sample796	17	61	71	233	248	151	60	44	3	100
Sample797	388	19	119	109	56	60	61	69	25	94
Sample798	116	328	51	251	89	0	85	8	26	68
Sample799	34	335	102	87	91	55	105	22	52	91
Sample800	417	117	134	32	19	88	39	96	25	25
Sample801	372	28	95	109	69	129	51	16	16	115
Sample802	35	37	133	141	82	82	155	60	165	79
Sample803	369	29	74	137	60	96	91	67	24	61
Sample804	398	112	105	103	23	84	37	78	21	57
Sample805	475	77	66	86	59	86	15	46	26	45
Sample806	421	97	65	172	40	35	17	66	33	44
Sample807	398	39	32	79	76	188	74	13	11	104
Sample808	179	59	229	111	188	79	56	18	20	31
Sample809	73	471	55	35	56	96	37	23	48	87
Sample810	410	41	106	139	61	76	19	57	66	10
Sample811	439	117	104	31	40	71	42	46	20	90
Sample812	371	106	121	56	42	75	150	76	17	12
Sample813	468	63	129	4	54	32	99	72	34	24
Sample814	426	93	159	9	51	27	96	48	43	34
Sample815	404	46	67	111	58	53	131	54	30	46
Sample816	130	405	97	1	59	0	125	13	104	46
Sample817	377	20	136	0	82	112	147	94	32	34
Sample818	27	141	448	0	17	28	10	174	55	93
Sample819	353	118	0	15	87	144	80	50	47	89
Sample820	336	35	110	0	157	110	72	93	60	3
Sample821	386	46	140	75	100	110	48	30	63	21
Sample822	376	39	140	116	74	74	57	54	20	34
Sample823	377	45	154	99	34	86	98	50	13	44
Sample824	475	77	66	86	59	86	15	46	26	45
Sample825	93	152	202	57	133	100	91	44	54	54
Sample826	0	232	176	134	128	46	86	32	88	52
Sample827	336	100	90	151	96	123	3	23	60	26
Sample828	380	94	44	128	83	99	36	97	24	23
Sample829	416	53	128	25	51	57	129	49	80	4
Sample830	18	242	103	78	22	31	101	214	147	53
Sample831	449	0	134	63	83	88	64	56	25	17
Sample832	198	341	136	59	95	0	46	47	78	27
Sample833	353	70	70	70	69	229	28	44	12	47
Sample834	291	73	125	140	44	88	84	81	23	64
Sample835	73	42	479	0	10	221	61	28	52	6
Sample836	427	71	195	65	33	21	0	103	38	32
Sample837	143	342	86	68	125	0	107	34	74	9
Sample838	442	38	167	35	69	57	63	62	29	17
Sample839	338	85	79	265	26	48	43	65	25	44
Sample840	36	0	56	0	170	42	54	70	109	471
Sample841	192	255	79	97	98	22	114	51	66	7
Sample842	403	0	131	115	65	78	60	76	29	62
Sample843	73	42	479	0	10	221	61	28	52	6
Sample844	459	30	106	98	62	29	103	49	31	25
Sample845	145	460	93	29	10	0	61	38	73	57
Sample846	215	35	80	0	91	120	118	280	76	0
Sample847	291	26	81	4	194	126	63	127	17	72
Sample848	355	51	101	114	58	194	43	28	9	55
Sample849	165	55	55	93	100	84	88	304	40	29
Sample850	39	83	334	379	0	0	42	67	11	44
Sample851	265	125	225	72	56	0	88	38	68	77
Sample852	285	101	145	183	27	48	17	34	66	102
Sample853	159	322	71	86	91	7	108	51	75	17
Sample854	212	82	0	166	194	213	17	10	45	29
Sample855	73	42	479	0	10	221	61	28	52	6
Sample856	398	39	32	79	76	188	74	13	11	104
Sample857	13	147	355	0	104	37	0	169	57	98
Sample858	483	117	60	62	34	47	50	57	30	40
Sample859	146	64	92	49	75	101	67	292	0	122
Sample860	355	58	53	61	58	197	35	16	1	158
Sample861	389	69	41	97	56	167	77	18	13	73
Sample862	404	48	133	71	36	25	134	101	32	24
Sample863	406	62	116	106	50	56	58	57	24	57
Sample864	420	76	104	42	42	36	92	62	124	2
Sample865	60	408	62	113	133	12	61	25	12	81
Sample866	471	110	89	76	24	28	48	83	31	40
Sample867	421	34	157	29	57	69	96	65	27	45
Sample868	51	49	400	183	120	0	81	44	24	11
Sample869	115	0	122	303	121	48	24	101	70	116
Sample870	449	34	99	22	124	0	131	68	45	42
Sample871	27	13	124	411	202	4	112	0	70	56
Sample872	73	42	479	0	10	221	61	28	52	6
Sample873	105	336	125	155	125	0	85	0	63	40
Sample874	398	39	32	79	76	188	74	13	11	104
Sample875	252	33	89	169	107	37	40	0	148	87
Sample876	392	99	158	80	28	40	100	20	28	34
Sample877	73	42	479	0	10	221	61	28	52	6
Sample878	114	372	0	82	45	0	49	198	155	0
Sample879	102	64	360	165	120	0	73	42	22	33
Sample880	0	25	372	303	112	21	0	28	74	35
Sample881	318	83	84	21	99	136	108	21	108	37
Sample882	385	79	45	94	59	141	35	16	150	13
Sample883	230	130	218	0	48	54	132	14	134	25
Sample884	407	87	195	29	94	6	22	40	87	48
Sample885	417	48	62	52	122	81	50	35	121	12
Sample886	272	73	40	190	45	226	33	0	42	94
Sample887	333	78	94	108	69	63	89	68	80	10
Sample888	444	41	128	47	6	143	57	43	21	49
Sample889	20	276	162	58	120	58	111	0	50	125
Sample890	398	39	32	79	76	188	74	13	11	104
Sample891	382	67	146	45	43	83	48	95	69	22
Sample892	402	12	70	102	70	122	97	27	29	49
Sample893	329	136	42	179	120	78	39	0	21	48
Sample894	240	16	101	0	234	75	104	85	10	123
Sample895	179	58	120	11	98	88	63	336	43	20
Sample896	82	378	70	43	165	11	29	0	55	144
Sample897	384	55	40	171	58	125	15	41	27	56
Sample898	35	0	42	0	159	55	57	68	113	470
Sample899	442	60	135	91	18	48	59	87	24	28
Sample900	19	216	135	139	123	111	125	0	99	0
Sample901	399	98	128	123	45	57	45	50	31	42
Sample902	380	63	138	71	101	76	53	68	23	27
Sample903	408	11	55	0	128	133	105	79	20	35
Sample904	418	6	153	65	12	83	98	83	68	28
Sample905	323	68	36	124	98	57	49	19	102	124
Sample906	383	144	105	72	94	20	90	50	29	0
Sample907	450	57	96	74	39	49	60	89	32	33
Sample908	335	56	57	72	138	103	80	0	101	80
Sample909	393	38	133	13	57	68	88	65	71	88
Sample910	0	214	61	131	54	108	69	183	113	73
Sample911	392	98	52	120	36	142	37	51	17	47
Sample912	436	40	96	40	55	64	99	57	78	14
Sample913	96	263	74	56	134	81	79	33	96	69
Sample914	100	209	251	253	44	0	89	22	9	4
Sample915	375	26	109	136	11	68	74	48	64	69
Sample916	211	120	133	0	39	76	54	298	30	38
Sample917	357	33	135	102	51	63	130	76	21	46
Sample918	520	10	114	3	20	76	99	100	35	10
Sample919	231	55	103	41	51	57	107	308	12	21
Sample920	89	312	59	177	115	19	76	12	61	54
Sample921	365	207	54	0	36	147	41	79	92	3
Sample922	332	103	79	114	88	159	73	0	10	50
Sample923	396	71	100	95	61	164	3	35	17	43
Sample924	0	212	373	0	44	18	0	119	48	167
Sample925	317	36	133	88	50	136	83	96	12	72
Sample926	460	2	100	98	66	41	73	53	78	9
Sample927	375	66	159	104	44	35	95	66	26	30
Sample928	0	382	93	84	156	49	58	0	138	16
Sample929	350	68	163	87	89	38	86	62	71	0
Sample930	280	151	97	0	186	105	50	30	7	69
Sample931	73	42	479	0	10	221	61	28	52	6
Sample932	376	46	83	75	123	96	14	34	119	26
Sample933	285	115	80	95	166	0	94	151	28	7
Sample934	38	0	77	0	130	71	47	79	105	467
Sample935	449	60	90	44	6	63	99	55	36	86
Sample936	250	42	137	0	227	107	85	122	48	0
Sample937	40	63	80	166	141	155	77	237	23	21
Sample938	432	80	101	59	97	70	12	39	74	21
Sample939	390	34	179	50	71	68	102	19	27	45
Sample940	151	131	106	0	79	120	72	315	9	16
Sample941	73	42	479	0	10	221	61	28	52	6
Sample942	131	84	334	2	54	12	10	216	49	123
Sample943	58	389	127	172	61	49	67	48	53	14
Sample944	408	39	170	122	39	77	26	58	39	57
Sample945	455	90	104	40	49	37	54	49	85	22
Sample946	166	45	52	39	91	164	57	318	0	76
Sample947	146	141	60	99	51	99	70	304	0	46
Sample948	408	16	88	71	92	102	57	40	75	36
Sample949	310	45	33	5	210	141	22	100	7	101
Sample950	73	42	479	0	10	221	61	28	52	6
Sample951	318	38	91	91	63	202	36	26	0	143
Sample952	129	97	149	0	91	99	110	270	35	20
Sample953	416	89	86	113	34	27	91	67	30	47
Sample954	347	92	176	0	48	156	71	60	16	26
Sample955	358	79	118	191	57	14	0	52	81	27
Sample956	467	58	137	65	51	44	20	83	32	28
Sample957	52	311	50	132	99	38	30	77	126	100
Sample958	363	156	80	149	49	74	66	32	9	36
Sample959	423	78	150	112	46	4	54	62	75	15
Sample960	86	101	89	67	136	172	15	245	0	108
Sample961	327	33	97	158	37	45	124	100	77	22
Sample962	392	34	112	169	43	59	0	85	73	25
Sample963	82	76	22	158	274	64	91	55	87	109
Sample964	73	42	479	0	10	221	61	28	52	6
Sample965	167	324	114	98	95	0	79	12	68	25
Sample966	115	313	176	120	43	35	54	66	63	30
Sample967	11	0	319	280	72	0	82	89	23	104
Sample968	86	243	42	56	32	0	190	152	207	0
Sample969	310	145	35	0	166	100	46	55	11	106
Sample970	70	344	6	168	91	59	98	13	135	0
Sample971	35	0	42	0	159	55	57	68	113	470
Sample972	302	77	237	73	179	5	30	30	37	38
Sample973	73	42	479	0	10	221	61	28	52	6
Sample974	388	43	95	95	64	108	91	19	24	81
Sample975	73	42	479	0	10	221	61	28	52	6
Sample976	105	296	118	89	24	0	117	80	158	0
Sample977	412	86	41	163	134	0	54	17	76	25
Sample978	401	72	77	104	32	14	98	103	42	43
Sample979	49	129	361	0	47	0	75	133	65	123
Sample980	42	71	188	266	174	0	101	0	54	115
Sample981	346	90	84	221	45	52	15	51	32	42
Sample982	399	38	69	111	55	111	127	36	23	23
Sample983	415	15	20	65	44	154	119	21	104	66
Sample984	413	58	23	88	62	177	76	9	11	91
Sample985	104	314	142	80	102	0	117	6	117	6
Sample986	174	346	96	107	40	0	116	26	73	49
Sample987	110	193	102	284	0	37	78	5	170	29
Sample988	453	108	120	70	91	0	85	42	30	15
Sample989	394	107	123	139	38	52	50	33	22	34
Sample990	172	0	97	128	197	128	110	9	46	97
Sample991	436	37	95	167	61	5	30	51	80	16
Sample992	387	33	0	238	103	72	58	5	64	48
Sample993	466	19	40	70	91	73	88	85	38	38
Sample994	420	23	133	51	78	108	86	14	72	33
Sample995	419	38	122	0	57	89	152	119	27	4
Sample996	368	0	143	127	15	123	56	88	21	51
Sample997	359	12	62	220	55	46	137	49	26	26
Sample998	217	17	44	238	240	0	78	54	99	21
Sample999	165	379	113	50	81	0	70	17	66	40
Sample1000	439	62	89	96	62	70	59	15	24	64
Sample1001	307	102	97	102	23	118	36	66	3	172
Sample1002	407	15	78	101	92	121	53	31	73	29
Sample1003	364	83	148	90	37	28	100	57	72	0
Sample1004	86	319	97	0	142	83	100	4	89	57
Sample1005	414	55	80	69	64	67	100	29	29	71
Sample1006	396	143	138	15	35	149	28	54	14	36
Sample1007	357	28	97	155	70	84	93	19	74	23
Sample1008	221	293	62	35	92	0	119	4	152	8
Sample1009	392	36	120	132	23	49	63	60	77	48
Sample1010	458	14	164	31	66	82	58	73	30	39
Sample1011	410	8	130	40	32	117	61	32	110	75
Sample1012	270	0	445	27	47	29	11	83	49	56
Sample1013	389	69	41	97	56	167	77	18	13	73
Sample1014	116	304	77	33	82	42	102	77	102	46
Sample1015	334	113	165	39	123	56	46	51	73	0
Sample1016	378	79	51	148	74	28	122	35	25	74
Sample1017	172	109	26	0	135	119	45	323	78	11
Sample1018	187	256	231	78	0	0	77	0	74	97
Sample1019	348	36	134	0	118	118	75	52	61	26
Sample1020	413	58	23	88	62	177	76	9	11	91
Sample1021	149	83	120	38	57	129	59	319	32	22
Sample1022	437	79	74	53	92	57	91	40	29	34
Sample1023	73	42	479	0	10	221	61	28	52	6
Sample1024	129	106	54	171	37	92	54	275	28	70
Sample1025	387	87	105	10	51	137	77	41	12	93
Sample1026	79	28	439	167	105	0	12	49	80	76
Sample1027	411	173	112	117	49	0	43	34	23	46
Sample1028	278	136	65	0	221	19	83	93	98	26
Sample1029	151	412	118	58	37	0	61	78	65	0
Sample1030	366	39	135	116	50	112	54	67	17	29
Sample1031	73	42	479	0	10	221	61	28	52	6
Sample1032	231	76	120	8	202	80	123	117	55	0
Sample1033	158	27	95	88	34	91	71	294	142	5
Sample1034	429	63	142	0	93	32	88	59	115	0
Sample1035	356	90	116	168	52	36	18	46	27	76
Sample1036	162	372	65	57	87	0	96	70	64	6
Sample1037	105	357	56	206	100	0	80	14	63	48
Sample1038	149	46	116	40	102	69	76	314	9	87
Sample1039	9	106	399	308	38	0	48	10	28	62
Sample1040	337	51	76	154	123	109	47	52	20	39
Sample1041	223	31	148	75	107	152	102	0	74	74
Sample1042	433	62	88	68	74	58	96	34	30	45
Sample1043	73	42	479	0	10	221	61	28	52	6
Sample1044	11	45	400	0	56	59	44	181	49	149
Sample1045	423	78	93	45	57	144	7	51	71	20
Sample1046	351	54	91	131	69	47	49	48	109	78
Sample1047	330	80	15	169	124	79	152	3	18	49
Sample1048	398	71	99	164	0	4	66	75	81	22
Sample1049	426	68	90	146	3	57	20	61	32	75
Sample1050	388	38	86	121	126	119	11	37	26	33
Sample1051	102	243	30	99	156	21	127	16	124	55
Sample1052	97	412	37	71	98	11	94	0	100	59
Sample1053	431	27	84	101	73	100	57	5	61	53
Sample1054	320	72	107	0	168	138	70	37	13	90
Sample1055	113	324	50	233	117	17	41	24	71	46
Sample1056	323	152	52	168	26	98	74	13	17	85
Sample1057	385	53	60	123	109	112	52	13	19	66
Sample1058	34	180	105	145	115	144	118	5	37	89
Sample1059	234	37	56	90	145	46	38	317	22	33
Sample1060	208	0	66	29	102	101	91	325	49	34
Sample1061	267	58	0	124	212	55	69	30	107	65
Sample1062	325	63	108	34	153	52	30	169	27	26
Sample1063	55	364	51	145	121	58	32	16	53	79
Sample1064	379	77	55	137	47	111	45	60	24	65
Sample1065	422	79	34	116	96	103	44	24	24	43
Sample1066	20	301	37	177	146	100	69	9	97	9
Sample1067	424	75	59	149	44	52	57	53	28	38
Sample1068	355	0	81	144	61	129	128	28	21	61
Sample1069	73	42	479	0	10	221	61	28	52	6
Sample1070	7	346	59	95	41	0	112	170	82	95
Sample1071	130	333	169	171	33	29	15	58	60	18
Sample1072	324	79	87	115	103	119	77	45	16	43
Sample1073	16	332	4	201	84	0	63	167	129	22
Sample1074	369	144	46	9	138	108	20	59	52	30
Sample1075	295	11	85	99	87	150	89	8	105	71
Sample1076	378	114	69	185	0	121	36	45	17	43
Sample1077	334	99	0	240	137	113	3	0	16	58
Sample1078	374	0	173	77	104	17	70	66	26	78
Sample1079	89	0	529	181	64	0	35	0	32	89
Sample1080	121	392	70	66	102	43	56	25	100	0
Sample1081	340	68	75	151	0	127	46	58	55	88
Sample1082	441	39	99	67	60	84	93	42	25	42
Sample1083	362	121	64	98	31	195	25	49	9	54
Sample1084	345	58	127	0	198	122	65	84	20	16
Sample1085	445	64	120	71	54	59	55	44	34	46
Sample1086	463	55	121	32	54	47	99	55	34	26
Sample1087	449	42	88	55	1	38	143	80	36	54
Sample1088	78	7	158	209	102	71	117	0	49	194
Sample1089	425	109	107	75	41	52	18	57	38	59
Sample1090	18	252	216	90	161	67	92	19	105	15
Sample1091	410	93	115	35	71	30	85	88	73	0
Sample1092	399	106	70	129	42	82	41	64	28	47
Sample1093	397	31	78	134	80	108	13	56	31	52
Sample1094	407	50	50	143	68	60	90	52	30	42
Sample1095	169	70	67	63	24	90	60	361	49	47
Sample1096	463	126	82	16	0	11	52	56	139	40
Sample1097	419	0	204	22	31	62	105	73	70	0
Sample1098	451	56	33	130	47	56	91	60	27	57
Sample1099	247	86	0	159	147	177	58	0	0	101
Sample1100	147	85	120	0	109	129	129	263	2	23
Sample1101	339	101	94	152	8	90	77	54	6	98
Sample1102	160	0	75	73	108	115	72	305	37	51
Sample1103	280	51	64	99	18	58	102	322	14	0
Sample1104	257	66	57	113	291	50	35	91	17	4
Sample1105	403	74	65	222	0	15	22	76	119	12
Sample1106	203	7	48	384	51	0	106	94	88	19
Sample1107	341	151	57	153	61	0	43	77	33	76
Sample1108	350	61	39	121	57	201	0	18	2	136
Sample1109	143	47	204	135	53	150	108	0	1	130
Sample1110	490	0	146	67	56	18	68	105	38	12
Sample1111	300	139	68	11	219	79	92	28	17	29
Sample1112	458	11	92	5	43	59	102	69	138	4
Sample1113	179	25	335	210	136	0	43	31	29	35
Sample1114	292	133	102	104	119	52	66	92	27	39
Sample1115	416	58	72	110	53	116	53	47	24	31
Sample1116	25	91	465	55	101	138	17	0	0	108
Sample1117	268	78	394	98	0	0	5	76	44	45
Sample1118	342	69	126	148	43	28	139	45	29	10
Sample1119	144	95	108	0	198	179	92	0	148	1
Sample1120	376	82	74	11	58	200	30	31	49	97
Sample1121	0	253	59	167	40	0	43	251	143	76
Sample1122	253	77	119	53	193	123	58	121	4	0
Sample1123	145	322	50	160	54	0	71	93	78	13
Sample1124	346	27	91	175	59	97	93	37	67	8
Sample1125	395	116	33	140	70	36	39	74	116	5
Sample1126	409	107	129	126	26	0	53	76	70	19
Sample1127	187	119	100	282	89	67	50	0	61	29
Sample1128	340	55	103	127	54	56	131	19	18	89
Sample1129	77	295	114	111	120	42	79	14	61	69
Sample1130	177	103	129	31	66	95	37	274	13	60
Sample1131	413	58	23	88	62	177	76	9	11	91
Sample1132	107	84	226	163	287	0	51	61	26	17
Sample1133	281	0	151	75	81	133	118	55	54	79
Sample1134	184	375	46	62	127	0	67	32	71	4
Sample1135	190	84	72	0	68	121	103	313	63	0
Sample1136	0	239	40	236	83	0	84	118	89	127
Sample1137	381	63	110	93	58	70	52	49	62	62
Sample1138	260	75	102	247	42	84	82	49	14	59
Sample1139	230	85	194	143	14	124	78	88	3	68
Sample1140	89	101	102	171	60	83	71	126	165	0
Sample1141	73	42	479	0	10	221	61	28	52	6
Sample1142	73	42	479	0	10	221	61	28	52	6
Sample1143	169	304	147	69	63	0	88	22	64	95
Sample1144	48	31	10	468	149	0	108	86	41	82
Sample1145	237	68	100	18	22	99	71	355	20	6
Sample1146	323	145	12	215	15	86	30	42	50	108
Sample1147	118	431	98	84	51	0	64	21	75	33
Sample1148	430	92	90	134	41	52	49	60	20	24
Sample1149	400	126	127	0	17	110	99	83	26	48
Sample1150	446	124	51	110	24	40	47	61	24	65
Sample1151	125	373	104	101	57	12	60	49	97	23
Sample1152	238	58	97	0	141	24	67	310	51	29
Sample1153	73	42	479	0	10	221	61	28	52	6
Sample1154	83	323	106	83	100	10	111	37	112	8
Sample1155	272	13	161	0	111	138	67	185	23	17
Sample1156	477	57	80	73	10	62	61	59	85	25
Sample1157	374	35	70	46	87	99	96	23	24	132
Sample1158	358	129	93	112	23	20	123	58	75	17
Sample1159	88	398	104	107	106	15	69	10	70	8
Sample1160	143	138	11	227	80	58	51	288	11	0
Sample1161	441	55	87	24	114	78	44	81	68	22
Sample1162	483	122	81	49	0	18	52	73	83	24
Sample1163	180	0	132	153	172	6	126	87	74	43
Sample1164	407	49	143	60	68	78	58	37	68	40
Sample1165	82	319	20	194	97	44	67	59	66	34
Sample1166	437	12	136	43	79	92	59	67	24	36
Sample1167	92	106	98	131	53	117	63	271	0	65
Sample1168	256	27	219	0	139	20	166	32	37	112
Sample1169	446	59	94	80	33	76	89	82	20	29
Sample1170	150	197	182	150	1	22	128	0	127	22
Sample1171	92	296	54	165	148	0	123	26	23	40
Sample1172	340	93	41	238	34	68	87	24	19	48
Sample1173	485	31	122	102	22	0	75	76	41	9
Sample1174	413	37	66	124	64	128	53	44	23	36
Sample1175	376	79	73	81	78	98	78	61	33	51
Sample1176	409	70	113	38	97	34	126	46	74	1
Sample1177	428	42	177	61	74	10	73	46	39	28
Sample1178	92	304	76	191	73	8	110	43	52	31
Sample1179	430	166	97	69	1	68	36	63	20	42
Sample1180	460	67	106	32	40	47	99	45	75	15
Sample1181	398	39	32	79	76	188	74	13	11	104
Sample1182	27	303	43	124	0	0	116	244	150	15
Sample1183	434	44	99	52	57	61	58	50	123	22
Sample1184	385	3	197	81	24	77	104	43	68	26
Sample1185	426	33	127	91	62	58	66	65	24	28
Sample1186	416	41	103	87	78	58	58	52	36	63
Sample1187	356	85	83	114	61	77	83	2	17	143
Sample1188	358	119	33	145	29	147	101	30	12	40
Sample1189	61	214	68	234	19	0	110	206	85	20
Sample1190	419	73	97	66	92	56	56	60	30	31
Sample1191	128	308	142	35	59	40	75	99	95	4
Sample1192	75	313	112	75	132	52	71	49	103	0
Sample1193	0	74	436	258	15	0	86	33	74	52
Sample1194	85	355	79	48	51	49	132	58	110	9
Sample1195	394	78	100	71	38	120	81	65	16	37
Sample1196	372	43	0	268	51	43	57	19	66	81
Sample1197	196	154	114	21	64	37	54	306	14	38
Sample1198	394	127	124	44	65	24	80	54	76	31
Sample1199	413	58	23	88	62	177	76	9	11	91
Sample1200	6	240	76	123	131	132	109	30	49	84
Sample1201	83	385	148	59	33	0	101	86	60	27
Sample1202	317	0	145	63	124	89	98	55	21	88
Sample1203	340	123	97	150	29	91	80	34	18	46
Sample1204	399	66	22	186	48	88	86	30	24	43
Sample1205	176	45	156	228	118	0	137	0	64	88
Sample1206	384	105	75	161	37	84	46	22	20	58
Sample1207	349	97	131	190	39	16	55	68	25	22
Sample1208	198	37	508	23	0	66	44	97	28	23
Sample1209	421	92	64	152	23	51	56	58	24	31
Sample1210	434	36	31	120	79	120	48	38	28	51
Sample1211	230	65	105	81	115	151	1	58	111	68
Sample1212	411	112	75	57	29	35	87	60	26	108
Sample1213	447	60	101	108	99	23	62	27	32	41
Sample1214	140	265	51	128	44	41	119	29	155	14
Sample1215	392	68	101	174	45	59	18	57	24	40
Sample1216	374	106	46	158	28	73	117	47	21	57
Sample1217	424	128	77	70	26	36	45	69	22	88
Sample1218	226	90	67	51	106	54	62	298	9	50
Sample1219	135	278	49	202	108	0	118	10	64	18
Sample1220	425	87	96	48	49	117	42	50	23	48
Sample1221	73	232	0	62	90	0	38	211	147	117
Sample1222	326	67	62	121	66	222	27	7	2	125
Sample1223	253	7	99	0	205	177	92	53	46	62
Sample1224	360	89	148	79	53	110	14	29	75	33
Sample1225	359	107	184	100	95	0	86	17	27	40
Sample1226	292	37	96	224	79	56	91	72	14	65
Sample1227	472	93	80	35	6	112	47	55	30	58
Sample1228	184	38	430	109	25	0	102	4	28	43
Sample1229	45	305	118	101	44	77	145	25	95	21
Sample1230	229	0	0	190	242	96	74	46	19	88
Sample1231	191	302	146	92	52	3	88	59	74	26
Sample1232	356	63	46	181	56	179	7	31	20	49
Sample1233	424	88	93	40	48	126	45	53	21	42
Sample1234	295	43	109	101	66	187	74	43	49	48
Sample1235	42	217	38	165	66	0	104	242	137	2
Sample1236	362	56	76	191	50	95	54	49	23	24
Sample1237	398	39	32	79	76	188	74	13	11	104
Sample1238	64	170	52	132	94	127	85	52	108	90
Sample1239	470	46	86	65	61	57	94	47	28	38
Sample1240	126	346	132	52	73	0	38	67	150	3
Sample1241	131	0	72	126	285	92	115	30	69	52
Sample1242	418	58	183	0	58	6	98	54	74	51
Sample1243	0	383	122	149	97	67	93	13	44	13
Sample1244	427	8	87	0	122	130	112	93	23	21
Sample1245	0	298	91	187	117	104	108	0	46	28
Sample1246	464	90	63	73	72	37	48	91	32	38
Sample1247	350	53	98	180	65	106	57	17	16	39
Sample1248	92	409	106	151	98	1	34	27	19	91
Sample1249	379	50	95	83	63	83	91	28	19	101
Sample1250	67	404	100	36	145	10	61	64	74	18
Sample1251	443	113	85	43	36	64	7	53	24	117
Sample1252	156	3	162	70	214	183	67	98	9	25
Sample1253	384	85	14	122	140	111	42	0	62	48
Sample1254	414	72	121	19	49	57	93	47	82	38
Sample1255	423	54	88	61	62	64	135	10	25	63
Sample1256	405	32	135	69	74	83	55	82	68	5
Sample1257	412	73	79	78	72	60	89	42	29	66
Sample1258	439	92	67	80	35	10	59	88	90	19
Sample1259	380	77	37	95	116	171	33	20	17	62
Sample1260	0	230	148	161	63	68	87	47	137	43
Sample1261	109	68	69	74	118	147	80	279	0	74
Sample1262	454	61	84	70	58	82	55	54	29	33
Sample1263	409	103	149	67	34	47	52	76	30	25
Sample1264	299	0	118	106	187	117	92	0	51	52
Sample1265	481	49	66	74	65	25	66	43	90	21
Sample1266	32	337	32	156	74	79	102	0	52	110
Sample1267	114	307	86	123	100	20	49	19	65	92
Sample1268	452	68	58	72	102	59	79	71	30	27
Sample1269	406	103	69	97	80	63	8	45	18	103
Sample1270	273	219	16	0	133	38	111	71	120	0
Sample1271	313	101	161	54	104	123	41	43	15	60
Sample1272	342	43	56	80	117	150	33	83	14	56
Sample1273	391	83	91	53	48	143	42	35	103	26
Sample1274	279	70	65	17	233	122	22	120	56	17
Sample1275	90	388	55	125	139	15	68	0	62	39
Sample1276	154	99	121	0	72	108	100	280	0	81
Sample1277	73	42	479	0	10	221	61	28	52	6
Sample1278	85	407	91	94	122	18	27	31	54	55
Sample1279	393	0	138	15	95	137	94	60	25	29
Sample1280	184	57	70	89	126	69	43	277	7	64
Sample1281	184	76	0	97	131	109	56	285	37	33
Sample1282	336	180	46	0	8	154	34	136	85	0
Sample1283	166	79	43	85	45	0	151	254	179	0
Sample1284	389	69	41	97	56	167	77	18	13	73
Sample1285	17	234	108	125	146	90	70	0	161	50
Sample1286	76	63	233	386	0	0	82	0	21	103
Sample1287	429	51	157	35	47	57	59	107	32	6
Sample1288	46	313	109	167	161	86	0	6	2	91
Sample1289	432	89	57	53	42	83	52	21	69	91
Sample1290	318	108	116	102	47	98	81	37	72	29
Sample1291	243	0	98	63	141	140	162	125	47	0
Sample1292	406	32	125	98	74	92	55	49	30	47
Sample1293	351	139	93	220	56	0	46	46	25	16
Sample1294	315	51	51	132	102	124	118	0	71	49
Sample1295	296	86	142	52	112	62	49	54	131	16
Sample1296	239	52	225	0	169	99	68	132	17	7
Sample1297	188	39	9	116	105	119	67	260	49	56
Sample1298	9	275	110	208	83	34	55	0	91	100
Sample1299	18	156	78	202	13	0	183	233	135	0
Sample1300	376	85	94	22	45	158	76	38	12	94
Sample1301	415	57	86	39	86	48	91	65	121	0
Sample1302	0	141	353	80	86	0	0	148	75	138
Sample1303	35	0	285	291	69	0	125	0	69	118
Sample1304	93	14	468	98	31	0	104	44	34	122
Sample1305	202	0	117	103	184	122	67	174	19	24
Sample1306	384	80	28	80	146	82	65	84	29	56
Sample1307	332	95	47	201	85	59	79	50	27	43
Sample1308	128	354	42	160	66	0	108	47	68	0
Sample1309	445	61	55	81	62	78	54	26	69	61
Sample1310	279	0	255	167	47	41	6	60	91	37
Sample1311	94	327	93	87	150	47	33	36	112	7
Sample1312	0	228	25	65	112	9	84	278	87	86
Sample1313	276	96	78	70	170	111	63	77	8	19
Sample1314	406	105	37	155	35	74	45	46	33	49
Sample1315	121	82	155	0	128	88	52	264	0	112
Sample1316	73	42	479	0	10	221	61	28	52	6
Sample1317	323	69	88	148	44	94	49	42	61	90
Sample1318	481	96	57	60	54	55	52	47	34	44
Sample1319	73	42	479	0	10	221	61	28	52	6
Sample1320	394	9	131	91	8	75	140	65	19	76
Sample1321	153	375	109	25	108	0	68	46	20	64
Sample1322	73	22	121	166	113	59	102	258	0	101
Sample1323	246	24	89	2	31	95	41	354	19	100
Sample1324	82	397	99	118	51	0	70	55	67	29
Sample1325	393	49	46	152	72	78	50	40	21	99
Sample1326	258	126	2	83	115	102	155	36	11	87
Sample1327	78	328	101	148	88	61	72	0	63	28
Sample1328	122	159	151	251	0	40	93	0	127	37
Sample1329	416	15	112	63	21	102	134	41	78	26
Sample1330	438	51	106	78	36	42	58	98	33	45
Sample1331	0	249	96	162	148	121	75	0	85	30
Sample1332	59	0	76	104	128	171	89	263	32	85
Sample1333	444	96	80	3	42	44	124	44	126	5
Sample1334	29	350	0	120	22	0	94	247	111	0
Sample1335	159	317	74	67	161	0	71	53	64	22
Sample1336	402	92	37	121	90	90	45	22	27	59
Sample1337	379	83	159	54	45	64	53	64	20	79
Sample1338	111	227	105	3	138	83	106	27	94	107
Sample1339	438	8	113	90	12	84	60	93	75	19
Sample1340	110	385	66	111	74	96	57	10	54	17
Sample1341	378	126	15	163	40	140	24	43	59	28
Sample1342	128	293	200	112	109	0	93	28	68	4
Sample1343	327	51	179	151	58	75	63	22	12	43
Sample1344	23	73	424	233	65	0	94	18	31	56
Sample1345	359	118	11	246	24	82	2	39	55	91
Sample1346	470	121	63	46	22	56	47	32	17	111
Sample1347	353	40	0	115	118	150	98	43	15	42
Sample1348	449	135	76	52	37	124	0	59	19	37
Sample1349	44	299	161	89	121	26	115	43	58	17
Sample1350	118	0	185	339	63	0	168	0	70	38
Sample1351	26	268	0	176	58	0	139	201	163	0
Sample1352	381	48	47	83	69	177	79	26	14	84
Sample1353	141	78	50	167	49	141	57	286	0	47
Sample1354	101	246	122	118	104	0	126	25	102	38
Sample1355	132	280	120	14	143	21	111	38	69	51
Sample1356	432	106	58	91	34	87	43	47	30	57
Sample1357	473	103	54	53	81	36	47	68	38	32
Sample1358	190	54	94	52	69	104	63	314	6	69
Sample1359	337	82	98	92	56	175	37	0	6	109
Sample1360	473	72	65	72	59	82	53	44	27	42
Sample1361	75	219	87	140	156	83	87	0	131	2
Sample1362	43	369	119	41	136	137	51	29	49	6
Sample1363	119	347	120	135	93	0	47	0	74	40
Sample1364	408	87	85	41	51	149	0	43	12	103
Sample1365	248	9	72	178	137	134	79	20	50	107
Sample1366	342	40	152	89	106	93	55	10	58	73
Sample1367	451	33	106	23	48	106	82	73	17	80
Sample1368	354	46	178	85	57	91	51	101	21	24
Sample1369	0	265	31	123	84	3	130	161	171	35
Sample1370	403	110	88	52	23	95	87	57	22	43
Sample1371	392	80	105	34	47	111	122	38	21	58
Sample1372	80	0	115	436	122	24	120	0	21	63
Sample1373	128	348	93	113	128	0	114	0	70	34
Sample1374	347	13	37	247	60	96	93	34	21	44
Sample1375	341	127	49	201	113	13	48	27	19	62
Sample1376	421	30	107	131	94	0	71	85	35	14
Sample1377	384	90	54	152	36	75	47	55	73	26
Sample1378	483	117	60	62	34	47	50	57	30	40
Sample1379	490	30	124	0	76	42	104	53	35	33
Sample1380	206	0	139	101	196	0	113	157	76	30
Sample1381	107	277	127	83	66	30	82	73	65	74
Sample1382	0	106	484	70	123	75	53	51	15	9
Sample1383	325	89	40	0	68	214	42	51	0	157
Sample1384	283	88	69	25	163	213	50	37	8	98
Sample1385	43	271	124	168	127	70	44	0	60	75
Sample1386	357	127	120	62	93	126	37	0	60	26
Sample1387	341	40	86	91	93	118	84	31	17	99
Sample1388	340	73	144	141	89	83	51	45	15	27
Sample1389	435	120	151	73	42	12	50	57	34	34
Sample1390	14	360	30	177	147	65	90	18	88	0
Sample1391	179	315	133	125	116	0	12	0	116	31
Sample1392	162	48	79	180	242	67	75	32	105	0
Sample1393	133	268	172	22	100	137	103	24	0	21
Sample1394	412	85	135	136	0	69	23	75	28	26
Sample1395	405	80	96	128	52	58	83	20	62	31
Sample1396	407	73	61	90	102	60	49	59	75	24
Sample1397	395	107	0	196	25	119	37	44	19	50
Sample1398	396	50	141	77	82	110	20	34	25	46
Sample1399	405	5	153	30	66	75	173	50	27	16
Sample1400	451	87	149	71	50	11	20	58	81	14
Sample1401	371	55	72	68	58	184	77	27	60	28
Sample1402	265	47	313	182	9	0	49	82	42	53
Sample1403	47	281	93	194	61	92	80	6	56	65
Sample1404	387	96	82	81	143	68	50	3	20	51
Sample1405	413	67	61	125	45	43	128	46	29	35
Sample1406	0	314	88	97	21	23	140	206	125	0
Sample1407	412	60	192	58	32	18	61	87	72	0
Sample1408	55	362	170	90	118	0	75	39	68	4
Sample1409	460	50	72	3	6	125	87	92	76	37
Sample1410	389	69	41	97	56	167	77	18	13	73
Sample1411	289	59	9	0	208	142	89	68	22	96
Sample1412	0	197	340	0	43	75	0	104	84	158
Sample1413	413	58	23	88	62	177	76	9	11	91
Sample1414	468	70	83	31	65	53	92	44	36	58
Sample1415	143	354	145	21	42	67	64	45	55	36
Sample1416	39	326	147	95	24	122	90	84	47	20
Sample1417	368	139	148	116	24	51	6	95	22	23
Sample1418	326	39	160	88	51	103	96	29	12	96
Sample1419	135	262	41	103	119	0	95	59	80	74
Sample1420	325	30	132	115	70	108	48	38	74	78
Sample1421	346	28	233	7	55	74	125	97	61	0
Sample1422	209	23	96	27	91	18	105	359	28	40
Sample1423	166	113	76	0	66	128	39	285	18	79
Sample1424	345	97	8	52	178	106	54	80	17	43
Sample1425	384	148	59	104	5	60	34	89	19	106
Sample1426	57	263	38	160	108	102	108	3	59	75
Sample1427	413	58	23	88	62	177	76	9	11	91
Sample1428	0	184	189	106	41	76	125	108	103	49
Sample1429	461	32	84	97	19	97	62	50	25	62
Sample1430	168	351	78	102	123	0	78	19	27	89
Sample1431	450	8	105	61	65	119	54	55	14	83
Sample1432	409	40	123	75	63	84	53	49	15	81
Sample1433	73	42	479	0	10	221	61	28	52	6
Sample1434	74	352	124	133	100	0	73	0	110	21
Sample1435	463	78	44	151	50	43	53	42	27	41
Sample1436	370	105	149	120	37	16	63	48	31	40
Sample1437	396	1	66	187	66	49	172	22	27	28
Sample1438	453	141	36	137	12	61	41	39	24	41
Sample1439	73	42	479	0	10	221	61	28	52	6
Sample1440	375	88	121	10	36	148	69	74	63	29
Sample1441	141	353	153	32	82	0	113	24	64	73
Sample1442	385	79	39	135	51	140	38	45	67	36
Sample1443	392	29	63	116	55	116	94	41	26	48
Sample1444	110	392	93	93	44	0	66	96	70	2
Sample1445	114	332	130	95	58	0	111	47	73	14
Sample1446	291	99	81	221	72	109	36	33	14	70
Sample1447	26	188	86	78	102	227	103	0	32	132
Sample1448	404	32	172	39	61	58	103	57	28	32
Sample1449	359	3	26	207	121	112	55	25	24	60
Sample1450	390	89	55	157	24	86	42	100	20	52
Sample1451	259	29	135	32	142	120	104	142	20	18
Sample1452	393	78	81	46	41	86	49	40	20	166
Sample1453	437	79	74	53	92	57	91	40	29	34
Sample1454	247	41	133	0	216	103	129	118	16	16
Sample1455	409	81	92	126	43	41	92	47	32	37
Sample1456	415	100	36	173	43	53	14	34	77	47
Sample1457	403	73	157	89	40	90	59	21	18	30
Sample1458	37	216	17	115	73	0	114	193	198	55
Sample1459	359	46	75	145	47	102	88	58	64	24
Sample1460	78	415	84	78	94	61	58	8	67	38
Sample1461	371	3	160	107	0	101	105	77	22	34
Sample1462	22	204	0	267	20	9	143	166	160	25
Sample1463	78	14	302	325	74	0	43	105	13	75
Sample1464	323	0	145	55	107	147	92	38	21	72
Sample1465	463	65	83	80	58	87	17	58	28	34
Sample1466	422	43	74	34	64	89	53	30	113	70
Sample1467	11	306	2	218	64	54	36	108	103	115
Sample1468	360	46	33	202	31	58	85	78	65	69
Sample1469	377	0	97	190	38	5	71	126	78	18
Sample1470	358	87	126	0	42	149	71	84	66	17
Sample1471	102	65	248	110	160	0	105	76	15	90
Sample1472	88	317	126	82	85	92	65	30	99	0
Sample1473	69	265	24	123	104	0	68	196	138	29
Sample1474	0	345	75	384	37	45	10	9	52	66
Sample1475	503	76	111	0	51	10	100	63	36	30
Sample1476	0	231	66	154	107	112	143	0	118	57
Sample1477	312	105	107	29	118	55	97	111	23	32
Sample1478	400	75	59	161	51	72	86	34	26	36
Sample1479	376	63	136	139	39	31	58	84	35	24
Sample1480	424	34	144	43	60	60	101	60	32	21
Sample1481	214	34	61	66	74	119	37	321	33	49
Sample1482	385	87	159	111	47	27	56	69	28	23
Sample1483	411	76	95	87	38	29	98	75	34	36
Sample1484	414	38	132	100	48	33	27	84	39	63
Sample1485	381	48	47	83	69	177	79	26	14	84
Sample1486	439	34	102	53	81	79	54	45	79	34
Sample1487	157	0	153	125	165	71	152	97	63	5
Sample1488	363	14	128	69	65	137	90	52	64	26
Sample1489	476	132	65	47	77	38	43	49	30	28
Sample1490	426	69	119	105	49	54	18	73	28	37
Sample1491	50	307	87	48	38	62	90	216	96	17
Sample1492	172	233	117	119	90	0	64	58	171	3
Sample1493	329	77	20	54	194	166	23	44	51	78
Sample1494	102	196	15	7	96	76	92	234	190	10
Sample1495	378	49	110	145	50	74	57	51	71	7
Sample1496	196	50	116	92	118	122	90	28	172	2
Sample1497	284	15	130	166	52	84	128	74	24	69
Sample1498	456	44	59	123	60	49	97	34	33	37
Sample1499	392	0	91	147	76	126	61	29	20	39
Sample1500	127	191	102	46	89	128	114	51	57	70
Sample1501	44	393	55	197	102	16	69	0	59	39
Sample1502	191	42	99	114	125	2	48	297	55	46
Sample1503	350	157	72	91	28	209	53	5	0	52
Sample1504	334	52	36	76	130	143	73	27	13	134
Sample1505	265	90	91	219	57	107	43	32	65	23
Sample1506	154	78	83	77	136	88	29	292	44	37
Sample1507	165	45	333	186	94	0	39	65	31	60
Sample1508	0	227	32	164	0	74	101	211	159	35
Sample1509	399	60	94	46	98	85	88	34	71	17
Sample1510	461	87	73	64	42	68	86	49	24	38
Sample1511	260	80	129	150	74	100	77	53	6	98
Sample1512	73	42	479	0	10	221	61	28	52	6
Sample1513	324	107	40	154	79	115	41	19	8	128
Sample1514	410	129	104	60	55	132	3	17	18	52
Sample1515	416	89	86	113	34	27	91	67	30	47
Sample1516	383	28	143	91	35	39	101	115	30	35
Sample1517	178	200	180	107	28	0	193	0	84	50
Sample1518	388	71	97	11	87	66	156	35	20	89
Sample1519	73	42	479	0	10	221	61	28	52	6
Sample1520	72	204	0	193	0	0	161	254	96	37
Sample1521	368	70	184	102	36	102	49	61	11	17
Sample1522	41	290	40	207	10	0	70	180	130	33
Sample1523	430	43	139	42	82	73	86	52	32	35
Sample1524	178	15	136	99	76	0	81	314	117	0
Sample1525	426	90	100	32	52	98	78	21	18	103
Sample1526	455	62	109	56	54	65	58	53	31	36
Sample1527	435	81	83	70	89	56	50	51	29	41
Sample1528	80	97	105	52	110	138	80	224	0	128
Sample1529	399	88	124	11	99	112	40	44	65	10
Sample1530	133	361	102	67	85	41	71	20	64	24
Sample1531	393	94	86	45	79	53	77	80	21	98
Sample1532	393	43	60	113	99	123	85	26	19	31
Sample1533	35	0	42	0	159	55	57	68	113	470
Sample1534	116	87	109	172	326	30	0	0	90	64
Sample1535	349	65	38	200	74	36	115	53	18	73
Sample1536	469	42	76	70	37	62	92	100	29	31
Sample1537	439	113	56	131	38	104	1	62	14	57
Sample1538	407	94	116	15	44	23	165	45	84	15
Sample1539	339	87	156	141	37	127	9	58	10	51
Sample1540	434	62	119	33	54	69	58	51	80	19
Sample1541	384	22	81	175	71	84	57	54	27	45
Sample1542	66	212	0	107	26	0	214	176	161	53
Sample1543	203	293	81	108	75	0	82	33	73	20
Sample1544	396	13	82	89	72	118	131	30	25	36
Sample1545	315	92	79	82	57	126	72	31	122	38
Sample1546	376	77	13	0	167	115	94	67	24	34
Sample1547	419	52	121	82	48	117	52	36	60	5
Sample1548	13	265	65	138	53	0	103	231	140	5
Sample1549	482	109	92	51	27	38	55	54	35	29
Sample1550	454	61	84	70	58	82	55	54	29	33
Sample1551	22	200	36	170	39	0	128	208	136	69
Sample1552	35	0	42	0	159	55	57	68	113	470
Sample1553	129	284	101	66	113	58	69	82	68	11
Sample1554	97	351	54	72	136	11	108	33	79	46
Sample1555	66	24	146	70	134	138	93	274	36	34
Sample1556	100	104	350	98	41	12	42	78	23	115
Sample1557	359	114	134	65	50	105	87	0	15	51
Sample1558	381	72	91	106	52	137	44	40	11	66
Sample1559	94	320	54	127	98	15	111	11	103	47
Sample1560	394	23	86	42	42	42	135	89	70	77
Sample1561	435	38	46	149	62	143	11	32	17	47
Sample1562	400	44	112	93	60	86	99	23	20	43
Sample1563	124	328	59	202	108	0	47	19	112	25
Sample1564	35	0	42	0	159	55	57	68	113	470
Sample1565	78	360	42	141	91	64	67	5	70	47
Sample1566	73	332	108	132	126	47	69	3	57	40
Sample1567	264	46	166	0	180	87	93	149	16	8
Sample1568	413	58	23	88	62	177	76	9	11	91
Sample1569	159	343	139	140	45	0	58	28	71	25
Sample1570	102	357	61	192	79	0	81	14	69	75
Sample1571	350	34	51	88	78	196	38	29	53	98
Sample1572	85	306	68	132	29	0	91	166	123	13
Sample1573	385	10	105	91	58	46	97	103	77	28
Sample1574	169	51	170	71	174	65	98	115	97	1
Sample1575	73	42	479	0	10	221	61	28	52	6
Sample1576	196	57	167	19	198	121	122	119	12	1
Sample1577	111	339	116	112	84	0	108	40	70	0
Sample1578	67	303	104	63	124	26	103	70	62	51
Sample1579	459	11	118	35	66	71	56	118	80	1
Sample1580	352	24	105	89	54	91	134	31	9	119
Sample1581	399	17	36	0	172	190	24	75	52	0
Sample1582	384	39	93	133	70	71	58	48	23	89
Sample1583	339	72	60	230	52	99	51	0	16	73
Sample1584	90	294	145	187	38	5	122	62	65	26
Sample1585	413	69	69	153	41	44	55	62	29	50
Sample1586	120	305	95	58	86	0	146	53	69	55
Sample1587	400	101	91	98	95	41	49	33	31	46
Sample1588	144	112	33	72	88	45	105	272	102	41
Sample1589	129	105	336	266	45	13	35	33	25	37
Sample1590	120	342	44	124	29	114	63	55	58	31
Sample1591	364	76	84	147	85	36	50	85	32	56
Sample1592	77	184	29	85	142	165	40	20	168	65
Sample1593	246	115	39	293	63	21	43	59	64	84
Sample1594	348	65	103	167	49	81	16	29	69	57
Sample1595	313	85	79	15	212	92	0	94	70	16
Sample1596	351	38	153	0	108	119	79	74	71	25
Sample1597	149	345	85	29	102	2	117	12	73	52
Sample1598	393	16	108	77	47	164	51	24	61	59
Sample1599	334	37	52	0	106	159	51	127	48	92
Sample1600	310	88	152	0	61	138	68	47	7	156
Sample1601	415	58	67	110	66	80	86	57	30	39
Sample1602	410	0	137	23	75	79	102	53	23	84
Sample1603	426	73	28	172	56	94	11	20	73	55
Sample1604	49	226	161	106	82	149	86	28	149	0
Sample1605	108	286	50	101	49	92	108	41	142	0
Sample1606	64	366	148	91	90	33	65	75	9	33
Sample1607	364	41	133	134	57	86	58	37	68	22
Sample1608	429	100	65	64	86	66	48	38	75	21
Sample1609	382	91	45	137	88	66	45	27	17	94
Sample1610	379	4	109	143	75	94	127	28	62	5
Sample1611	72	257	161	82	14	149	83	17	140	61
Sample1612	407	41	189	20	106	39	93	43	76	14
Sample1613	370	85	104	47	97	105	39	76	66	19
Sample1614	337	81	73	144	44	128	72	35	5	95
Sample1615	124	311	27	68	85	80	66	53	102	49
Sample1616	415	24	125	10	138	72	89	32	78	43
Sample1617	172	296	59	66	65	34	103	77	110	0
Sample1618	73	42	479	0	10	221	61	28	52	6
Sample1619	11	310	0	251	71	0	61	162	128	8
Sample1620	35	0	42	0	159	55	57	68	113	470
Sample1621	327	111	112	94	46	155	38	9	19	73
Sample1622	363	90	109	193	23	36	20	40	63	55
Sample1623	220	107	185	171	48	20	58	71	77	27
Sample1624	44	376	75	195	129	35	68	0	61	41
Sample1625	391	42	137	28	77	122	84	60	25	42
Sample1626	56	48	64	249	52	94	38	285	29	93
Sample1627	30	267	34	72	80	0	98	203	132	91
Sample1628	35	182	199	152	129	116	58	42	11	102
Sample1629	442	74	134	44	89	66	54	23	66	8
Sample1630	173	263	114	62	78	0	96	12	163	15
Sample1631	208	85	314	0	67	52	49	136	84	19
Sample1632	235	13	93	47	42	157	65	294	9	61
Sample1633	242	0	406	128	35	0	16	61	35	60
Sample1634	382	37	170	87	69	76	98	14	21	46
Sample1635	415	62	44	121	51	82	124	33	27	41
Sample1636	363	45	0	0	109	187	120	76	3	64
Sample1637	195	0	163	96	226	35	115	45	112	0
Sample1638	416	56	69	86	54	58	99	47	29	72
Sample1639	506	79	67	77	1	42	91	58	30	41
Sample1640	447	36	70	58	76	74	96	54	33	42
Sample1641	402	42	16	152	66	107	87	42	22	72
Sample1642	233	1	119	0	288	36	151	16	70	61
Sample1643	397	74	8	166	131	32	123	0	25	57
Sample1644	210	311	0	76	113	0	75	34	122	25
Sample1645	73	42	479	0	10	221	61	28	52	6
Sample1646	377	125	76	25	80	85	73	8	8	169
Sample1647	127	90	102	80	72	85	87	305	0	70
Sample1648	171	285	127	88	49	2	120	63	68	3
Sample1649	16	210	146	118	92	116	94	0	150	74
Sample1650	62	321	104	185	75	50	74	47	57	4
Sample1651	284	124	0	0	245	137	75	36	93	0
Sample1652	225	46	73	72	25	130	64	348	4	26
Sample1653	77	378	87	205	113	0	67	0	18	43
Sample1654	387	54	22	149	82	93	116	46	69	0
Sample1655	33	257	202	70	26	92	149	47	48	57
Sample1656	73	42	479	0	10	221	61	28	52	6
Sample1657	313	151	148	80	81	102	36	22	17	42
Sample1658	374	21	123	60	99	118	116	39	15	65
Sample1659	383	132	145	130	78	47	15	10	18	32
Sample1660	434	0	120	54	35	85	134	65	31	50
Sample1661	322	112	85	109	21	42	116	34	13	165
Sample1662	65	381	96	70	86	73	62	16	67	57
Sample1663	259	96	28	250	23	107	113	57	59	16
Sample1664	489	104	45	11	36	69	41	72	28	90
Sample1665	510	68	31	112	55	26	29	56	40	45
Sample1666	0	55	301	243	233	0	51	92	18	25
Sample1667	37	290	26	147	34	0	154	190	134	3
Sample1668	170	0	81	69	249	93	210	29	64	8
Sample1669	73	320	46	175	131	41	111	0	58	13
Sample1670	8	110	86	413	87	0	85	26	56	111
Sample1671	398	39	32	79	76	188	74	13	11	104
Sample1672	242	0	406	128	35	0	16	61	35	60
Sample1673	347	67	98	77	37	158	115	33	55	21
Sample1674	413	58	23	88	62	177	76	9	11	91
Sample1675	402	57	89	118	57	67	55	44	72	31
Sample1676	102	325	42	195	119	0	112	0	62	16
Sample1677	178	228	80	120	146	11	105	0	119	39
Sample1678	401	64	52	156	49	56	93	34	25	70
Sample1679	132	375	99	90	32	79	62	25	55	20
Sample1680	154	82	0	155	120	96	57	282	35	31
Sample1681	381	97	79	31	53	132	43	34	20	115
Sample1682	184	94	131	181	120	97	79	55	55	27
Sample1683	104	321	164	83	108	2	73	53	64	3
Sample1684	237	10	72	57	129	149	46	254	0	27
Sample1685	170	328	68	39	75	28	99	67	108	0
Sample1686	242	0	406	128	35	0	16	61	35	60
Sample1687	418	57	57	114	69	118	53	22	28	53
Sample1688	424	67	62	110	59	118	10	38	69	28
Sample1689	412	82	99	166	34	12	53	90	27	25
Sample1690	316	104	104	122	21	152	33	90	12	38
Sample1691	0	82	380	126	99	60	55	97	14	109
Sample1692	350	54	128	101	68	63	66	18	131	1
Sample1693	363	61	193	73	83	47	91	76	27	0
Sample1694	63	444	21	137	120	0	82	0	46	66
Sample1695	169	409	123	53	104	0	31	50	71	17
Sample1696	103	11	104	72	298	114	202	6	60	24
Sample1697	389	69	41	97	56	167	77	18	13	73
Sample1698	48	31	10	468	149	0	108	86	41	82
Sample1699	106	226	156	167	130	0	107	22	68	53
Sample1700	495	104	127	12	64	0	50	75	35	38
Sample1701	416	17	165	17	73	94	95	36	20	75
Sample1702	360	81	93	0	147	129	94	66	10	0
Sample1703	316	58	146	0	200	108	70	65	58	8
Sample1704	457	149	89	28	30	43	37	34	118	32
Sample1705	245	339	38	14	98	9	42	69	78	41
Sample1706	173	82	176	5	241	151	24	0	52	78
Sample1707	431	8	64	65	102	86	92	50	81	29
Sample1708	73	42	479	0	10	221	61	28	52	6
Sample1709	407	194	83	61	47	82	27	61	21	32
Sample1710	370	42	148	0	62	134	10	59	105	62
Sample1711	380	122	109	87	0	66	40	144	22	30
Sample1712	425	0	105	114	25	131	24	52	60	43
Sample1713	73	42	479	0	10	221	61	28	52	6
Sample1714	158	245	199	87	0	12	125	0	141	13
