MutationType	Signature A	Signature B	Signature C	Signature D	Signature E	Signature F	Signature G	Signature H	Signature I
A[C>A]A	9.51E-03	6.82E-03	3.55E-03	6.67E-07	7.61E-03	1.04E-06	4.96E-03	1.28E-02	3.28E-03
A[C>A]C	4.57E-07	6.62E-03	6.14E-03	5.12E-07	4.63E-07	2.07E-07	8.11E-07	1.38E-03	1.23E-06
A[C>A]G	1.42E-07	3.78E-07	4.28E-07	1.31E-07	1.01E-07	1.12E-07	6.46E-07	2.95E-07	3.63E-07
A[C>A]T	1.42E-07	3.78E-07	4.28E-07	1.31E-07	1.01E-07	1.12E-07	6.46E-07	2.95E-07	3.63E-07
A[C>G]A	5.14E-03	3.71E-03	6.26E-03	1.32E-02	1.28E-02	1.70E-02	1.27E-02	7.97E-03	1.68E-02
A[C>G]C	1.42E-07	3.78E-07	4.28E-07	1.31E-07	1.01E-07	1.12E-07	6.46E-07	2.95E-07	3.63E-07
A[C>G]G	1.42E-07	3.78E-07	4.28E-07	1.31E-07	1.01E-07	1.12E-07	6.46E-07	2.95E-07	3.63E-07
A[C>G]T	3.23E-07	5.43E-03	3.19E-03	4.28E-07	4.55E-07	4.30E-07	1.76E-03	4.90E-04	6.11E-07
A[C>T]A	2.29E-02	1.15E-02	1.14E-02	1.54E-02	2.12E-02	4.61E-02	2.03E-02	2.38E-02	1.45E-02
A[C>T]C	2.14E-07	1.08E-03	1.10E-03	4.59E-07	3.44E-07	4.35E-07	6.90E-07	2.96E-07	2.47E-07
A[C>T]G	5.82E-03	7.68E-03	8.97E-03	1.26E-03	2.02E-02	1.35E-02	2.32E-02	1.10E-02	3.52E-02
A[C>T]T	1.20E-02	8.28E-03	2.50E-02	9.73E-03	1.74E-02	1.89E-02	7.21E-03	6.92E-03	2.65E-02
A[T>A]A	4.66E-07	4.25E-03	1.01E-02	1.66E-06	1.86E-03	1.20E-03	1.74E-03	7.08E-04	1.02E-06
A[T>A]C	2.64E-03	4.32E-03	2.02E-03	2.08E-02	1.98E-02	1.15E-02	7.39E-03	5.47E-07	1.50E-02
A[T>A]G	7.03E-03	7.70E-03	5.55E-03	3.59E-07	2.00E-03	1.26E-03	8.57E-07	8.87E-03	1.89E-03
A[T>A]T	8.35E-04	2.53E-03	2.52E-03	4.10E-07	3.01E-07	1.19E-06	5.48E-03	6.01E-03	4.26E-07
A[T>C]A	1.85E-02	9.51E-03	5.10E-03	1.07E-02	2.24E-02	1.37E-02	1.24E-02	1.37E-02	9.39E-03
A[T>C]C	8.41E-03	3.81E-02	5.99E-03	4.08E-03	5.29E-03	7.59E-03	8.97E-03	2.33E-02	2.27E-02
A[T>C]G	9.14E-03	6.48E-03	9.76E-03	1.73E-03	2.97E-03	4.90E-03	5.81E-03	1.49E-02	4.45E-07
A[T>C]T	2.89E-02	9.47E-03	1.56E-02	1.34E-02	1.69E-02	4.94E-03	1.91E-02	1.42E-02	1.42E-02
A[T>G]A	1.42E-07	3.78E-07	4.28E-07	1.31E-07	1.01E-07	1.12E-07	6.46E-07	2.95E-07	3.63E-07
A[T>G]C	6.65E-03	2.54E-03	5.63E-06	2.34E-05	4.03E-06	3.80E-03	2.70E-03	9.13E-03	8.75E-03
A[T>G]G	6.83E-04	1.58E-03	7.49E-07	7.94E-07	8.01E-04	2.09E-06	8.04E-07	3.92E-04	2.29E-03
A[T>G]T	1.42E-07	3.78E-07	4.28E-07	1.31E-07	1.01E-07	1.12E-07	6.46E-07	2.95E-07	3.63E-07
C[C>A]A	3.81E-07	1.01E-03	1.14E-03	3.92E-07	2.67E-07	5.42E-07	7.04E-07	4.68E-07	2.58E-07
C[C>A]C	1.42E-07	3.78E-07	4.28E-07	1.31E-07	1.01E-07	1.12E-07	6.46E-07	2.95E-07	3.63E-07
C[C>A]G	1.42E-07	3.78E-07	4.28E-07	1.31E-07	1.01E-07	1.12E-07	6.46E-07	2.95E-07	3.63E-07
C[C>A]T	7.66E-07	3.62E-03	2.65E-03	6.26E-04	5.33E-07	5.80E-07	2.73E-02	2.03E-03	4.05E-03
C[C>G]A	1.42E-07	3.78E-07	4.28E-07	1.31E-07	1.01E-07	1.12E-07	6.46E-07	2.95E-07	3.63E-07
C[C>G]C	1.42E-07	3.78E-07	4.28E-07	1.31E-07	1.01E-07	1.12E-07	6.46E-07	2.95E-07	3.63E-07
C[C>G]G	1.42E-07	3.78E-07	4.28E-07	1.31E-07	1.01E-07	1.12E-07	6.46E-07	2.95E-07	3.63E-07
C[C>G]T	1.42E-07	3.78E-07	4.28E-07	1.31E-07	1.01E-07	1.12E-07	6.46E-07	2.95E-07	3.63E-07
C[C>T]A	8.35E-07	2.93E-03	2.69E-03	1.59E-06	6.73E-07	2.40E-03	2.64E-03	3.13E-03	4.12E-03
C[C>T]C	3.93E-07	2.72E-03	1.44E-03	3.42E-07	3.03E-07	3.42E-07	5.86E-07	2.68E-03	4.54E-07
C[C>T]G	7.46E-03	3.46E-03	7.45E-03	2.23E-02	8.24E-03	7.48E-03	8.67E-03	1.05E-02	1.31E-02
C[C>T]T	1.29E-02	1.45E-02	1.30E-02	1.26E-02	1.31E-02	2.66E-02	3.70E-06	7.00E-03	9.24E-03
C[T>A]A	1.21E-03	1.42E-03	1.36E-03	1.21E-03	5.41E-04	9.29E-07	1.82E-03	4.10E-03	3.34E-03
C[T>A]C	1.23E-02	6.91E-03	1.15E-02	1.49E-02	1.17E-02	9.71E-03	6.27E-03	1.30E-02	4.20E-03
C[T>A]G	2.75E-07	1.24E-02	1.15E-02	6.56E-07	8.81E-04	3.78E-07	4.19E-03	7.10E-07	6.39E-07
C[T>A]T	1.42E-07	3.78E-07	4.28E-07	1.31E-07	1.01E-07	1.12E-07	6.46E-07	2.95E-07	3.63E-07
C[T>C]A	7.45E-03	9.04E-03	1.04E-02	5.19E-03	1.75E-02	1.43E-02	4.58E-03	1.32E-02	1.55E-02
C[T>C]C	6.30E-03	5.07E-03	1.10E-02	5.99E-04	9.11E-07	2.31E-03	1.29E-02	9.97E-03	6.74E-03
C[T>C]G	2.01E-07	5.27E-04	9.60E-04	1.71E-07	1.23E-07	2.78E-07	2.40E-03	3.70E-07	3.68E-07
C[T>C]T	5.81E-07	2.26E-03	2.02E-02	7.97E-03	8.27E-03	2.53E-02	5.39E-02	7.27E-03	1.79E-02
C[T>G]A	1.42E-07	3.78E-07	4.28E-07	1.31E-07	1.01E-07	1.12E-07	6.46E-07	2.95E-07	3.63E-07
C[T>G]C	9.05E-07	3.31E-03	9.73E-03	5.49E-04	2.40E-03	3.80E-03	2.92E-03	2.81E-03	3.14E-03
C[T>G]G	3.68E-07	3.58E-03	2.21E-03	2.41E-03	5.60E-07	2.30E-03	1.40E-03	4.75E-07	5.85E-03
C[T>G]T	1.42E-07	3.78E-07	4.28E-07	1.31E-07	1.01E-07	1.12E-07	6.46E-07	2.95E-07	3.63E-07
G[C>A]A	2.74E-07	5.27E-04	1.87E-03	1.49E-07	4.01E-07	2.85E-07	3.96E-03	2.07E-03	3.75E-07
G[C>A]C	1.34E-03	3.10E-07	3.60E-07	1.82E-03	1.06E-03	2.65E-07	4.65E-03	5.62E-07	2.34E-03
G[C>A]G	1.42E-07	3.78E-07	4.28E-07	1.31E-07	1.01E-07	1.12E-07	6.46E-07	2.95E-07	3.63E-07
G[C>A]T	9.15E-03	2.23E-03	2.18E-02	2.15E-02	4.71E-03	2.33E-02	6.61E-03	2.11E-02	1.60E-02
G[C>G]A	4.18E-07	1.56E-03	2.67E-03	1.84E-07	4.56E-07	2.89E-07	3.73E-03	1.05E-03	6.03E-07
G[C>G]C	1.13E-02	5.56E-03	1.08E-02	1.23E-02	1.42E-02	1.69E-02	6.89E-03	1.05E-02	1.03E-02
G[C>G]G	1.67E-07	3.65E-07	1.58E-03	2.12E-07	1.40E-07	1.64E-07	1.82E-03	2.89E-07	4.10E-07
G[C>G]T	2.73E-03	3.56E-03	7.82E-03	1.81E-02	1.59E-02	1.43E-02	2.23E-03	9.02E-03	2.11E-02
G[C>T]A	2.30E-07	5.36E-03	2.09E-03	4.17E-03	5.50E-07	3.95E-03	1.02E-06	1.95E-03	4.04E-03
G[C>T]C	2.92E-03	2.18E-07	1.32E-03	5.19E-07	8.52E-04	4.06E-07	1.00E-02	1.25E-03	2.62E-03
G[C>T]G	1.42E-07	3.78E-07	4.28E-07	1.31E-07	1.01E-07	1.12E-07	6.46E-07	2.95E-07	3.63E-07
G[C>T]T	1.84E-07	9.06E-03	1.63E-02	1.99E-03	1.07E-03	6.52E-03	9.95E-03	1.61E-03	2.48E-03
G[T>A]A	1.42E-07	3.78E-07	4.28E-07	1.31E-07	1.01E-07	1.12E-07	6.46E-07	2.95E-07	3.63E-07
G[T>A]C	3.67E-07	1.84E-03	4.72E-07	2.71E-07	2.13E-07	2.09E-07	6.02E-07	2.96E-07	3.71E-07
G[T>A]G	1.42E-07	3.78E-07	4.28E-07	1.31E-07	1.01E-07	1.12E-07	6.46E-07	2.95E-07	3.63E-07
G[T>A]T	6.42E-07	2.74E-03	6.04E-04	5.13E-07	3.82E-07	2.18E-07	9.27E-07	3.37E-07	8.74E-07
G[T>C]A	5.13E-03	2.83E-03	7.43E-07	1.23E-06	8.01E-03	8.08E-07	3.41E-02	5.25E-03	9.05E-03
G[T>C]C	1.34E-03	6.15E-03	1.25E-03	2.90E-07	9.72E-07	4.50E-07	5.41E-07	4.28E-03	4.25E-07
G[T>C]G	3.97E-07	5.29E-03	2.14E-03	2.68E-07	2.75E-07	2.23E-07	5.91E-07	7.56E-04	3.59E-07
G[T>C]T	1.97E-06	6.95E-03	2.66E-02	1.57E-02	9.26E-03	1.18E-02	7.47E-03	2.67E-02	3.83E-03
G[T>G]A	1.42E-07	3.78E-07	4.28E-07	1.31E-07	1.01E-07	1.12E-07	6.46E-07	2.95E-07	3.63E-07
G[T>G]C	3.97E-07	4.34E-03	2.16E-03	4.27E-07	4.93E-07	2.66E-07	6.12E-07	1.87E-07	5.28E-07
G[T>G]G	1.42E-07	3.78E-07	4.28E-07	1.31E-07	1.01E-07	1.12E-07	6.46E-07	2.95E-07	3.63E-07
G[T>G]T	2.13E-07	3.61E-07	1.33E-03	1.63E-07	4.46E-07	2.15E-07	2.73E-03	1.04E-03	4.40E-07
T[C>A]A	7.02E-07	3.08E-03	1.37E-02	1.26E-02	5.32E-03	1.80E-02	1.67E-03	8.76E-03	9.43E-03
T[C>A]C	7.19E-03	2.28E-03	3.70E-03	4.97E-03	1.56E-02	3.26E-02	8.89E-03	1.52E-02	6.37E-03
T[C>A]G	1.42E-07	3.78E-07	4.28E-07	1.31E-07	1.01E-07	1.12E-07	6.46E-07	2.95E-07	3.63E-07
T[C>A]T	3.72E-07	3.97E-07	3.21E-03	1.45E-03	3.59E-03	3.23E-07	6.33E-07	3.37E-07	7.12E-07
T[C>G]A	1.42E-07	3.78E-07	4.28E-07	1.31E-07	1.01E-07	1.12E-07	6.46E-07	2.95E-07	3.63E-07
T[C>G]C	2.12E-06	6.23E-07	1.27E-03	2.16E-03	1.58E-03	2.48E-03	1.21E-06	5.50E-07	1.15E-02
T[C>G]G	1.42E-07	3.78E-07	4.28E-07	1.31E-07	1.01E-07	1.12E-07	6.46E-07	2.95E-07	3.63E-07
T[C>G]T	5.41E-07	5.09E-03	7.10E-04	3.77E-07	3.01E-07	3.70E-07	8.16E-07	1.90E-03	7.37E-07
T[C>T]A	1.70E-02	7.46E-03	1.68E-02	1.43E-02	2.29E-02	9.22E-03	2.56E-02	1.82E-02	3.75E-02
T[C>T]C	2.79E-02	5.79E-03	8.63E-03	1.37E-03	1.55E-02	1.03E-02	3.40E-03	1.17E-02	4.67E-03
T[C>T]G	1.42E-07	3.78E-07	4.28E-07	1.31E-07	1.01E-07	1.12E-07	6.46E-07	2.95E-07	3.63E-07
T[C>T]T	1.17E-02	7.72E-03	7.95E-03	1.38E-03	1.17E-02	5.72E-03	7.12E-03	6.13E-03	3.17E-03
T[T>A]A	6.19E-07	3.52E-03	1.66E-03	5.99E-07	2.09E-03	1.51E-06	2.35E-03	3.53E-03	5.42E-07
T[T>A]C	5.81E-03	7.25E-04	3.01E-07	3.63E-07	1.36E-06	1.19E-06	1.94E-03	1.65E-02	1.07E-06
T[T>A]G	2.77E-07	3.19E-07	1.27E-03	2.94E-07	2.84E-07	5.01E-07	1.51E-02	3.66E-07	1.98E-03
T[T>A]T	3.10E-03	6.52E-04	1.86E-03	3.45E-07	3.81E-03	5.21E-07	1.79E-03	1.83E-03	8.82E-07
T[T>C]A	1.39E-02	4.33E-03	9.38E-03	1.40E-02	1.00E-02	1.36E-02	1.26E-06	7.99E-03	7.36E-03
T[T>C]C	4.55E-07	5.35E-03	9.51E-03	4.19E-03	3.60E-03	3.50E-03	1.25E-02	2.07E-03	7.86E-07
T[T>C]G	1.42E-07	3.78E-07	4.28E-07	1.31E-07	1.01E-07	1.12E-07	6.46E-07	2.95E-07	3.63E-07
T[T>C]T	9.54E-03	7.50E-03	2.22E-02	1.59E-02	1.85E-02	9.26E-03	2.52E-02	8.81E-03	1.72E-02
T[T>G]A	3.11E-07	4.23E-07	1.42E-03	6.86E-04	4.72E-07	4.11E-07	2.00E-06	5.19E-07	9.93E-03
T[T>G]C	5.27E-03	3.76E-04	2.86E-03	2.08E-03	4.69E-06	3.05E-04	1.03E-02	1.12E-03	9.56E-03
T[T>G]G	1.42E-07	3.78E-07	4.28E-07	1.31E-07	1.01E-07	1.12E-07	6.46E-07	2.95E-07	3.63E-07
T[T>G]T	4.18E-07	3.47E-07	9.16E-07	4.32E-07	9.79E-04	5.64E-07	3.71E-03	1.04E-03	5.76E-07
