MutationType	Signature A	Signature B	Signature C	Signature D	Signature E	Signature F	Signature G	Signature H	Signature I
A[C>A]A	0.014381721995414147	1.3574855430467678e-06	0.018693378038748605	0.007612147259768197	3.3678347758047683e-06	0.006988800357987165	0.051069814506443226	0.0032821193512179883	0.005325550176787709
A[C>A]C	0.030639799389266035	2.5765497137534892e-06	2.353157903130842e-06	2.3031120773700087e-06	2.6827045445704285e-06	0.012391170394137476	0.001386161081589832	5.170189247823926e-06	4.512897664764894e-06
A[C>A]G	9.1811253001189e-07	3.669012330402287e-06	2.7339199970120514e-06	3.5373134336643304e-06	3.3367888597758385e-06	1.9655184770418e-06	3.0972041738069585e-06	4.2478085068076226e-06	5.112012378696639e-06
A[C>A]T	9.1811253001189e-07	3.669012330402287e-06	2.7339199970120514e-06	3.5373134336643304e-06	3.3367888597758385e-06	1.9655184770418e-06	3.0972041738069585e-06	4.2478085068076226e-06	5.112012378696639e-06
A[C>G]A	0.009177740923434775	0.04903257862182257	0.013777789439130925	0.04190493092743838	0.04082267512865121	0.008325888974265505	0.015274522812515956	0.05980870362403003	0.04604860727088404
A[C>G]C	9.1811253001189e-07	3.669012330402287e-06	2.7339199970120514e-06	3.5373134336643304e-06	3.3367888597758385e-06	1.9655184770418e-06	3.0972041738069585e-06	4.2478085068076226e-06	5.112012378696639e-06
A[C>G]G	9.1811253001189e-07	3.669012330402287e-06	2.7339199970120514e-06	3.5373134336643304e-06	3.3367888597758385e-06	1.9655184770418e-06	3.0972041738069585e-06	4.2478085068076226e-06	5.112012378696639e-06
A[C>G]T	0.017546928288521238	2.945523420513156e-06	2.3313379009445746e-06	2.723445929966075e-06	2.363387087179397e-06	0.006444943937313372	0.0006194845454878139	3.553714285890469e-06	0.0017666529600849532
A[C>T]A	0.03799838575175529	0.0515433804097935	0.11826765398898581	0.06539238326403984	0.19593094676134684	0.03133933914800703	0.14970516480661766	0.025599637104173803	0.028160050690164938
A[C>T]C	0.002447561599352797	3.7734683448298732e-06	2.5212841189085806e-06	3.1281133583175613e-06	3.8308343915348206e-06	0.0011071046797898388	3.1692108146282127e-06	3.830959340231887e-06	4.685326654312933e-06
A[C>T]G	0.01364825480025278	0.0012574347482749999	0.008298628245873546	0.05640622152705863	0.028127297344888735	0.020337195418855817	0.018354470752041385	0.0969813706584563	0.06048130749398034
A[C>T]T	0.041065525230725285	0.01480720884487768	0.02188094993160561	0.025311214050934002	0.03748292157975696	0.13673749548518782	0.006918868877366633	0.05185117940258102	0.013996374742963487
A[T>A]A	0.011005671493929777	5.3311429966410305e-06	2.4907925100801802e-06	0.0018586743741483265	0.0011985862130228825	0.021986032089348802	0.0007104672270373629	3.4060473563234653e-06	0.0019897340362152083
A[T>A]C	0.014086686658129656	0.04246770179530075	0.0036183728398592346	0.04272267251896347	0.030554404835620733	0.0030840815032897205	5.470848692657973e-07	0.027645424639592416	0.01177768321027178
A[T>A]G	0.03110751082768493	6.992229916830907e-07	0.021072671213464275	0.0030009022416363556	0.0012599543533461785	0.0073833997044382565	0.01754772930672757	0.0018915473036913572	3.1753551125450648e-06
A[T>A]T	0.0036892473232451664	2.200750401001118e-06	0.0012127892908470079	1.6622800099960216e-06	3.878625222472207e-06	0.004441831827528438	0.008076602437699105	2.4474138619237668e-06	0.010041580424240464
A[T>C]A	0.054022106380011	0.021521760758667508	0.07820839351778963	0.14916581587351763	0.02091070884885581	0.00773747981410372	0.03072485260420456	0.013842420070344637	0.01710134810046428
A[T>C]C	0.06718991304642183	0.0073876493633543835	0.013642287502795614	0.008021972092436621	0.007589300543388547	0.006840359513056999	0.07442021539623765	0.03736906455248484	0.02087573907458302
A[T>C]G	0.019719710687102487	0.0017280439011125874	0.03272486616905437	0.004533897786969991	0.00710874859193646	0.014906196951194025	0.03507031503973095	6.481596257645756e-07	0.006772168896935537
A[T>C]T	0.06899127450185258	0.030356722843967184	0.19246741999813646	0.029922489859837482	0.007271066401582553	0.0643166011177339	0.0316458264640419	0.02897739377740738	0.05043926341761099
A[T>G]A	9.1811253001189e-07	3.669012330402287e-06	2.7339199970120514e-06	3.5373134336643304e-06	3.3367888597758385e-06	1.9655184770418e-06	3.0972041738069585e-06	4.2478085068076226e-06	5.112012378696639e-06
A[T>G]C	0.0036488034530529016	2.5314770200731963e-05	0.016438428873988584	5.120331270070992e-06	0.0038042803829057533	7.268087097735537e-06	0.017157292505557364	0.013243167880045524	0.002701727619863969
A[T>G]G	0.0042432004457415105	2.671478115015163e-06	0.0006887814258168307	0.0008035613296585773	3.3128339689131674e-06	1.906400570841755e-06	0.0003952717292440953	0.0057851244221005065	4.696234927916454e-06
A[T>G]T	9.1811253001189e-07	3.669012330402287e-06	2.7339199970120514e-06	3.5373134336643304e-06	3.3367888597758385e-06	1.9655184770418e-06	3.0972041738069585e-06	4.2478085068076226e-06	5.112012378696639e-06
C[C>A]A	0.002947695495098565	4.147720742920793e-06	2.145958542750916e-06	3.1392878067052436e-06	3.992678472537799e-06	0.0015838827883025294	3.0975442275278333e-06	3.834896544297736e-06	4.573681771277127e-06
C[C>A]C	9.1811253001189e-07	3.669012330402287e-06	2.7339199970120514e-06	3.5373134336643304e-06	3.3367888597758385e-06	1.9655184770418e-06	3.0972041738069585e-06	4.2478085068076226e-06	5.112012378696639e-06
C[C>A]G	9.1811253001189e-07	3.669012330402287e-06	2.7339199970120514e-06	3.5373134336643304e-06	3.3367888597758385e-06	1.9655184770418e-06	3.0972041738069585e-06	4.2478085068076226e-06	5.112012378696639e-06
C[C>A]T	0.007114394203333094	0.0006283985321437344	1.8418116642767136e-06	1.5380731599096885e-06	2.30732546147117e-06	0.003281678405828248	0.002938850996764634	0.006094919031647038	0.0524865955619569
C[C>G]A	9.1811253001189e-07	3.669012330402287e-06	2.7339199970120514e-06	3.5373134336643304e-06	3.3367888597758385e-06	1.9655184770418e-06	3.0972041738069585e-06	4.2478085068076226e-06	5.112012378696639e-06
C[C>G]C	9.1811253001189e-07	3.669012330402287e-06	2.7339199970120514e-06	3.5373134336643304e-06	3.3367888597758385e-06	1.9655184770418e-06	3.0972041738069585e-06	4.2478085068076226e-06	5.112012378696639e-06
C[C>G]G	9.1811253001189e-07	3.669012330402287e-06	2.7339199970120514e-06	3.5373134336643304e-06	3.3367888597758385e-06	1.9655184770418e-06	3.0972041738069585e-06	4.2478085068076226e-06	5.112012378696639e-06
C[C>G]T	9.1811253001189e-07	3.669012330402287e-06	2.7339199970120514e-06	3.5373134336643304e-06	3.3367888597758385e-06	1.9655184770418e-06	3.0972041738069585e-06	4.2478085068076226e-06	5.112012378696639e-06
C[C>T]A	0.018710757807552953	3.383017224605438e-06	2.1728673371978715e-06	1.4615534252038262e-06	0.0024006000805479946	0.004433326287687882	0.005195910024734453	0.0041229541298197	0.0026426328251090586
C[C>T]C	0.009504973803916775	3.071009140451941e-06	2.534486070277029e-06	3.217071111076725e-06	3.269663950639475e-06	0.0014436203560911833	0.00267885804611734	3.867620794792073e-06	4.687321951386848e-06
C[C>T]G	0.006608002886931544	0.07236682069854038	0.020194906181262073	0.0162309597494206	0.013736287576840336	0.012940790492504288	0.03439001592015977	0.01974246047113727	0.014098494681101744
C[C>T]T	0.03239546649910181	0.14027741223739915	0.028028951918283352	0.04942828376511864	0.07794172256771152	0.03851656926692151	0.016648160244183342	0.013961344330498362	6.667143717033746e-06
C[T>A]A	0.002122328667822988	0.0012099077506859167	0.0012171664507726438	0.0005427075880989989	3.1949866912986185e-06	0.0020226036626534386	0.008527452204144588	0.006642807002172497	0.0018273509720697489
C[T>A]C	0.012404618040246188	0.03576856439303419	0.040090986481653	0.013737383769918107	0.04653310804056152	0.015594039632696354	0.04127353469672282	0.006413724842865911	0.009195416384110379
C[T>A]G	0.03073199723530992	2.2371718479513696e-06	1.660402005140139e-06	0.000882482794973286	1.64752608954326e-06	0.025283144056382524	2.9427553871963914e-06	3.669398470404986e-06	0.005880152044582549
C[T>A]T	9.1811253001189e-07	3.669012330402287e-06	2.7339199970120514e-06	3.5373134336643304e-06	3.3367888597758385e-06	1.9655184770418e-06	3.0972041738069585e-06	4.2478085068076226e-06	5.112012378696639e-06
C[T>C]A	0.02433321572042208	0.014339405260448511	0.07202933332683334	0.04884148476194497	0.042669135398046724	0.02500663141758827	0.022122562484714337	0.0391662631095005	0.0057988768643858265
C[T>C]C	0.02047245254933204	0.0005996225728637351	0.01225859924962069	1.7683924710930938e-06	0.0023156075973229575	0.011249563407675318	0.018692562007377782	0.00981289737128	0.023289018647782878
C[T>C]G	0.0005277318708040052	3.1382950758788578e-06	2.5917980566573506e-06	3.0767323478892993e-06	3.2218023124285454e-06	0.0014609723031427033	3.2668987790792695e-06	3.570480510779831e-06	0.004833372535743355
C[T>C]T	0.003434992082621051	0.014626552808876555	1.514536648679717e-06	0.008268477782427997	0.04032423392873538	0.034054846572195555	0.007275630614394084	0.05751523677650821	0.06936891012365336
C[T>G]A	9.1811253001189e-07	3.669012330402287e-06	2.7339199970120514e-06	3.5373134336643304e-06	3.3367888597758385e-06	1.9655184770418e-06	3.0972041738069585e-06	4.2478085068076226e-06	5.112012378696639e-06
C[T>G]C	0.006781997762775019	0.0005500245901134231	3.3823111904258017e-06	0.002402544164573431	0.003804768729700268	0.01223186002156527	0.003763555928828204	0.006452420872032233	0.0029236983949735397
C[T>G]G	0.006149430285894656	0.0024148888183261052	2.0776165239377723e-06	1.782304567086696e-06	0.003452219487592339	0.003374580654723315	2.405406308886955e-06	0.008505124925359972	0.0014083869900570246
C[T>G]T	9.1811253001189e-07	3.669012330402287e-06	2.7339199970120514e-06	3.5373134336643304e-06	3.3367888597758385e-06	1.9655184770418e-06	3.0972041738069585e-06	4.2478085068076226e-06	5.112012378696639e-06
G[C>A]A	0.0005273958489542123	2.9745883178105438e-06	2.3235876811663994e-06	2.6557681572221793e-06	3.1219979453362843e-06	0.003423270096732708	0.0020771727606743165	3.418090518633511e-06	0.007331969010913723
G[C>A]C	6.353073211142191e-07	0.0018217354180518573	0.0013438248697556945	0.0010677405850718824	2.5166988262895097e-06	1.240493990863807e-06	2.2624927355663084e-06	0.0023476667227992245	0.008610967254130646
G[C>A]G	9.1811253001189e-07	3.669012330402287e-06	2.7339199970120514e-06	3.5373134336643304e-06	3.3367888597758385e-06	1.9655184770418e-06	3.0972041738069585e-06	4.2478085068076226e-06	5.112012378696639e-06
G[C>A]T	0.0022310592385726574	0.06268597903687853	0.020605331237547563	0.0086031845479334	0.05992942484145493	0.048212485864174814	0.051186465468976906	0.03466335878949363	0.009790787030611548
G[C>G]A	0.003159043520542482	2.7483816722691183e-06	3.186404385828343e-06	2.6886035116666163e-06	2.981256593144035e-06	0.0034601498845652527	0.0014325339381998953	3.718864233893239e-06	0.004632610912443588
G[C>G]C	0.008438996574327642	0.025928113978752852	0.022832288486396776	0.052030531150820875	0.05143925856100085	0.017821723595040886	0.021751417724942483	0.029055871290469507	0.006887114372717036
G[C>G]G	7.785636039190513e-07	3.2143466229250953e-06	2.6916758747360233e-06	3.2498224323916763e-06	3.100876142901377e-06	0.0031337566497186596	3.1303547252252207e-06	4.105768821778435e-06	0.0018250100949686696
G[C>G]T	0.0063330303056204455	0.03009683885646059	0.0036408733665210047	0.0463867788168941	0.024674736305853574	0.01245050285995791	0.019630243568979036	0.041704124331926315	0.004464618534772807
G[C>T]A	0.020257397178222086	0.006226634826472832	1.1983023657019688e-06	8.99623743941854e-07	0.009104565315914704	0.0032631323874424754	0.00195704161605684	0.00553397218756577	4.509840660784938e-06
G[C>T]C	4.36727696501719e-07	1.9266673184542413e-06	0.003543140034884957	0.0008541575113243354	1.8679805957632486e-06	0.001929559580627246	0.0018943138040893044	0.0036964494931837105	0.02790356889608159
G[C>T]G	9.1811253001189e-07	3.669012330402287e-06	2.7339199970120514e-06	3.5373134336643304e-06	3.3367888597758385e-06	1.9655184770418e-06	3.0972041738069585e-06	4.2478085068076226e-06	5.112012378696639e-06
G[C>T]T	0.052406901071046647	0.0019940880367402595	3.364604732073676e-07	0.0010749580878532071	0.009277430218024359	0.035136550494375265	0.0016075325446182306	0.0024781618711351805	0.01172276181047299
G[T>A]A	9.1811253001189e-07	3.669012330402287e-06	2.7339199970120514e-06	3.5373134336643304e-06	3.3367888597758385e-06	1.9655184770418e-06	3.0972041738069585e-06	4.2478085068076226e-06	5.112012378696639e-06
G[T>A]C	0.004366137762807647	3.04863673851029e-06	3.4419065481886123e-06	3.856719593645011e-06	3.2001908669619567e-06	1.6735692907396247e-06	2.8202215357458773e-06	4.142373787281126e-06	4.818718960067885e-06
G[T>A]G	9.1811253001189e-07	3.669012330402287e-06	2.7339199970120514e-06	3.5373134336643304e-06	3.3367888597758385e-06	1.9655184770418e-06	3.0972041738069585e-06	4.2478085068076226e-06	5.112012378696639e-06
G[T>A]T	0.006877477304772721	3.1032736862306234e-06	2.982094403743045e-06	3.631283384499724e-06	2.8343067580570806e-06	0.0009238155017509098	2.022143676952464e-06	5.114058480445923e-06	5.245752577279862e-06
G[T>C]A	0.003857455911066698	1.7005121511092291e-06	0.005135488340829335	0.008015916402554916	1.2142328777440917e-06	1.169509984050461e-06	0.0052572156283294084	0.016952679532497364	0.11720425667992579
G[T>C]C	0.024521254966699813	2.5795213103280644e-06	0.0019837831260414904	3.945383372116796e-06	3.4367499550640383e-06	0.0018787412490428054	0.004936598583792797	2.327014792284294e-06	3.894142099932619e-06
G[T>C]G	0.02921456442470377	2.7544613855004724e-06	2.202625738010991e-06	3.217087710686565e-06	2.8310141879758887e-06	0.002142274841865115	0.0007581529378998945	3.571959196406179e-06	4.106095431787102e-06
G[T>C]T	0.012041840682466751	0.035357084340500514	2.090614221950831e-06	0.028359972320063008	0.019036276684292735	0.04866817966147932	0.030285919639604756	0.005954910868038926	0.011067309043971574
G[T>G]A	9.1811253001189e-07	3.669012330402287e-06	2.7339199970120514e-06	3.5373134336643304e-06	3.3367888597758385e-06	1.9655184770418e-06	3.0972041738069585e-06	4.2478085068076226e-06	5.112012378696639e-06
G[T>G]C	0.01905208576274002	3.866675639499596e-06	2.471422924011346e-06	3.4726652497275105e-06	2.8707948510393533e-06	0.002157985086892014	2.2072105943686752e-06	3.65489453583402e-06	4.051963733826527e-06
G[T>G]G	9.1811253001189e-07	3.669012330402287e-06	2.7339199970120514e-06	3.5373134336643304e-06	3.3367888597758385e-06	1.9655184770418e-06	3.0972041738069585e-06	4.2478085068076226e-06	5.112012378696639e-06
G[T>G]T	5.941314529217992e-07	3.4368168014924926e-06	2.511713490133109e-06	2.9635613497603114e-06	3.0498793296759968e-06	0.0013355503774574056	0.001040165915863835	3.991539831363133e-06	0.0027351672645935104
T[C>A]A	0.005425402255468625	0.03661181498142449	1.2110057132323528e-06	0.01067902845918076	0.045403242440808594	0.04057912898480867	0.008766432755781584	0.022961891114158205	0.0016732839221175414
T[C>A]C	0.003579707340903615	0.007297237926643578	0.016651301287704378	0.05043408823108019	0.05189753599015574	0.005191820317217245	0.03134018532226379	0.006373397528141313	0.008897718734341186
T[C>A]G	9.1811253001189e-07	3.669012330402287e-06	2.7339199970120514e-06	3.5373134336643304e-06	3.3367888597758385e-06	1.9655184770418e-06	3.0972041738069585e-06	4.2478085068076226e-06	5.112012378696639e-06
T[C>A]T	7.244470476423018e-07	0.001456626787127637	2.593761667273785e-06	0.004509059064415255	2.724184853736055e-06	0.003209430626275284	2.597047756269775e-06	4.159067908814686e-06	4.8672087163504595e-06
T[C>G]A	9.1811253001189e-07	3.669012330402287e-06	2.7339199970120514e-06	3.5373134336643304e-06	3.3367888597758385e-06	1.9655184770418e-06	3.0972041738069585e-06	4.2478085068076226e-06	5.112012378696639e-06
T[C>G]C	1.1880125754873458e-06	0.0021661325382919625	4.595509399199756e-06	0.00158538089914441	0.003286145898147649	0.0012717343171206822	1.8985236311760998e-06	0.025574401481473337	4.50866935181994e-06
T[C>G]G	9.1811253001189e-07	3.669012330402287e-06	2.7339199970120514e-06	3.5373134336643304e-06	3.3367888597758385e-06	1.9655184770418e-06	3.0972041738069585e-06	4.2478085068076226e-06	5.112012378696639e-06
T[C>G]T	0.01775262231047877	2.7999885394481638e-06	2.787682541428849e-06	3.3755886790265643e-06	2.7882891516208288e-06	0.0007132967383974841	0.0018982862004885712	4.144247411139319e-06	4.8261408424867085e-06
T[C>T]A	0.04745986012358697	0.17809403708302562	0.03180034847787074	0.07795830227155133	0.02077326834838443	0.05399024142857898	0.058260608946471296	0.15120119837408771	0.083002741605358
T[C>T]C	0.018746010411657264	0.0019267957617469431	0.06015861364156505	0.02262291932891848	0.010340292975351191	0.02182695879200706	0.02576345569851424	0.007135623629564799	0.004294985293142513
T[C>T]G	9.1811253001189e-07	3.669012330402287e-06	2.7339199970120514e-06	3.5373134336643304e-06	3.3367888597758385e-06	1.9655184770418e-06	3.0972041738069585e-06	4.2478085068076226e-06	5.112012378696639e-06
T[C>T]T	0.02356803608223052	0.0013771512845966879	0.030136266540303307	0.01174915046290423	0.0057239294408745105	0.01838397312793987	0.008801075477062097	0.005043425012105526	0.014172955765004932
T[T>A]A	0.010667183781852604	2.315997441000986e-06	3.2001687742432665e-06	0.002095590517356613	4.482138849502834e-06	0.0024955599933216776	0.006763497914275265	3.106267507355015e-06	0.004524685537245323
T[T>A]C	0.0010972575863494763	1.086379744969625e-06	0.025467130446989648	4.324541915293132e-06	2.518576815473629e-06	4.807247060614045e-07	0.05714363003958781	2.02783648665212e-06	0.0019411913519696454
T[T>A]G	5.646642996659146e-07	2.2094854319934197e-06	2.1345952207358365e-06	2.608556039063088e-06	1.8363999493523242e-06	0.0025401970942095812	2.2170497078771324e-06	0.001980596905085117	0.043611846577714344
T[T>A]T	0.0009944357495723561	2.706116778197447e-06	0.0030991004344002667	0.005877800064205433	2.1710143680434135e-06	0.002839458633699886	0.0025535840537882887	3.3233088515452097e-06	0.0027321513962920412
T[T>C]A	0.023795918649094278	0.05658910425850968	0.04275649993063748	0.026015861491906545	0.0437523993935849	0.022203030951452235	0.01914175864894095	0.013287198813348913	2.395177454015985e-06
T[T>C]C	0.009064921539795401	0.004199952241516885	1.1191521370540402e-06	0.0036041729976048625	0.004838592794445755	0.02847206089478832	0.0020759187465387284	1.6960282652789174e-06	0.02253020140074703
T[T>C]G	9.1811253001189e-07	3.669012330402287e-06	2.7339199970120514e-06	3.5373134336643304e-06	3.3367888597758385e-06	1.9655184770418e-06	3.0972041738069585e-06	4.2478085068076226e-06	5.112012378696639e-06
T[T>C]T	0.01528939851138709	0.04031000681544923	0.010610277972441467	0.058327155352590934	0.02479497398417064	0.05476212506412227	0.00880779439345847	0.04352059846814155	0.10510135587803324
T[T>G]A	7.407482968226274e-07	0.0006893499926047716	1.8157535292585097e-06	2.2010205838714122e-06	2.0345617915140287e-06	0.002908924255293969	2.300712486925396e-06	0.012047507902329287	5.951820029271537e-06
T[T>G]C	0.0003933602124405832	0.0020801537843530343	0.005272504909643831	5.853794550168265e-06	0.00030818511463601606	0.005758777287979582	0.0011247462990736296	0.023574639733604054	0.01302367304068024
T[T>G]G	9.1811253001189e-07	3.669012330402287e-06	2.7339199970120514e-06	3.5373134336643304e-06	3.3367888597758385e-06	1.9655184770418e-06	3.0972041738069585e-06	4.2478085068076226e-06	5.112012378696639e-06
T[T>G]T	6.95544977657515e-07	2.7003129897726078e-06	2.544174464703908e-06	0.0009816717732251486	2.4226536460519624e-06	2.765334947847541e-06	0.0010395889411134985	3.829271552165438e-06	0.008866176625291792
