Samples	Signature A	Signature B	Signature C	Signature D	Signature E	Signature F	Signature G
Sample1	181	0	230	33	29	333	199
Sample2	540	77	67	156	44	70	46
Sample3	541	93	139	62	71	49	45
Sample4	177	372	42	193	14	21	168
Sample5	157	264	335	89	0	75	116
Sample6	169	434	200	90	54	0	69
Sample7	326	44	15	148	279	201	2
Sample8	431	45	166	119	82	102	40
Sample9	457	117	156	0	74	66	122
Sample10	476	186	73	106	63	61	27
Sample11	200	361	159	108	28	0	169
Sample12	310	179	151	163	0	0	167
Sample13	573	17	114	89	78	16	101
Sample14	284	80	180	113	20	306	0
Sample15	122	333	195	157	0	168	60
Sample16	148	491	182	36	35	101	37
Sample17	300	0	501	0	95	41	46
Sample18	294	0	40	225	328	74	54
Sample19	450	198	184	0	134	0	42
Sample20	512	68	164	94	40	76	30
Sample21	530	184	53	29	70	2	112
Sample22	454	139	66	159	16	106	74
Sample23	71	403	117	88	200	102	35
Sample24	185	439	170	74	50	0	97
Sample25	513	162	78	97	33	24	93
Sample26	169	94	391	0	60	223	50
Sample27	450	176	142	0	67	75	98
Sample28	471	147	128	120	57	32	45
Sample29	139	0	465	282	0	28	58
Sample30	290	67	127	80	93	301	26
Sample31	524	112	111	24	126	47	56
Sample32	557	132	79	31	119	20	42
Sample33	321	61	37	174	305	78	10
Sample34	499	35	138	180	46	83	19
Sample35	542	128	85	56	77	65	47
Sample36	527	49	70	168	49	97	48
Sample37	519	95	72	89	81	42	94
Sample38	515	37	140	124	63	81	32
Sample39	63	253	72	135	288	9	205
Sample40	557	90	92	99	62	56	44
Sample41	200	341	113	108	59	73	86
Sample42	521	113	109	95	38	68	36
Sample43	139	0	465	282	0	28	58
Sample44	158	497	60	126	45	11	77
Sample45	145	449	140	0	88	36	126
Sample46	134	460	178	50	75	55	84
Sample47	492	111	207	51	77	40	30
Sample48	139	0	465	282	0	28	58
Sample49	491	154	204	9	76	27	39
Sample50	475	22	114	163	14	109	111
Sample51	519	134	24	103	89	37	102
Sample52	502	13	95	135	79	117	86
Sample53	139	0	465	282	0	28	58
Sample54	527	120	93	81	85	41	32
Sample55	353	181	201	33	34	72	106
Sample56	431	123	13	116	65	208	18
Sample57	530	147	102	52	89	31	49
Sample58	438	106	129	71	88	30	153
Sample59	106	401	172	92	19	152	47
Sample60	487	104	161	51	42	58	76
Sample61	544	74	175	60	95	9	51
Sample62	114	317	158	123	60	106	108
Sample63	578	110	121	0	42	78	52
Sample64	117	441	122	110	13	114	64
Sample65	157	278	223	3	114	76	136
Sample66	507	94	96	61	74	105	78
Sample67	504	117	121	62	58	76	52
Sample68	156	488	29	150	36	55	66
Sample69	441	109	239	0	82	98	11
Sample70	333	95	226	178	71	68	21
Sample71	491	142	199	3	51	68	60
Sample72	475	59	0	141	66	92	134
Sample73	527	135	35	115	23	65	108
Sample74	503	113	114	105	82	24	44
Sample75	478	119	121	143	59	0	94
Sample76	427	142	181	40	61	107	27
Sample77	80	410	0	167	166	0	191
Sample78	228	450	128	1	43	9	125
Sample79	165	448	76	110	80	0	99
Sample80	139	0	465	282	0	28	58
Sample81	383	166	194	0	35	247	0
Sample82	400	98	272	45	10	147	12
Sample83	118	451	191	103	29	66	58
Sample84	213	371	171	114	70	13	82
Sample85	97	555	54	76	10	124	69
Sample86	152	441	237	0	55	54	76
Sample87	529	0	134	129	51	105	30
Sample88	430	237	55	97	80	106	18
Sample89	537	84	90	74	51	114	64
Sample90	534	162	80	89	53	29	53
Sample91	505	142	111	0	184	41	43
Sample92	437	40	158	149	88	41	95
Sample93	457	63	143	95	50	91	109
Sample94	447	42	147	215	60	103	15
Sample95	566	141	73	80	65	34	33
Sample96	587	114	99	1	80	41	58
Sample97	564	30	80	84	76	76	90
Sample98	330	106	78	142	108	254	0
Sample99	257	261	56	0	0	301	98
Sample100	502	0	181	115	55	64	75
Sample101	524	59	163	64	70	73	47
Sample102	137	389	142	135	37	49	78
Sample103	462	119	191	53	88	41	31
Sample104	215	160	309	106	0	90	112
Sample105	140	410	141	75	102	53	64
Sample106	566	58	52	158	37	86	51
Sample107	511	115	145	37	103	57	46
Sample108	462	25	170	80	26	234	3
Sample109	401	120	180	63	60	137	19
Sample110	68	476	115	54	60	96	132
Sample111	283	66	82	140	308	129	5
Sample112	443	136	170	61	101	79	18
Sample113	139	0	465	282	0	28	58
Sample114	164	319	120	137	58	0	170
Sample115	434	107	228	68	112	45	27
Sample116	452	103	109	81	42	29	192
Sample117	566	58	52	158	37	86	51
Sample118	529	75	186	75	21	101	28
Sample119	125	165	111	210	258	139	0
Sample120	536	160	111	0	137	0	41
Sample121	510	129	42	123	32	56	100
Sample122	390	194	157	76	50	121	31
Sample123	206	48	554	38	90	38	51
Sample124	76	485	134	94	26	63	89
Sample125	111	392	179	100	41	45	100
Sample126	422	118	106	95	74	198	2
Sample127	224	69	494	0	52	39	82
Sample128	459	91	251	45	67	99	6
Sample129	548	139	75	45	78	36	51
Sample130	577	0	164	36	86	69	48
Sample131	451	116	129	43	69	86	91
Sample132	521	55	124	67	80	94	39
Sample133	527	49	70	168	49	97	48
Sample134	573	63	140	44	78	64	27
Sample135	479	21	135	84	56	99	141
Sample136	476	65	99	148	63	68	89
Sample137	497	20	90	108	38	90	145
Sample138	181	472	46	104	96	0	85
Sample139	300	250	152	86	63	0	164
Sample140	268	56	84	135	313	98	54
Sample141	557	39	118	79	50	105	41
Sample142	241	14	55	257	312	117	0
Sample143	434	31	175	54	8	80	199
Sample144	63	591	116	57	64	30	64
Sample145	141	469	110	80	7	26	135
Sample146	546	97	79	132	53	80	27
Sample147	184	446	174	81	31	42	78
Sample148	532	84	76	152	36	93	27
Sample149	108	165	542	0	14	198	0
Sample150	338	84	142	135	68	218	0
Sample151	508	123	172	0	104	51	22
Sample152	505	122	53	132	34	75	87
Sample153	438	58	78	195	85	161	21
Sample154	108	318	222	152	14	36	125
Sample155	405	78	252	101	48	75	33
Sample156	493	38	117	181	67	79	33
Sample157	540	77	67	156	44	70	46
Sample158	498	127	58	124	47	40	98
Sample159	545	37	129	136	48	34	59
Sample160	187	503	80	40	46	9	104
Sample161	479	134	66	117	7	129	76
Sample162	129	364	67	97	162	0	189
Sample163	460	124	168	33	82	106	35
Sample164	552	64	184	0	82	83	20
Sample165	527	126	124	43	66	64	39
Sample166	441	126	130	5	21	211	66
Sample167	349	34	97	126	69	311	0
Sample168	63	292	477	0	99	11	29
Sample169	106	491	137	39	57	0	148
Sample170	489	134	96	66	80	23	112
Sample171	566	58	52	158	37	86	51
Sample172	159	455	64	141	61	24	75
Sample173	177	457	52	130	50	0	111
Sample174	546	134	39	68	90	23	108
Sample175	117	504	82	101	111	8	59
Sample176	207	94	255	116	0	165	171
Sample177	123	360	98	193	75	0	124
Sample178	416	157	189	19	21	114	92
Sample179	519	75	119	65	86	42	86
Sample180	175	94	486	129	42	67	25
Sample181	455	77	145	146	78	60	31
Sample182	0	251	67	113	248	104	225
Sample183	472	124	149	89	60	62	36
Sample184	110	353	184	122	25	123	57
Sample185	313	31	11	185	373	91	10
Sample186	438	221	178	0	108	7	48
Sample187	454	85	73	261	12	97	38
Sample188	149	456	146	134	38	5	96
Sample189	381	40	46	173	58	290	0
Sample190	576	93	62	85	55	74	41
Sample191	492	125	125	67	91	54	38
Sample192	515	39	104	88	68	72	106
Sample193	139	0	465	282	0	28	58
Sample194	131	514	91	43	139	14	88
Sample195	551	4	142	41	118	100	44
Sample196	157	141	551	0	31	16	136
Sample197	137	414	109	125	39	67	76
Sample198	531	117	29	125	31	65	94
Sample199	492	131	90	91	12	72	102
Sample200	481	53	27	218	86	94	76
Sample201	521	43	169	16	58	113	72
Sample202	137	460	120	94	68	9	80
Sample203	292	177	44	0	304	161	40
Sample204	525	127	75	128	23	75	35
Sample205	91	361	145	137	0	136	111
Sample206	309	109	309	7	27	258	18
Sample207	540	77	67	156	44	70	46
Sample208	491	0	154	169	53	34	80
Sample209	122	410	11	45	266	43	122
Sample210	154	439	95	16	44	114	117
Sample211	139	0	465	282	0	28	58
Sample212	137	446	135	20	108	44	83
Sample213	67	549	139	37	30	100	53
Sample214	506	50	117	119	36	75	97
Sample215	340	85	74	48	335	40	92
Sample216	196	146	184	0	72	262	134
Sample217	131	512	138	61	45	0	81
Sample218	567	22	83	94	70	106	46
Sample219	111	0	118	33	110	333	294
Sample220	72	452	7	81	245	0	152
Sample221	120	427	207	34	21	85	135
Sample222	589	76	107	41	80	72	51
Sample223	146	464	119	61	63	94	21
Sample224	65	537	118	0	57	81	117
Sample225	553	209	55	0	86	51	38
Sample226	497	42	134	58	67	87	94
Sample227	476	28	181	88	48	101	93
Sample228	410	91	11	138	42	191	91
Sample229	293	36	89	133	290	147	30
Sample230	475	174	166	4	84	68	29
Sample231	7	309	0	314	200	0	133
Sample232	547	160	32	37	11	132	95
Sample233	185	102	570	25	27	20	45
Sample234	568	54	54	99	70	64	99
Sample235	573	79	97	54	125	0	57
Sample236	469	140	48	117	25	25	198
Sample237	139	0	465	282	0	28	58
Sample238	186	64	513	0	29	54	196
Sample239	457	148	165	92	61	1	92
Sample240	542	64	129	35	109	81	40
Sample241	588	25	88	125	59	50	51
Sample242	43	87	444	21	204	95	96
Sample243	49	454	198	101	90	0	83
Sample244	478	124	108	56	50	99	77
Sample245	400	158	180	60	56	27	132
Sample246	482	57	90	61	63	121	112
Sample247	551	30	63	164	41	113	52
Sample248	428	108	160	0	53	229	37
Sample249	532	129	43	126	45	62	42
Sample250	190	503	154	17	63	61	42
Sample251	258	0	62	204	298	131	64
Sample252	504	78	87	115	38	91	95
Sample253	487	78	186	55	44	91	38
Sample254	517	110	55	109	49	46	94
Sample255	101	451	88	38	68	136	112
Sample256	139	0	465	282	0	28	58
Sample257	509	63	112	85	41	42	140
Sample258	495	248	0	97	60	63	45
Sample259	517	131	168	0	97	22	57
Sample260	548	0	109	0	93	79	156
Sample261	282	63	89	96	310	112	56
Sample262	44	578	137	6	22	133	66
Sample263	90	540	129	55	22	59	79
Sample264	566	58	52	158	37	86	51
Sample265	334	67	0	146	331	135	4
Sample266	487	121	109	127	20	78	37
Sample267	288	151	240	108	12	113	88
Sample268	521	40	112	102	49	109	56
Sample269	230	182	189	0	83	277	52
Sample270	111	0	118	33	110	333	294
Sample271	466	165	196	2	137	0	42
Sample272	278	28	113	119	301	135	11
Sample273	173	472	39	0	78	88	135
Sample274	448	103	88	83	42	147	89
Sample275	486	189	154	44	89	7	58
Sample276	312	334	83	126	31	0	122
Sample277	489	74	113	152	54	73	32
Sample278	483	166	123	68	40	86	19
Sample279	472	134	187	13	101	20	98
Sample280	509	80	32	100	38	69	152
Sample281	495	40	118	177	71	42	75
Sample282	55	399	238	56	93	42	94
Sample283	551	106	47	140	37	66	45
Sample284	89	572	132	0	50	76	56
Sample285	185	0	385	121	135	124	40
Sample286	112	182	14	270	177	0	260
Sample287	562	102	52	139	58	58	37
Sample288	381	60	27	198	56	78	176
Sample289	499	75	154	95	59	110	35
Sample290	143	515	144	66	34	38	89
Sample291	87	498	106	63	54	24	132
Sample292	612	95	19	147	80	4	51
Sample293	301	108	37	85	355	112	1
Sample294	496	159	125	10	80	101	29
Sample295	452	94	251	63	69	59	4
Sample296	163	293	255	118	20	0	170
Sample297	475	123	125	89	10	79	91
Sample298	176	61	612	0	39	58	77
Sample299	493	129	208	0	100	61	17
Sample300	368	122	263	0	16	234	13
Sample301	91	270	63	290	0	160	107
Sample302	519	137	59	108	33	77	59
Sample303	550	101	128	56	54	54	57
Sample304	415	51	142	184	109	49	58
Sample305	186	451	162	74	38	65	53
Sample306	184	431	3	123	96	0	140
Sample307	482	0	196	39	79	141	82
Sample308	521	141	164	42	89	0	62
Sample309	503	122	129	84	90	39	41
Sample310	520	105	97	98	64	23	85
Sample311	447	0	253	47	83	87	68
Sample312	348	31	144	119	67	279	0
Sample313	139	0	465	282	0	28	58
Sample314	331	0	0	165	298	141	82
Sample315	530	147	102	52	89	31	49
Sample316	519	108	113	35	78	41	106
Sample317	511	224	62	98	60	15	44
Sample318	37	0	388	174	180	126	75
Sample319	515	129	145	15	143	2	51
Sample320	252	91	60	155	299	132	28
Sample321	556	78	103	69	75	62	37
Sample322	109	473	36	86	41	70	169
Sample323	566	58	52	158	37	86	51
Sample324	152	468	42	106	64	0	145
Sample325	568	105	133	5	139	2	48
Sample326	462	91	96	108	62	152	47
Sample327	435	50	203	94	111	64	43
Sample328	25	500	128	87	1	136	111
Sample329	57	445	198	53	7	138	130
Sample330	475	3	135	147	64	11	150
Sample331	54	252	0	202	154	91	220
Sample332	288	77	42	142	300	106	53
Sample333	204	419	39	106	94	18	105
Sample334	551	117	84	69	72	51	42
Sample335	97	501	0	24	231	0	161
Sample336	234	94	70	176	277	145	23
Sample337	442	156	145	86	47	115	24
Sample338	0	53	448	131	132	151	69
Sample339	505	158	93	6	66	90	96
Sample340	496	94	194	35	73	98	18
Sample341	367	69	221	95	35	220	29
Sample342	172	147	114	134	280	34	109
Sample343	478	176	149	20	102	0	102
Sample344	540	77	67	156	44	70	46
Sample345	159	425	90	148	59	0	94
Sample346	104	566	101	50	84	56	23
Sample347	456	151	83	22	68	104	95
Sample348	165	299	65	127	181	0	176
Sample349	221	163	149	0	36	374	29
Sample350	508	94	168	24	84	59	42
Sample351	503	127	90	74	47	112	33
Sample352	299	49	44	133	331	75	87
Sample353	0	143	474	0	52	252	71
Sample354	149	482	56	0	76	142	76
Sample355	392	100	0	163	39	214	60
Sample356	541	41	163	38	80	97	30
Sample357	505	51	177	84	89	71	38
Sample358	325	12	65	163	141	295	0
Sample359	150	239	224	131	26	183	83
Sample360	550	84	129	32	99	26	95
Sample361	481	73	164	115	107	0	68
Sample362	514	118	131	70	80	45	34
Sample363	513	192	72	79	55	42	66
Sample364	241	246	56	148	100	29	163
Sample365	471	115	150	0	61	121	97
Sample366	514	58	155	45	63	160	22
Sample367	153	455	227	12	59	81	41
Sample368	534	166	88	17	88	0	99
Sample369	559	106	145	8	82	48	41
Sample370	542	79	75	98	53	91	48
Sample371	531	51	131	54	108	75	50
Sample372	512	17	143	117	40	132	47
Sample373	245	257	241	64	88	0	121
Sample374	521	143	100	24	117	0	95
Sample375	286	99	18	193	258	165	1
Sample376	0	474	150	125	50	115	70
Sample377	262	212	169	0	146	153	81
Sample378	212	398	70	102	36	63	87
Sample379	481	96	145	117	66	76	33
Sample380	26	284	0	170	173	67	296
Sample381	513	165	105	24	89	0	104
Sample382	201	265	0	133	221	0	197
Sample383	484	77	137	89	62	144	29
Sample384	413	90	136	165	44	169	11
Sample385	468	91	66	90	82	215	16
Sample386	198	263	156	163	19	68	167
Sample387	499	52	106	105	82	69	106
Sample388	482	123	64	89	41	131	78
Sample389	518	107	148	0	69	84	93
Sample390	345	97	38	220	0	276	0
Sample391	94	572	76	0	22	79	122
Sample392	579	0	94	54	95	51	119
Sample393	111	0	118	33	110	333	294
Sample394	221	136	473	0	73	8	53
Sample395	243	221	79	121	112	0	205
Sample396	481	102	99	87	80	66	93
Sample397	555	84	106	54	69	64	47
Sample398	476	55	212	35	58	117	73
Sample399	450	38	105	187	45	122	21
Sample400	169	439	189	69	123	0	46
Sample401	139	0	465	282	0	28	58
Sample402	514	104	84	87	49	125	23
Sample403	514	64	156	128	97	0	26
Sample404	431	23	168	190	96	72	33
Sample405	566	58	52	158	37	86	51
Sample406	233	464	0	76	0	65	150
Sample407	163	196	381	0	123	82	17
Sample408	229	154	105	291	0	0	207
Sample409	71	279	135	192	0	153	152
Sample410	541	41	139	67	98	68	38
Sample411	200	202	274	134	6	120	84
Sample412	498	178	53	98	10	47	101
Sample413	163	299	106	218	0	129	66
Sample414	168	527	142	0	34	69	88
Sample415	278	113	124	145	85	94	143
Sample416	186	93	510	0	46	36	148
Sample417	310	50	117	155	48	279	21
Sample418	139	0	465	282	0	28	58
Sample419	519	146	112	71	96	9	39
Sample420	266	27	116	132	341	128	3
Sample421	105	424	73	103	12	96	162
Sample422	195	30	0	309	240	179	51
Sample423	477	139	163	77	29	69	35
Sample424	211	443	15	163	33	11	110
Sample425	542	147	123	6	103	20	59
Sample426	521	102	89	89	48	54	89
Sample427	244	0	90	216	252	194	7
Sample428	500	67	202	56	70	25	59
Sample429	487	175	112	0	110	1	115
Sample430	139	0	465	282	0	28	58
Sample431	482	19	80	181	35	112	91
Sample432	505	177	115	0	44	144	23
Sample433	111	0	118	33	110	333	294
Sample434	495	87	161	74	74	57	44
Sample435	262	212	169	0	146	153	81
Sample436	510	128	93	133	57	38	49
Sample437	477	41	203	78	54	76	79
Sample438	327	106	30	128	82	312	0
Sample439	166	480	72	0	62	32	161
Sample440	167	507	129	79	27	53	54
Sample441	438	82	292	3	113	27	23
Sample442	466	154	208	0	47	86	20
Sample443	256	241	347	0	93	57	6
Sample444	438	129	95	103	114	0	137
Sample445	504	25	116	153	69	121	25
Sample446	520	97	135	80	69	53	38
Sample447	104	447	56	46	220	39	107
Sample448	519	29	132	101	61	72	71
Sample449	108	523	59	98	34	60	89
Sample450	516	42	131	36	90	0	164
Sample451	480	232	87	38	73	65	39
Sample452	272	71	30	200	259	171	5
Sample453	523	91	128	14	109	18	95
Sample454	165	376	0	73	240	0	160
Sample455	80	547	205	28	33	112	18
Sample456	413	81	141	154	56	71	65
Sample457	458	63	68	111	131	188	0
Sample458	535	49	88	156	38	116	26
Sample459	465	183	113	0	95	43	93
Sample460	212	5	105	218	263	181	34
Sample461	422	186	213	52	61	28	46
Sample462	500	44	138	106	36	123	53
Sample463	187	365	87	108	37	35	148
Sample464	498	134	103	49	47	36	105
Sample465	518	162	88	44	91	23	54
Sample466	437	174	209	10	74	0	96
Sample467	225	285	187	103	18	35	167
Sample468	615	51	107	17	69	86	36
Sample469	516	44	174	51	72	105	30
Sample470	517	168	96	67	55	73	24
Sample471	307	349	77	84	61	32	118
Sample472	238	499	118	15	60	0	105
Sample473	404	146	139	23	63	61	182
Sample474	446	55	65	199	43	157	56
Sample475	58	102	551	0	74	99	86
Sample476	179	261	455	0	30	15	78
Sample477	521	148	64	61	47	31	117
Sample478	536	163	94	30	113	0	44
Sample479	485	205	165	33	78	3	46
Sample480	135	502	112	7	57	72	95
Sample481	510	89	63	157	11	124	32
Sample482	545	71	131	117	78	11	26
Sample483	482	121	108	71	38	104	90
Sample484	526	82	102	96	62	80	38
Sample485	570	99	53	105	51	62	46
Sample486	571	119	120	98	25	0	56
Sample487	191	369	51	70	48	110	144
Sample488	496	25	171	76	76	69	95
Sample489	529	97	116	69	86	44	31
Sample490	566	58	52	158	37	86	51
Sample491	52	527	110	89	35	97	69
Sample492	67	240	0	254	230	0	226
Sample493	430	128	98	79	125	84	79
Sample494	45	401	113	131	0	121	158
Sample495	440	147	168	74	27	109	16
Sample496	199	254	104	0	14	386	15
Sample497	241	128	148	237	0	0	238
Sample498	94	491	122	46	101	0	158
Sample499	461	97	173	95	90	40	36
Sample500	39	110	359	154	119	149	83
Sample501	25	13	419	92	173	99	187
Sample502	559	121	67	87	77	34	47
Sample503	495	261	49	41	46	99	22
Sample504	529	247	41	57	77	26	41
Sample505	483	0	188	135	65	123	22
Sample506	172	240	97	121	57	146	141
Sample507	557	91	126	0	51	101	54
Sample508	469	155	106	77	46	49	98
Sample509	91	233	83	237	200	83	87
Sample510	265	146	105	70	44	339	15
Sample511	265	111	78	168	316	39	38
Sample512	451	111	170	74	66	83	70
Sample513	556	3	129	102	49	121	28
Sample514	312	90	96	57	315	113	43
Sample515	444	70	142	107	0	128	109
Sample516	158	80	70	215	243	227	15
Sample517	531	116	131	45	63	96	26
Sample518	508	101	164	40	82	51	39
Sample519	515	49	194	13	83	128	18
Sample520	512	101	125	94	69	46	45
Sample521	484	65	121	0	129	33	160
Sample522	375	86	50	103	86	269	10
Sample523	242	455	11	63	61	40	107
Sample524	408	16	170	207	51	60	96
Sample525	269	49	95	88	306	158	43
Sample526	491	109	132	116	53	8	70
Sample527	174	66	71	184	296	217	0
Sample528	139	0	465	282	0	28	58
Sample529	496	99	120	96	89	43	36
Sample530	225	222	202	109	0	68	159
Sample531	476	140	116	23	47	166	24
Sample532	283	57	27	143	349	149	5
Sample533	414	116	280	50	53	48	18
Sample534	176	442	36	132	0	53	127
Sample535	429	56	104	211	20	137	67
Sample536	337	208	253	0	35	149	18
Sample537	499	119	90	44	65	26	149
Sample538	438	70	109	104	36	106	129
Sample539	201	81	288	0	117	268	59
Sample540	112	126	138	194	263	173	9
Sample541	381	116	146	94	16	116	123
Sample542	41	517	96	84	2	113	121
Sample543	476	55	177	100	111	49	32
Sample544	510	63	148	117	31	43	68
Sample545	278	38	0	176	305	229	0
Sample546	179	420	181	66	63	25	100
Sample547	591	53	69	0	116	88	62
Sample548	176	88	478	0	97	77	110
Sample549	50	169	407	37	48	141	148
Sample550	546	29	130	88	55	98	42
Sample551	493	84	108	73	61	58	102
Sample552	521	123	91	77	73	74	41
Sample553	473	63	213	74	38	86	37
Sample554	486	110	161	47	45	50	101
Sample555	143	455	134	53	87	0	113
Sample556	526	130	95	107	48	70	44
Sample557	493	129	124	47	24	158	12
Sample558	522	30	173	42	85	89	44
Sample559	351	143	241	41	34	168	22
Sample560	407	46	59	172	48	245	0
Sample561	111	0	118	33	110	333	294
Sample562	549	71	93	106	64	84	41
Sample563	117	498	67	86	61	100	55
Sample564	540	40	91	124	42	108	34
Sample565	510	0	285	35	141	21	22
Sample566	567	149	38	101	94	0	70
Sample567	511	2	140	65	62	108	85
Sample568	105	27	424	91	151	96	75
Sample569	222	258	115	54	22	293	30
Sample570	542	97	128	54	56	0	115
Sample571	550	115	151	0	78	45	46
Sample572	363	94	50	90	107	238	30
Sample573	145	195	475	0	59	112	38
Sample574	435	157	195	36	80	62	15
Sample575	215	49	99	117	368	125	44
Sample576	111	0	118	33	110	333	294
Sample577	454	70	132	122	126	54	42
Sample578	477	191	109	0	137	0	100
Sample579	124	482	159	9	87	0	122
Sample580	558	133	109	0	118	11	52
Sample581	506	14	228	98	28	115	19
Sample582	136	129	144	173	244	165	13
Sample583	509	81	150	38	73	94	47
Sample584	156	490	128	0	73	15	105
Sample585	111	0	118	33	110	333	294
Sample586	499	51	103	119	84	87	57
Sample587	47	272	0	85	211	159	251
Sample588	492	46	128	117	57	82	70
Sample589	212	441	144	40	52	14	111
Sample590	85	298	199	135	28	185	44
Sample591	463	110	183	40	62	119	3
Sample592	141	521	151	46	36	62	78
Sample593	6	212	250	229	77	181	17
Sample594	356	90	1	229	0	247	64
Sample595	488	48	159	109	140	31	33
Sample596	263	188	4	88	315	45	119
Sample597	70	321	78	147	238	0	154
Sample598	433	148	61	132	82	151	28
Sample599	540	117	105	82	60	56	32
Sample600	212	0	59	225	314	183	12
Sample601	533	109	141	8	100	14	87
Sample602	411	33	217	124	96	108	19
Sample603	204	288	133	10	114	151	108
Sample604	562	132	94	64	54	47	61
Sample605	485	93	85	120	50	157	26
Sample606	472	64	136	94	116	113	23
Sample607	424	93	98	106	94	142	70
Sample608	493	137	193	23	57	42	39
Sample609	511	159	117	10	76	78	34
Sample610	155	390	20	42	262	0	145
Sample611	538	153	56	105	74	28	54
Sample612	394	112	0	121	54	300	0
Sample613	492	123	84	0	45	110	146
Sample614	161	111	73	169	278	170	45
Sample615	563	44	121	31	101	73	52
Sample616	496	162	95	99	39	47	41
Sample617	107	425	0	118	230	0	135
Sample618	548	134	90	52	65	78	33
Sample619	521	131	159	82	58	0	38
Sample620	578	76	106	49	87	34	50
Sample621	485	140	99	74	65	29	100
Sample622	543	147	102	62	66	37	35
Sample623	387	109	119	98	70	246	0
Sample624	65	503	148	101	24	66	65
Sample625	307	102	0	241	26	318	0
Sample626	454	170	74	177	55	37	57
Sample627	280	96	68	124	311	119	22
Sample628	280	137	59	113	76	297	55
Sample629	534	180	59	0	66	83	86
Sample630	96	149	541	0	15	162	0
Sample631	467	130	123	126	70	44	26
Sample632	487	124	85	77	48	37	150
Sample633	178	400	105	79	42	0	164
Sample634	157	448	103	103	41	23	99
Sample635	574	82	76	45	90	64	54
Sample636	592	123	54	56	67	42	54
Sample637	490	57	146	104	107	75	36
Sample638	503	148	145	21	54	97	32
Sample639	498	108	198	0	115	15	44
Sample640	237	296	45	160	104	5	133
Sample641	435	170	202	0	49	45	91
Sample642	516	135	145	39	85	41	28
Sample643	224	65	63	126	285	148	103
Sample644	262	414	110	4	47	29	162
Sample645	537	64	146	66	95	55	18
Sample646	114	442	54	11	257	0	135
Sample647	139	472	102	70	108	0	94
Sample648	0	402	61	119	197	36	187
Sample649	382	111	196	164	47	80	20
Sample650	400	152	137	51	71	0	197
Sample651	496	76	119	67	67	122	45
Sample652	461	175	124	21	79	0	158
Sample653	460	58	187	118	82	0	87
Sample654	189	355	223	42	16	111	91
Sample655	506	119	86	126	110	10	35
Sample656	551	140	157	42	78	0	32
Sample657	472	75	214	0	128	74	22
Sample658	289	129	489	0	78	0	56
Sample659	322	176	42	138	37	259	0
Sample660	105	254	6	176	267	0	209
Sample661	121	471	95	80	64	0	136
Sample662	161	484	95	81	26	107	15
Sample663	432	85	74	133	92	141	58
Sample664	511	80	132	57	60	60	85
Sample665	167	106	171	137	295	137	3
Sample666	104	408	0	173	185	0	135
Sample667	229	117	585	0	41	22	38
Sample668	599	124	114	1	45	57	49
Sample669	321	112	0	187	344	40	3
Sample670	304	274	73	174	52	0	138
Sample671	128	411	60	137	13	82	163
Sample672	494	51	119	166	47	88	43
Sample673	559	121	67	87	77	34	47
Sample674	295	38	99	158	139	260	19
Sample675	497	82	146	73	84	72	31
Sample676	246	93	100	184	256	137	0
Sample677	485	131	205	0	96	50	48
Sample678	298	121	140	72	116	261	0
Sample679	418	7	44	167	44	198	97
Sample680	544	110	107	43	101	31	43
Sample681	443	59	108	142	68	43	137
Sample682	461	107	55	187	48	41	93
Sample683	439	131	167	41	61	82	64
Sample684	530	131	140	5	50	110	26
Sample685	169	442	3	29	183	0	185
Sample686	445	0	255	71	59	150	28
Sample687	478	0	123	162	50	103	92
Sample688	547	125	123	20	97	27	53
Sample689	566	58	52	158	37	86	51
Sample690	70	398	0	129	175	0	245
Sample691	519	80	180	17	65	1	109
Sample692	418	168	204	14	97	0	107
Sample693	553	130	39	107	58	37	62
Sample694	553	106	102	76	35	94	34
Sample695	483	83	115	96	40	80	103
Sample696	531	78	151	57	73	54	41
Sample697	180	347	129	139	26	51	105
Sample698	511	125	98	27	119	57	44
Sample699	84	456	92	63	91	0	222
Sample700	189	449	156	0	48	40	152
Sample701	489	102	149	45	57	71	102
Sample702	515	115	11	194	24	62	92
Sample703	303	198	71	66	162	185	28
Sample704	551	30	63	164	41	113	52
Sample705	224	430	121	28	64	0	101
Sample706	459	78	273	17	83	58	32
Sample707	544	35	137	85	49	104	35
Sample708	152	335	158	68	134	76	64
Sample709	105	35	433	91	139	114	84
Sample710	501	107	200	0	89	33	48
Sample711	150	373	47	107	65	53	192
Sample712	0	99	439	155	151	127	10
Sample713	602	54	94	88	63	24	64
Sample714	218	445	145	14	62	30	101
Sample715	470	73	57	172	25	114	116
Sample716	453	113	141	96	50	112	35
Sample717	139	0	465	282	0	28	58
Sample718	20	451	147	119	47	40	156
Sample719	199	361	196	0	177	0	101
Sample720	421	100	146	57	134	49	78
Sample721	568	101	65	126	45	39	43
Sample722	112	364	190	149	5	44	151
Sample723	476	137	76	61	54	24	185
Sample724	529	75	186	75	21	101	28
Sample725	129	405	84	112	37	64	170
Sample726	123	522	72	33	59	73	85
Sample727	456	133	157	108	21	78	35
Sample728	469	142	130	124	65	76	10
Sample729	278	187	143	167	0	0	211
Sample730	105	356	200	122	38	89	73
Sample731	201	432	145	61	52	60	83
Sample732	446	125	212	70	56	45	38
Sample733	486	73	62	112	82	67	104
Sample734	465	110	97	98	72	110	31
Sample735	506	154	97	20	135	0	88
Sample736	534	1	174	96	47	74	74
Sample737	271	257	91	27	0	266	70
Sample738	165	378	11	123	180	0	162
Sample739	539	192	44	63	71	15	63
Sample740	444	185	121	117	43	26	44
Sample741	517	95	96	105	88	43	44
Sample742	209	157	6	171	258	87	128
Sample743	501	169	153	0	123	0	39
Sample744	473	70	205	55	69	106	10
Sample745	374	176	231	37	35	140	27
Sample746	465	28	165	34	145	41	102
Sample747	23	317	186	49	218	30	191
Sample748	89	432	94	116	15	117	117
Sample749	526	123	107	67	71	53	34
Sample750	199	306	96	175	35	0	217
Sample751	503	124	116	82	73	19	101
Sample752	139	0	465	282	0	28	58
Sample753	474	101	62	117	31	156	45
Sample754	515	117	68	96	49	48	93
Sample755	539	84	145	56	85	49	27
Sample756	540	77	67	156	44	70	46
Sample757	122	402	93	71	77	32	186
Sample758	120	446	114	64	53	80	108
Sample759	428	62	87	173	129	122	21
Sample760	482	132	183	0	100	0	88
Sample761	527	49	70	168	49	97	48
Sample762	470	98	85	89	47	124	87
Sample763	485	101	120	53	71	46	109
Sample764	182	305	100	212	56	13	102
Sample765	490	73	183	80	66	91	17
Sample766	558	104	115	22	71	68	42
Sample767	256	245	61	186	0	0	234
Sample768	474	191	165	0	75	0	110
Sample769	410	124	71	88	61	227	0
Sample770	454	177	152	93	24	52	26
Sample771	545	46	107	130	70	93	35
Sample772	452	102	202	54	99	35	40
Sample773	449	195	123	58	25	93	37
Sample774	455	53	178	79	96	79	40
Sample775	360	70	106	47	49	278	68
Sample776	139	0	465	282	0	28	58
Sample777	53	337	79	114	230	16	185
Sample778	488	65	149	11	48	61	170
Sample779	114	452	40	203	18	0	152
Sample780	420	132	129	145	42	76	70
Sample781	450	152	124	115	13	157	2
Sample782	582	75	92	52	71	67	41
Sample783	458	146	142	82	41	121	10
Sample784	250	2	71	187	328	112	64
Sample785	490	98	130	168	43	64	25
Sample786	475	105	111	46	94	75	79
Sample787	463	155	247	45	37	38	23
Sample788	106	419	85	86	17	127	142
Sample789	222	403	20	124	95	25	84
Sample790	487	104	150	94	86	34	45
Sample791	590	93	146	18	78	0	83
Sample792	340	45	236	149	70	95	99
Sample793	176	127	446	0	163	56	55
Sample794	436	25	12	147	83	242	22
Sample795	457	147	123	34	99	58	99
Sample796	165	175	191	71	91	282	13
Sample797	504	41	171	51	91	92	50
Sample798	210	510	152	0	82	10	58
Sample799	91	422	105	148	34	85	89
Sample800	492	103	142	95	123	4	33
Sample801	515	40	162	81	54	96	52
Sample802	155	180	103	173	57	72	229
Sample803	521	82	100	96	93	67	49
Sample804	506	103	158	69	119	19	44
Sample805	571	75	124	28	85	58	40
Sample806	537	124	143	0	115	17	54
Sample807	551	30	63	164	41	113	52
Sample808	243	156	292	38	24	217	0
Sample809	98	500	78	140	74	0	91
Sample810	504	65	181	22	89	50	74
Sample811	524	110	134	58	78	54	42
Sample812	470	178	75	176	60	52	15
Sample813	535	99	89	84	66	73	33
Sample814	490	166	125	64	50	41	50
Sample815	529	126	58	105	58	77	47
Sample816	129	536	45	116	22	0	132
Sample817	468	53	62	215	65	137	34
Sample818	25	78	475	112	184	47	72
Sample819	449	141	0	143	78	96	76
Sample820	374	62	83	139	71	205	42
Sample821	467	56	179	86	40	125	66
Sample822	486	76	192	48	81	81	20
Sample823	498	73	180	110	62	55	22
Sample824	571	75	124	28	85	58	40
Sample825	143	222	200	163	26	164	62
Sample826	0	355	238	107	41	122	111
Sample827	433	114	188	46	65	87	75
Sample828	485	124	95	68	132	75	29
Sample829	498	130	69	126	36	46	87
Sample830	42	291	72	190	219	2	193
Sample831	541	8	150	87	55	120	18
Sample832	198	460	166	0	83	31	89
Sample833	484	29	106	187	76	77	33
Sample834	423	115	156	114	106	49	50
Sample835	139	0	465	282	0	28	58
Sample836	477	53	252	0	138	24	41
Sample837	155	506	72	59	41	78	77
Sample838	514	78	172	54	68	74	19
Sample839	495	155	194	3	120	0	51
Sample840	109	0	129	24	108	351	287
Sample841	243	375	77	86	65	69	66
Sample842	525	0	178	68	95	106	47
Sample843	139	0	465	282	0	28	58
Sample844	567	89	112	56	51	85	32
Sample845	136	503	98	65	56	0	108
Sample846	263	38	1	259	259	133	62
Sample847	351	55	84	117	132	260	2
Sample848	504	23	159	158	59	76	29
Sample849	237	77	36	185	304	139	35
Sample850	195	140	516	0	114	0	34
Sample851	322	212	255	32	54	52	87
Sample852	400	121	261	0	93	19	114
Sample853	191	444	50	101	56	54	91
Sample854	338	128	87	117	45	202	51
Sample855	139	0	465	282	0	28	58
Sample856	551	30	63	164	41	113	52
Sample857	0	119	392	78	182	144	65
Sample858	572	141	80	34	91	18	44
Sample859	223	32	103	182	311	140	17
Sample860	496	10	122	149	62	104	49
Sample861	540	77	67	156	44	70	46
Sample862	508	126	97	102	99	40	36
Sample863	520	100	159	35	88	49	41
Sample864	477	139	73	83	60	23	145
Sample865	86	522	123	42	62	110	22
Sample866	560	134	113	23	118	6	46
Sample867	506	57	145	110	61	90	31
Sample868	122	197	477	0	48	119	0
Sample869	265	71	272	0	160	136	116
Sample870	518	153	66	29	66	146	36
Sample871	208	213	264	0	19	227	88
Sample872	139	0	465	282	0	28	58
Sample873	161	504	184	6	8	91	80
Sample874	551	30	63	164	41	113	52
Sample875	364	116	148	0	15	106	213
Sample876	490	152	160	80	25	31	41
Sample877	139	0	465	282	0	28	58
Sample878	106	467	0	40	225	0	177
Sample879	159	205	442	0	78	94	3
Sample880	58	102	551	0	74	99	86
Sample881	400	143	39	179	12	103	139
Sample882	477	99	70	108	42	27	194
Sample883	280	218	140	158	0	22	167
Sample884	434	107	221	0	53	103	97
Sample885	480	107	68	48	49	113	135
Sample886	458	42	143	173	38	64	97
Sample887	429	164	97	81	81	47	93
Sample888	556	0	137	158	51	30	47
Sample889	79	395	176	115	0	132	83
Sample890	551	30	63	164	41	113	52
Sample891	449	77	154	93	106	39	82
Sample892	539	61	79	127	35	90	49
Sample893	453	219	135	4	37	111	33
Sample894	295	114	106	71	86	316	0
Sample895	206	30	84	194	328	149	25
Sample896	76	460	136	9	35	174	87
Sample897	532	58	130	55	92	50	55
Sample898	111	0	118	33	110	333	294
Sample899	537	64	165	62	104	29	31
Sample900	98	344	125	192	0	93	115
Sample901	512	128	172	43	79	37	47
Sample902	458	87	171	63	80	127	14
Sample903	494	21	5	185	57	196	16
Sample904	525	17	139	136	80	28	89
Sample905	420	138	112	6	63	109	152
Sample906	441	224	107	57	50	95	13
Sample907	543	81	111	54	108	41	41
Sample908	428	135	82	76	11	158	132
Sample909	472	64	119	101	71	84	103
Sample910	36	256	93	200	214	33	174
Sample911	523	92	106	111	92	27	41
Sample912	521	90	63	104	54	56	91
Sample913	124	342	79	137	38	135	126
Sample914	200	351	357	12	57	2	2
Sample915	516	46	142	75	73	16	112
Sample916	233	78	106	187	298	73	24
Sample917	481	88	129	124	78	81	33
Sample918	607	25	65	131	92	32	35
Sample919	289	45	50	205	291	106	0
Sample920	157	461	120	28	54	65	89
Sample921	413	183	30	180	99	3	116
Sample922	465	129	125	141	11	111	26
Sample923	512	48	170	89	78	56	32
Sample924	0	151	427	81	142	91	89
Sample925	448	14	147	176	103	97	38
Sample926	557	56	118	32	65	68	84
Sample927	472	122	180	67	76	54	29
Sample928	7	517	107	71	0	107	167
Sample929	417	148	167	68	59	90	65
Sample930	321	195	113	78	44	224	0
Sample931	139	0	465	282	0	28	58
Sample932	444	91	128	21	65	105	138
Sample933	333	238	87	27	157	179	0
Sample934	116	0	159	41	120	293	285
Sample935	569	80	64	112	69	14	80
Sample936	283	113	117	115	111	275	4
Sample937	136	95	124	210	245	183	10
Sample938	490	106	146	9	67	87	80
Sample939	493	91	172	87	23	87	32
Sample940	183	73	47	264	297	135	0
Sample941	139	0	465	282	0	28	58
Sample942	141	49	381	44	243	95	62
Sample943	113	479	179	115	80	1	71
Sample944	533	54	234	26	102	26	60
Sample945	520	145	100	30	69	18	103
Sample946	247	0	44	236	327	154	0
Sample947	226	113	65	205	321	86	0
Sample948	504	46	110	73	59	102	91
Sample949	377	74	76	53	138	254	2
Sample950	139	0	465	282	0	28	58
Sample951	462	0	182	152	68	114	30
Sample952	162	99	83	247	245	143	21
Sample953	530	147	102	52	89	31	49
Sample954	424	71	155	201	55	68	18
Sample955	436	89	218	0	98	36	100
Sample956	540	74	180	1	115	43	32
Sample957	94	378	127	47	138	59	172
Sample958	476	206	144	62	68	38	20
Sample959	493	131	191	0	83	37	84
Sample960	169	48	141	181	286	194	0
Sample961	466	129	90	100	111	21	103
Sample962	494	35	210	0	132	29	92
Sample963	169	240	94	22	84	314	95
Sample964	139	0	465	282	0	28	58
Sample965	206	473	139	9	49	26	80
Sample966	163	372	209	93	91	0	87
Sample967	166	119	435	0	135	75	50
Sample968	82	367	0	202	118	0	239
Sample969	355	171	63	78	82	209	16
Sample970	126	479	19	138	28	24	170
Sample971	111	0	118	33	110	333	294
Sample972	322	135	288	0	35	212	16
Sample973	139	0	465	282	0	28	58
Sample974	527	86	116	106	40	79	54
Sample975	139	0	465	282	0	28	58
Sample976	126	397	79	125	68	0	192
Sample977	484	167	97	0	42	135	83
Sample978	505	155	72	55	119	17	63
Sample979	66	158	351	96	139	73	99
Sample980	158	235	307	0	8	220	83
Sample981	482	138	186	0	111	5	56
Sample982	543	99	62	151	38	68	31
Sample983	554	54	0	177	34	43	161
Sample984	566	58	52	158	37	86	51
Sample985	128	504	125	51	18	28	134
Sample986	231	483	101	57	49	0	106
Sample987	225	233	179	113	21	0	237
Sample988	509	191	139	10	49	101	15
Sample989	509	146	187	23	77	19	31
Sample990	299	66	147	115	24	267	66
Sample991	526	73	156	0	82	48	93
Sample992	545	124	101	0	50	97	91
Sample993	575	78	32	74	101	102	46
Sample994	523	75	128	102	23	79	88
Sample995	505	76	31	216	82	98	19
Sample996	502	0	183	122	107	29	49
Sample997	522	120	89	94	53	71	43
Sample998	286	168	127	0	73	266	88
Sample999	174	521	132	2	57	7	88
Sample1000	554	91	130	43	43	74	45
Sample1001	438	68	190	91	123	59	57
Sample1002	527	62	109	72	58	82	90
Sample1003	448	161	139	76	61	17	77
Sample1004	105	406	65	156	8	130	107
Sample1005	527	108	82	83	42	83	53
Sample1006	477	106	153	138	82	27	25
Sample1007	491	128	126	70	42	47	96
Sample1008	236	432	10	80	1	43	184
Sample1009	516	76	153	43	93	7	112
Sample1010	543	22	175	72	83	90	30
Sample1011	510	0	141	115	46	49	154
Sample1012	307	0	491	15	91	65	48
Sample1013	540	77	67	156	44	70	46
Sample1014	142	392	40	141	87	49	130
Sample1015	369	179	180	45	58	113	56
Sample1016	509	168	72	67	47	99	52
Sample1017	171	82	0	206	317	177	65
Sample1018	239	323	275	34	9	0	120
Sample1019	398	35	113	156	32	175	59
Sample1020	566	58	52	158	37	86	51
Sample1021	204	33	97	237	321	90	26
Sample1022	521	142	69	70	47	107	30
Sample1023	139	0	465	282	0	28	58
Sample1024	242	102	105	153	316	49	49
Sample1025	487	64	102	166	49	95	37
Sample1026	113	79	557	0	82	108	96
Sample1027	489	218	164	0	76	24	37
Sample1028	279	267	44	27	93	232	77
Sample1029	145	474	124	79	92	0	66
Sample1030	485	60	186	89	93	52	20
Sample1031	139	0	465	282	0	28	58
Sample1032	266	190	72	140	92	235	17
Sample1033	217	18	67	197	297	42	167
Sample1034	467	156	107	50	58	69	114
Sample1035	460	114	214	0	94	49	54
Sample1036	173	485	42	93	81	37	68
Sample1037	171	537	135	0	61	31	94
Sample1038	198	30	109	173	316	179	3
Sample1039	140	198	551	0	50	19	50
Sample1040	458	96	152	60	81	140	21
Sample1041	345	63	147	177	0	145	109
Sample1042	532	117	90	76	41	92	40
Sample1043	139	0	465	282	0	28	58
Sample1044	31	0	417	153	175	139	79
Sample1045	499	46	124	102	79	49	90
Sample1046	447	116	151	17	83	63	150
Sample1047	482	219	30	108	11	139	30
Sample1048	497	115	139	30	91	0	108
Sample1049	550	60	166	23	107	0	72
Sample1050	501	75	164	21	80	120	24
Sample1051	158	406	8	86	24	133	158
Sample1052	114	542	37	83	20	49	134
Sample1053	545	42	128	67	29	93	88
Sample1054	391	96	117	126	42	230	13
Sample1055	195	457	147	0	85	53	99
Sample1056	478	201	108	91	59	5	66
Sample1057	513	103	123	51	47	120	35
Sample1058	153	250	136	208	12	142	71
Sample1059	291	78	79	57	348	165	0
Sample1060	281	0	13	196	325	145	45
Sample1061	354	190	39	0	60	217	127
Sample1062	361	106	127	30	188	170	5
Sample1063	103	446	139	50	68	89	79
Sample1064	525	88	108	81	103	41	54
Sample1065	538	120	90	49	58	96	34
Sample1066	90	416	80	126	33	101	119
Sample1067	543	123	112	33	86	37	45
Sample1068	534	65	91	149	41	78	50
Sample1069	139	0	465	282	0	28	58
Sample1070	47	431	49	140	201	12	127
Sample1071	174	368	252	53	89	0	80
Sample1072	444	130	119	111	62	117	25
Sample1073	68	486	56	21	224	0	163
Sample1074	403	166	75	60	87	137	47
Sample1075	428	49	96	154	20	104	149
Sample1076	530	102	149	94	89	0	44
Sample1077	483	145	141	0	60	139	32
Sample1078	459	42	216	7	76	158	27
Sample1079	174	39	650	0	27	84	45
Sample1080	123	497	78	90	46	31	110
Sample1081	482	53	146	115	104	2	106
Sample1082	552	69	102	101	49	84	35
Sample1083	494	78	117	164	89	27	39
Sample1084	387	97	111	120	69	251	0
Sample1085	539	94	146	44	67	56	46
Sample1086	548	105	97	81	56	64	35
Sample1087	570	92	37	130	76	16	65
Sample1088	254	109	249	75	0	178	120
Sample1089	508	112	156	16	96	32	61
Sample1090	42	370	221	130	10	150	112
Sample1091	465	160	93	65	90	57	70
Sample1092	505	130	125	62	101	33	52
Sample1093	527	58	148	28	103	66	50
Sample1094	540	124	78	60	75	69	46
Sample1095	237	26	34	212	371	52	68
Sample1096	506	126	57	49	63	0	184
Sample1097	502	0	172	124	61	58	69
Sample1098	579	115	58	66	82	55	53
Sample1099	407	136	79	114	43	180	16
Sample1100	202	81	36	281	236	171	0
Sample1101	481	108	159	110	88	30	43
Sample1102	235	0	73	186	307	165	30
Sample1103	368	59	34	186	320	41	0
Sample1104	279	164	109	0	101	328	0
Sample1105	506	75	157	7	109	0	154
Sample1106	397	190	146	0	141	0	126
Sample1107	426	219	126	0	125	42	54
Sample1108	506	7	145	113	78	83	53
Sample1109	321	93	246	161	0	93	57
Sample1110	573	38	158	19	116	68	28
Sample1111	337	238	47	86	17	257	0
Sample1112	527	72	23	109	59	26	165
Sample1113	239	126	446	0	63	135	14
Sample1114	369	208	130	58	110	123	28
Sample1115	542	70	106	98	70	57	37
Sample1116	87	68	559	118	3	161	4
Sample1117	318	63	470	7	95	0	55
Sample1118	470	180	121	93	46	36	33
Sample1119	188	183	68	180	0	191	155
Sample1120	476	17	99	180	56	90	90
Sample1121	5	322	130	70	308	0	197
Sample1122	297	123	124	118	114	225	0
Sample1123	200	447	89	27	128	0	95
Sample1124	489	106	127	94	57	45	82
Sample1125	477	182	76	12	110	29	138
Sample1126	487	157	174	0	106	5	86
Sample1127	332	222	220	22	40	63	85
Sample1128	480	138	121	98	33	78	44
Sample1129	133	412	146	71	43	90	87
Sample1130	224	50	134	168	290	107	12
Sample1131	566	58	52	158	37	86	51
Sample1132	119	207	299	0	68	329	0
Sample1133	409	22	150	179	56	133	78
Sample1134	180	541	65	0	66	48	68
Sample1135	228	65	0	270	293	104	54
Sample1136	96	413	136	0	201	16	154
Sample1137	472	90	154	61	68	71	84
Sample1138	431	138	189	82	88	42	44
Sample1139	372	87	236	159	108	30	35
Sample1140	179	203	114	116	147	0	209
Sample1141	139	0	465	282	0	28	58
Sample1142	139	0	465	282	0	28	58
Sample1143	213	449	183	0	74	3	99
Sample1144	262	212	169	0	146	153	81
Sample1145	292	0	43	242	347	62	10
Sample1146	472	166	126	42	110	0	110
Sample1147	131	514	111	72	47	0	100
Sample1148	536	131	151	27	96	27	24
Sample1149	491	128	79	182	88	21	47
Sample1150	558	152	99	18	109	5	51
Sample1151	150	454	121	75	76	0	125
Sample1152	240	74	64	115	298	198	26
Sample1153	139	0	465	282	0	28	58
Sample1154	103	467	82	103	40	48	130
Sample1155	332	3	128	188	177	154	5
Sample1156	574	71	82	71	77	0	114
Sample1157	494	79	84	96	46	126	61
Sample1158	452	222	86	85	69	0	94
Sample1159	105	521	127	67	30	49	76
Sample1160	249	181	72	104	329	72	0
Sample1161	497	80	95	54	96	127	65
Sample1162	545	121	85	39	93	0	102
Sample1163	282	97	150	54	82	234	74
Sample1164	494	77	157	70	48	76	86
Sample1165	147	431	73	91	85	59	96
Sample1166	521	20	157	81	76	110	20
Sample1167	198	85	125	197	295	84	12
Sample1168	323	148	171	110	4	207	45
Sample1169	558	75	105	100	99	47	24
Sample1170	229	277	178	128	0	0	167
Sample1171	163	457	80	63	40	139	25
Sample1172	514	176	116	56	68	13	49
Sample1173	583	99	138	4	93	5	41
Sample1174	550	57	110	96	74	64	37
Sample1175	489	128	80	96	84	81	50
Sample1176	473	172	72	89	31	102	69
Sample1177	505	107	186	10	53	81	36
Sample1178	170	448	114	74	69	29	76
Sample1179	512	144	131	75	92	0	38
Sample1180	534	116	75	92	41	39	89
Sample1181	551	30	63	164	41	113	52
Sample1182	56	369	9	161	239	0	188
Sample1183	505	82	96	60	63	44	150
Sample1184	502	40	190	113	48	28	87
Sample1185	526	72	153	55	79	70	25
Sample1186	520	86	134	32	82	84	54
Sample1187	492	121	139	70	33	99	67
Sample1188	517	158	61	165	59	18	36
Sample1189	161	306	91	122	223	0	114
Sample1190	500	114	119	42	76	102	27
Sample1191	137	356	113	143	99	28	109
Sample1192	86	410	111	113	53	100	109
Sample1193	104	215	544	5	52	0	108
Sample1194	118	459	13	190	57	0	139
Sample1195	506	78	108	147	79	54	28
Sample1196	550	127	95	0	75	38	115
Sample1197	220	145	92	138	315	84	4
Sample1198	456	193	116	48	71	46	89
Sample1199	566	58	52	158	37	86	51
Sample1200	104	320	101	182	55	136	82
Sample1201	101	461	120	130	89	0	81
Sample1202	419	35	168	103	57	194	24
Sample1203	475	152	136	116	57	30	42
Sample1204	558	134	72	77	62	40	49
Sample1205	315	239	220	0	9	126	103
Sample1206	529	141	146	42	73	13	48
Sample1207	460	176	198	9	96	17	36
Sample1208	246	13	524	126	92	0	23
Sample1209	537	129	119	43	90	12	42
Sample1210	570	67	79	67	75	80	47
Sample1211	311	79	160	87	93	107	148
Sample1212	516	152	88	58	92	36	58
Sample1213	536	120	148	0	50	113	33
Sample1214	203	370	27	150	31	0	205
Sample1215	514	95	192	2	100	35	40
Sample1216	528	163	63	122	65	34	52
Sample1217	512	148	125	21	113	21	45
Sample1218	272	89	62	129	308	153	0
Sample1219	220	457	87	40	36	61	81
Sample1220	519	74	118	104	72	58	40
Sample1221	101	342	0	3	268	45	211
Sample1222	492	31	156	147	64	89	46
Sample1223	324	47	90	177	42	278	36
Sample1224	431	81	201	75	54	48	100
Sample1225	429	212	220	0	36	95	23
Sample1226	446	117	177	51	100	102	33
Sample1227	578	68	80	117	80	2	63
Sample1228	270	166	474	0	23	0	30
Sample1229	119	411	74	219	18	2	133
Sample1230	380	123	67	19	82	286	27
Sample1231	232	406	144	76	76	3	96
Sample1232	519	49	143	101	83	45	48
Sample1233	517	71	107	120	73	57	35
Sample1234	425	43	133	192	57	86	79
Sample1235	104	345	15	114	263	5	167
Sample1236	505	114	149	62	83	32	35
Sample1237	551	30	63	164	41	113	52
Sample1238	161	235	79	170	75	91	163
Sample1239	574	92	81	76	54	78	37
Sample1240	104	459	152	0	102	0	170
Sample1241	220	152	97	77	23	347	56
Sample1242	464	102	154	68	43	87	82
Sample1243	42	483	155	153	21	70	57
Sample1244	509	34	37	181	70	180	12
Sample1245	80	415	146	162	8	102	66
Sample1246	541	123	90	25	116	75	38
Sample1247	496	96	182	62	53	66	26
Sample1248	134	505	202	4	85	58	40
Sample1249	500	80	127	90	49	102	44
Sample1250	37	510	97	75	77	108	75
Sample1251	526	96	150	7	108	40	58
Sample1252	245	42	175	164	94	267	0
Sample1253	489	150	79	38	31	141	80
Sample1254	485	117	90	100	48	48	104
Sample1255	542	122	64	114	10	87	46
Sample1256	485	53	150	81	91	81	67
Sample1257	530	140	89	54	69	70	48
Sample1258	507	161	67	21	106	3	114
Sample1259	505	88	93	103	57	128	34
Sample1260	42	327	187	149	57	34	188
Sample1261	194	54	68	234	283	185	0
Sample1262	556	78	103	69	75	62	37
Sample1263	488	126	168	55	95	25	35
Sample1264	407	81	163	78	7	237	49
Sample1265	562	116	75	11	62	49	105
Sample1266	130	439	71	143	26	55	110
Sample1267	163	391	150	33	62	78	98
Sample1268	542	119	60	66	79	123	29
Sample1269	495	105	158	0	96	97	41
Sample1270	259	331	0	109	65	105	112
Sample1271	395	110	201	99	63	127	20
Sample1272	443	23	99	121	104	163	21
Sample1273	481	72	108	125	59	35	135
Sample1274	307	108	93	65	137	266	25
Sample1275	118	524	98	42	17	102	80
Sample1276	211	39	68	267	269	161	0
Sample1277	139	0	465	282	0	28	58
Sample1278	87	483	152	41	64	93	64
Sample1279	487	21	112	164	47	134	21
Sample1280	250	64	101	99	302	170	0
Sample1281	262	85	11	152	306	163	29
Sample1282	384	112	18	212	147	0	106
Sample1283	189	214	0	154	237	5	203
Sample1284	540	77	67	156	44	70	46
Sample1285	73	357	142	101	17	108	203
Sample1286	286	190	388	0	14	0	86
Sample1287	495	77	156	71	116	44	21
Sample1288	105	391	240	23	58	149	15
Sample1289	522	93	89	72	48	56	109
Sample1290	419	148	124	131	46	41	99
Sample1291	345	83	42	241	93	188	27
Sample1292	518	57	165	65	75	86	42
Sample1293	446	224	181	0	84	26	31
Sample1294	456	152	60	132	14	99	100
Sample1295	344	168	141	45	68	84	150
Sample1296	267	80	202	127	115	217	0
Sample1297	297	44	18	168	284	137	60
Sample1298	94	384	208	51	1	80	147
Sample1299	121	295	23	194	217	0	168
Sample1300	484	52	103	183	53	88	37
Sample1301	471	129	56	79	62	78	133
Sample1302	0	157	459	5	184	112	104
Sample1303	223	156	390	0	0	98	125
Sample1304	187	118	522	15	55	51	60
Sample1305	301	6	137	140	177	251	0
Sample1306	469	155	50	59	104	162	35
Sample1307	472	186	114	44	85	76	41
Sample1308	194	500	47	81	67	0	84
Sample1309	547	90	85	51	52	64	103
Sample1310	381	18	336	0	94	33	121
Sample1311	102	438	123	45	64	92	122
Sample1312	0	298	6	140	295	118	117
Sample1313	340	152	95	100	79	202	0
Sample1314	541	137	90	52	86	16	63
Sample1315	151	26	138	197	260	230	0
Sample1316	139	0	465	282	0	28	58
Sample1317	457	101	159	60	86	40	105
Sample1318	573	128	71	40	73	45	50
Sample1319	139	0	465	282	0	28	58
Sample1320	542	44	115	146	66	42	53
Sample1321	146	464	119	61	63	94	21
Sample1322	190	72	166	133	277	177	0
Sample1323	301	0	72	154	371	65	38
Sample1324	112	491	121	71	82	0	91
Sample1325	533	90	124	30	85	87	51
Sample1326	373	240	0	153	47	136	26
Sample1327	145	438	139	94	26	36	89
Sample1328	245	228	214	101	9	0	183
Sample1329	546	64	63	172	33	23	107
Sample1330	535	72	125	46	120	41	46
Sample1331	63	362	152	150	0	136	103
Sample1332	181	0	74	241	270	192	49
Sample1333	508	175	10	113	38	15	149
Sample1334	41	415	0	149	248	0	120
Sample1335	158	465	93	19	63	131	59
Sample1336	523	143	88	38	60	83	50
Sample1337	468	97	192	61	89	59	34
Sample1338	151	309	82	141	41	145	132
Sample1339	547	24	125	90	109	0	97
Sample1340	157	460	98	137	36	18	74
Sample1341	516	138	89	82	102	0	89
Sample1342	158	446	228	36	44	60	63
Sample1343	459	95	248	44	55	61	19
Sample1344	136	199	526	15	34	68	39
Sample1345	513	131	158	0	120	0	105
Sample1346	567	121	105	35	75	30	52
Sample1347	500	96	0	150	52	147	29
Sample1348	537	96	123	74	105	20	33
Sample1349	69	417	152	130	30	117	58
Sample1350	340	182	254	31	0	67	107
Sample1351	79	430	0	114	213	0	195
Sample1352	527	49	70	168	49	97	48
Sample1353	267	27	93	220	311	95	3
Sample1354	154	407	123	66	35	69	128
Sample1355	140	432	94	81	43	118	71
Sample1356	547	117	95	64	89	17	56
Sample1357	536	150	74	14	90	79	42
Sample1358	267	11	83	194	323	127	10
Sample1359	478	63	167	126	36	80	42
Sample1360	574	90	91	61	69	64	40
Sample1361	136	347	103	115	0	128	151
Sample1362	55	424	126	185	40	103	47
Sample1363	149	477	181	0	43	25	100
Sample1364	505	30	150	91	86	76	41
Sample1365	394	79	150	100	45	179	87
Sample1366	441	82	205	49	31	127	83
Sample1367	554	21	113	122	89	90	30
Sample1368	443	64	211	91	117	64	18
Sample1369	30	408	0	141	175	33	216
Sample1370	502	114	78	144	65	35	42
Sample1371	503	117	73	169	38	66	42
Sample1372	318	198	262	0	19	133	51
Sample1373	169	542	110	29	24	70	84
Sample1374	533	86	107	88	59	71	48
Sample1375	450	197	135	0	67	117	34
Sample1376	512	117	138	0	106	89	26
Sample1377	502	139	106	48	96	0	101
Sample1378	572	141	80	34	91	18	44
Sample1379	558	71	87	85	39	114	33
Sample1380	266	140	154	0	165	231	62
Sample1381	165	364	138	90	110	25	92
Sample1382	0	186	539	90	47	124	0
Sample1383	447	28	80	193	96	115	27
Sample1384	379	85	100	178	56	217	19
Sample1385	119	387	216	46	41	90	83
Sample1386	432	135	161	96	13	101	70
Sample1387	473	79	120	109	53	126	40
Sample1388	446	109	210	59	64	108	12
Sample1389	507	173	183	0	87	20	38
Sample1390	71	505	65	111	39	97	101
Sample1391	174	425	206	0	60	25	137
Sample1392	244	217	139	13	46	239	92
Sample1393	182	300	155	211	19	113	0
Sample1394	529	61	194	56	106	0	43
Sample1395	516	145	134	54	45	41	80
Sample1396	489	132	90	27	86	92	84
Sample1397	568	127	76	67	102	0	52
Sample1398	491	54	204	46	71	87	28
Sample1399	516	85	83	173	22	100	21
Sample1400	497	105	185	0	82	35	88
Sample1401	493	59	77	186	39	63	83
Sample1402	359	113	396	0	108	0	66
Sample1403	155	358	147	142	33	35	105
Sample1404	468	156	133	17	28	161	18
Sample1405	540	154	56	94	53	50	45
Sample1406	0	394	31	240	193	0	156
Sample1407	465	109	200	37	95	15	71
Sample1408	57	497	189	54	55	66	63
Sample1409	557	19	15	193	87	24	113
Sample1410	540	77	67	156	44	70	46
Sample1411	362	120	0	139	72	268	21
Sample1412	0	128	396	124	134	79	140
Sample1413	566	58	52	158	37	86	51
Sample1414	556	113	71	72	53	84	51
Sample1415	162	390	135	143	63	2	77
Sample1416	95	340	145	245	86	10	73
Sample1417	444	144	224	15	140	0	25
Sample1418	459	46	189	130	40	101	35
Sample1419	182	395	54	44	84	96	113
Sample1420	448	78	182	62	80	54	114
Sample1421	415	86	175	157	74	65	54
Sample1422	257	69	37	138	355	126	14
Sample1423	209	40	72	204	301	119	25
Sample1424	412	154	35	69	103	202	5
Sample1425	494	147	115	52	140	0	60
Sample1426	167	375	64	150	31	82	104
Sample1427	566	58	52	158	37	86	51
Sample1428	72	262	169	205	101	32	140
Sample1429	598	33	113	86	78	26	55
Sample1430	209	497	131	4	60	91	43
Sample1431	561	0	152	88	77	109	27
Sample1432	510	49	177	61	74	96	25
Sample1433	139	0	465	282	0	28	58
Sample1434	113	528	162	0	48	1	135
Sample1435	584	126	104	11	78	45	44
Sample1436	468	170	192	7	80	18	44
Sample1437	571	139	69	98	23	78	36
Sample1438	571	155	97	37	80	0	45
Sample1439	139	0	465	282	0	28	58
Sample1440	455	67	95	189	76	44	87
Sample1441	156	465	136	96	33	61	88
Sample1442	509	93	89	107	79	37	101
Sample1443	539	70	75	126	56	65	49
Sample1444	113	465	95	101	107	0	85
Sample1445	154	490	128	48	69	0	85
Sample1446	444	143	191	53	84	66	45
Sample1447	149	204	104	284	0	150	83
Sample1448	495	85	152	93	53	79	29
Sample1449	529	80	114	32	68	126	43
Sample1450	518	102	118	72	140	18	47
Sample1451	339	68	99	179	125	191	0
Sample1452	503	54	131	76	78	90	68
Sample1453	521	142	69	70	47	107	30
Sample1454	292	125	77	159	86	280	0
Sample1455	523	158	115	56	67	34	47
Sample1456	530	126	119	0	85	16	116
Sample1457	510	79	197	82	40	50	22
Sample1458	73	368	0	93	213	13	258
Sample1459	485	85	95	129	68	55	91
Sample1460	104	506	102	102	43	32	92
Sample1461	517	29	157	149	84	0	44
Sample1462	145	325	0	152	179	0	215
Sample1463	190	116	468	0	167	57	31
Sample1464	445	3	148	162	40	166	36
Sample1465	557	61	132	37	93	56	37
Sample1466	500	60	84	75	49	72	152
Sample1467	113	378	96	63	184	11	172
Sample1468	506	106	96	68	113	33	105
Sample1469	497	47	150	18	150	43	95
Sample1470	423	51	87	221	72	63	83
Sample1471	139	239	313	0	97	176	7
Sample1472	120	387	127	162	37	37	114
Sample1473	106	445	38	0	256	0	171
Sample1474	138	418	263	17	81	0	106
Sample1475	562	123	73	58	60	67	37
Sample1476	79	350	70	218	0	104	167
Sample1477	368	167	81	104	107	147	15
Sample1478	537	150	103	68	58	41	43
Sample1479	481	117	180	27	112	25	43
Sample1480	518	88	121	94	58	70	30
Sample1481	282	0	79	160	347	106	34
Sample1482	472	145	193	28	85	36	33
Sample1483	509	136	96	69	85	39	45
Sample1484	502	56	189	0	111	59	61
Sample1485	527	49	70	168	49	97	48
Sample1486	522	70	111	57	63	80	97
Sample1487	258	130	136	138	77	201	48
Sample1488	468	24	125	168	46	97	80
Sample1489	542	175	89	8	81	62	28
Sample1490	519	85	181	6	115	36	36
Sample1491	72	353	36	206	223	0	121
Sample1492	200	356	124	40	73	29	205
Sample1493	406	110	79	82	78	222	59
Sample1494	74	266	0	183	229	54	212
Sample1495	484	98	158	58	76	35	83
Sample1496	283	156	96	132	31	83	205
Sample1497	449	73	138	148	77	86	55
Sample1498	586	118	74	54	50	63	47
Sample1499	543	4	144	100	48	107	35
Sample1500	196	252	79	217	44	101	86
Sample1501	105	532	124	45	33	48	87
Sample1502	251	107	129	25	329	131	47
Sample1503	493	117	122	190	49	26	20
Sample1504	467	82	78	108	60	177	46
Sample1505	404	152	176	68	76	24	92
Sample1506	195	73	106	129	307	177	31
Sample1507	222	128	443	0	102	90	33
Sample1508	62	251	17	242	210	0	221
Sample1509	475	117	88	95	36	108	73
Sample1510	566	117	78	83	68	46	34
Sample1511	389	117	201	98	83	108	31
Sample1512	139	0	465	282	0	28	58
Sample1513	469	123	135	65	69	103	51
Sample1514	500	106	166	67	61	47	33
Sample1515	530	147	102	52	89	31	49
Sample1516	486	64	134	102	112	62	40
Sample1517	279	383	132	105	0	0	121
Sample1518	486	137	47	154	17	145	34
Sample1519	139	0	465	282	0	28	58
Sample1520	149	296	0	198	243	0	131
Sample1521	462	74	234	100	76	45	9
Sample1522	103	358	78	82	202	0	178
Sample1523	521	87	128	89	55	101	33
Sample1524	221	78	128	88	323	72	106
Sample1525	528	98	129	92	51	80	40
Sample1526	543	87	124	57	71	58	39
Sample1527	517	119	113	32	73	99	32
Sample1528	165	82	114	214	241	178	20
Sample1529	446	104	131	96	51	102	62
Sample1530	162	452	105	97	45	29	78
Sample1531	485	126	99	66	104	107	39
Sample1532	522	92	91	107	42	117	21
Sample1533	111	0	118	33	110	333	294
Sample1534	121	181	229	0	14	379	70
Sample1535	489	169	97	55	77	96	38
Sample1536	571	67	71	97	110	55	37
Sample1537	556	101	143	34	119	22	40
Sample1538	491	201	30	127	28	33	98
Sample1539	461	48	243	88	95	50	30
Sample1540	501	95	115	69	63	44	92
Sample1541	526	67	150	47	90	77	43
Sample1542	108	401	0	131	169	0	206
Sample1543	255	436	99	18	72	0	88
Sample1544	534	66	60	169	17	108	38
Sample1545	414	133	75	141	46	36	169
Sample1546	437	139	0	118	71	194	8
Sample1547	511	56	150	110	44	54	67
Sample1548	55	392	40	107	249	0	170
Sample1549	562	138	97	43	75	10	47
Sample1550	556	78	103	69	75	62	37
Sample1551	105	307	19	145	223	14	195
Sample1552	111	0	118	33	110	333	294
Sample1553	153	389	100	100	100	67	72
Sample1554	124	490	37	89	47	104	96
Sample1555	146	37	117	236	265	190	24
Sample1556	157	137	424	32	99	65	49
Sample1557	470	143	144	121	7	63	32
Sample1558	507	58	149	108	73	71	34
Sample1559	156	477	58	69	39	38	143
Sample1560	496	90	47	113	88	65	101
Sample1561	575	27	139	58	81	65	35
Sample1562	521	84	126	102	34	83	30
Sample1563	175	479	132	0	79	17	142
Sample1564	111	0	118	33	110	333	294
Sample1565	143	462	78	99	42	36	105
Sample1566	116	437	157	79	28	98	72
Sample1567	298	81	114	151	120	245	0
Sample1568	566	58	52	158	37	86	51
Sample1569	201	442	190	26	56	0	93
Sample1570	164	534	140	0	81	0	111
Sample1571	487	13	108	142	68	103	94
Sample1572	126	378	54	123	178	0	154
Sample1573	486	80	93	76	112	56	97
Sample1574	223	161	149	105	102	185	86
Sample1575	139	0	465	282	0	28	58
Sample1576	248	123	110	191	78	262	0
Sample1577	139	494	114	82	48	26	77
Sample1578	93	425	91	109	79	104	72
Sample1579	530	23	99	85	120	74	84
Sample1580	500	65	117	135	41	107	43
Sample1581	456	18	49	129	85	196	32
Sample1582	518	63	155	49	77	102	44
Sample1583	515	130	167	37	48	43	52
Sample1584	174	419	161	112	74	0	94
Sample1585	536	114	126	25	97	37	50
Sample1586	168	507	67	49	80	20	96
Sample1587	482	160	139	8	62	96	38
Sample1588	190	162	0	169	271	106	116
Sample1589	244	189	463	0	67	23	38
Sample1590	195	363	63	186	78	0	95
Sample1591	469	134	144	14	120	88	46
Sample1592	130	241	67	153	42	127	215
Sample1593	385	196	173	0	121	47	105
Sample1594	474	110	195	0	88	13	104
Sample1595	319	119	123	21	112	235	47
Sample1596	417	74	123	137	69	124	74
Sample1597	163	471	48	97	14	76	97
Sample1598	522	0	137	135	49	60	97
Sample1599	416	0	36	178	139	160	77
Sample1600	407	40	163	175	55	140	47
Sample1601	537	123	87	78	80	61	42
Sample1602	505	20	130	116	46	135	34
Sample1603	557	98	117	12	77	31	116
Sample1604	110	295	150	225	21	46	189
Sample1605	169	366	13	207	39	0	183
Sample1606	88	456	179	89	101	53	8
Sample1607	485	94	176	58	64	38	85
Sample1608	500	134	84	51	54	83	86
Sample1609	497	137	127	18	70	104	39
Sample1610	515	98	116	121	26	81	69
Sample1611	140	269	155	249	15	0	208
Sample1612	462	127	170	55	37	109	68
Sample1613	433	106	122	88	93	96	70
Sample1614	482	90	140	123	70	72	37
Sample1615	154	388	33	134	73	46	137
Sample1616	482	98	107	64	34	159	82
Sample1617	210	396	18	131	87	8	132
Sample1618	139	0	465	282	0	28	58
Sample1619	96	460	38	27	211	0	170
Sample1620	111	0	118	33	110	333	294
Sample1621	453	103	164	124	46	43	51
Sample1622	474	116	206	0	85	7	104
Sample1623	301	178	246	35	93	35	96
Sample1624	125	546	146	28	33	61	85
Sample1625	493	63	121	137	66	97	31
Sample1626	210	46	156	123	343	69	61
Sample1627	57	367	7	113	229	52	182
Sample1628	129	248	279	120	64	151	35
Sample1629	498	114	155	44	34	93	62
Sample1630	186	422	100	28	26	11	203
Sample1631	233	104	282	109	131	68	87
Sample1632	328	0	73	219	295	80	21
Sample1633	300	0	501	0	95	41	46
Sample1634	498	87	187	87	21	93	27
Sample1635	558	138	42	116	45	54	47
Sample1636	441	22	0	257	50	195	2
Sample1637	250	164	158	46	28	249	92
Sample1638	535	106	75	80	62	73	55
Sample1639	623	104	60	75	76	0	54
Sample1640	553	89	58	88	64	91	43
Sample1641	564	99	56	87	79	69	54
Sample1642	263	165	77	66	0	366	38
Sample1643	534	216	46	19	21	141	36
Sample1644	237	474	0	0	77	29	149
Sample1645	139	0	465	282	0	28	58
Sample1646	477	143	115	75	41	127	48
Sample1647	202	69	99	202	313	133	0
Sample1648	220	398	100	108	68	5	77
Sample1649	95	306	159	169	0	73	214
Sample1650	130	437	152	99	73	18	70
Sample1651	300	204	0	125	27	270	68
Sample1652	311	0	59	228	356	59	0
Sample1653	144	529	171	9	38	66	31
Sample1654	514	150	29	117	53	77	78
Sample1655	101	307	162	265	26	42	78
Sample1656	139	0	465	282	0	28	58
Sample1657	394	166	196	83	46	85	22
Sample1658	497	77	131	129	48	134	14
Sample1659	465	157	232	0	49	70	17
Sample1660	567	23	84	152	62	72	48
Sample1661	460	162	120	87	70	52	68
Sample1662	95	449	107	132	42	46	102
Sample1663	428	182	74	150	79	0	95
Sample1664	568	102	63	52	109	40	51
Sample1665	609	77	81	0	91	60	54
Sample1666	0	231	435	0	126	226	0
Sample1667	84	415	0	167	185	0	164
Sample1668	268	162	5	186	0	312	40
Sample1669	137	465	72	112	6	107	69
Sample1670	197	261	250	0	96	66	112
Sample1671	551	30	63	164	41	113	52
Sample1672	300	0	501	0	95	41	46
Sample1673	463	78	73	232	17	62	83
Sample1674	566	58	52	158	37	86	51
Sample1675	501	93	132	49	68	56	93
Sample1676	169	488	84	57	20	82	73
Sample1677	234	402	95	28	18	106	143
Sample1678	545	130	93	59	60	57	56
Sample1679	175	411	117	143	46	0	77
Sample1680	255	108	24	136	313	143	33
Sample1681	480	61	111	124	63	89	57
Sample1682	297	159	196	101	75	135	60
Sample1683	123	462	176	37	80	40	57
Sample1684	303	0	73	172	256	177	0
Sample1685	188	436	21	123	73	16	125
Sample1686	300	0	501	0	95	41	46
Sample1687	549	80	103	80	56	71	50
Sample1688	530	63	120	59	73	47	93
Sample1689	516	145	163	1	123	18	34
Sample1690	436	74	154	152	121	20	35
Sample1691	40	136	486	77	121	136	26
Sample1692	429	123	139	61	24	50	154
Sample1693	442	139	200	66	80	83	4
Sample1694	101	626	79	7	51	47	68
Sample1695	153	520	158	0	92	29	75
Sample1696	185	225	53	165	0	337	29
Sample1697	540	77	67	156	44	70	46
Sample1698	262	212	169	0	146	153	81
Sample1699	168	362	200	56	30	134	85
Sample1700	537	142	132	0	99	58	32
Sample1701	515	43	166	105	42	113	24
Sample1702	415	97	49	178	43	198	0
Sample1703	344	129	148	91	58	233	26
Sample1704	506	171	101	24	66	0	149
Sample1705	235	410	34	44	92	61	97
Sample1706	216	147	222	64	15	275	43
Sample1707	537	77	48	85	58	108	95
Sample1708	139	0	465	282	0	28	58
Sample1709	479	192	120	69	99	27	29
Sample1710	425	7	172	103	79	72	134
Sample1711	470	93	135	95	172	0	35
Sample1712	546	0	171	63	86	23	90
Sample1713	139	0	465	282	0	28	58
Sample1714	197	290	160	159	0	0	174
