MutationType	Signature A	Signature B	Signature C	Signature D	Signature E	Signature F	Signature G	Signature H	Signature I
A[C>A]A	0.0071300202468044995	0.008263744833397833	0.004029530348804142	0.006249697633297431	0.005371040517993558	0.005971698005218323	0.01406096960201909	0.00945665270981085	0.007917442615089733
A[C>A]C	0.00089563635065556	0.004105774462545795	0.00292810852952067	0.011955634900643972	0.007654587551632406	0.007637796538491156	0.004431648124611438	0.008348089439558412	0.010164946474160746
A[C>A]G	0.005943628210665202	0.0075352866606599785	0.010017288504493248	0.003361836110088625	0.006271091488818201	0.004931854036722013	0.003533944320505332	0.014562690489799822	0.0050562610533252655
A[C>A]T	0.01296694643428314	0.01064723990611825	0.0027699077508451363	0.005943285719597816	0.006787171651795909	0.004916407563170337	0.0015126972180743942	0.00967676366434448	0.008849597431214332
A[C>G]A	0.022041754737071845	0.024665411509027638	0.021134349311708482	0.022460633419919572	0.015923343277960376	0.013282547959313705	0.022461862079976365	0.02644445415322191	0.008933101640818798
A[C>G]C	0.011160776294529452	0.00993809732878469	0.003312472062904157	0.004206142906494579	0.008094190943221453	0.005001720131177503	0.00611632926060391	0.010260760239065416	0.0032382067701450298
A[C>G]G	0.005869440030014019	0.012533345149457843	0.011078797749822681	0.004998899373519407	0.0014554601686562576	0.0068431870692205405	0.006976942707894942	0.004040832317142255	0.006079054517719106
A[C>G]T	0.007882820520251249	0.00848589174137657	0.0054029054840240036	0.008317140045161254	0.011866081734497609	0.0012729340655650882	0.006008733407497244	0.004879511958611021	0.0061066762711675555
A[C>T]A	0.07170140875765371	0.04297444015879473	0.02550466642491716	0.029953156308085614	0.04263383115673119	0.020782622338181664	0.029424247415028876	0.031928532771038326	0.010433364944996935
A[C>T]C	0.00397889366106739	0.0012207743209777296	0.009165583909372471	0.012032311245103799	0.01715414589549788	0.010420588308362013	0.004812541174436371	0.004624627211904713	0.0038985273985651697
A[C>T]G	0.016448976104514852	0.0257985651646667	0.023447909597507175	0.028307731710787293	0.013092377280883605	0.01056445306669893	0.025378616066174895	0.020458652789862364	0.018233858123084506
A[C>T]T	0.013920526867138948	0.023504453756444145	0.03416105870818341	0.02634819361962533	0.01028200979848946	0.014093263735321814	0.015908713924405703	0.03411920722277041	0.02192779017119258
A[T>A]A	0.004417184311022154	0.008463305431649009	0.007406831758943609	0.004525628266053534	0.008757322761029444	0.004564710226077479	0.011951638311498893	0.007165761140984028	0.009916145172323641
A[T>A]C	0.02863340656451499	0.02300047413033457	0.014106575575263012	0.01757129374850599	0.015728589891487867	0.01529643333568218	0.01897823499987445	0.019454006224880763	0.01936935175269215
A[T>A]G	0.006106999096320762	0.004527560502483071	0.005612797052125184	0.004322852138698073	0.014971971932793083	0.007940023256037921	0.0037544429560827375	0.006886754517280009	0.00552308126142436
A[T>A]T	0.004872867236030236	0.009031399983251184	0.0066505390265830175	0.00839442941388328	0.004065842161835277	0.008425657644374043	0.0015515631461712417	0.011152948612729535	0.0047940291182368665
A[T>C]A	0.017056113908705747	0.02338782942055952	0.01988764700249926	0.03237731682357155	0.027581775691418828	0.02494834852937554	0.01281113662699222	0.014445653279223362	0.006609937764316413
A[T>C]C	0.010909878558808393	0.012886899339911783	0.009246128120070803	0.005173705960749843	0.0007164356050298984	0.008618714704437116	0.022312898442913967	0.002573082199633223	0.01147979550445681
A[T>C]G	0.002126992823616544	0.007733809027370288	0.0031598762194983655	0.014080568226860818	0.01738561789468451	0.004504094307896226	0.004074263188658659	0.005555928798296271	0.005878600614258177
A[T>C]T	0.016266932896787045	0.05256650537033229	0.02057299405366811	0.014902860862468524	0.02994531029052892	0.009585412823954371	0.012255150653223705	0.014431121849148845	0.031361574287079357
A[T>G]A	0.006075232376110055	0.01518901442671187	0.009274269762835002	0.0030096635405021215	0.001382499568789289	0.00873330117616963	0.003171529119463911	0.008383563533977092	0.007869857992364525
A[T>G]C	0.007253068282518006	0.008120992106963813	0.003463825816559546	0.004733640779086598	0.010904642062798727	0.006030101085231759	0.0128724264573911	0.0077161610057494695	0.007269301967484623
A[T>G]G	0.00823435968822914	0.00600240851064828	0.011781970664817806	0.005182761280916121	0.008030286984492423	0.0062113712144621835	0.004858783269975487	0.008778548136843447	0.007484863869515518
A[T>G]T	0.007666731311556107	0.014794139708385758	0.004705355754395712	0.010263126762340343	0.0026485122195876766	0.006146487647951622	0.00429348463631282	0.004118724254196848	0.004646704667593796
C[C>A]A	0.006553642063272825	0.0008807943546970067	0.006079409021801578	0.006254249033296423	0.008544395415576734	0.010876043066808946	0.005549266100351486	0.007079240506659682	0.007782056356699459
C[C>A]C	0.0074440700192579794	0.00614398916809907	0.005911719735385582	0.005420376498128361	0.010446927991522886	0.004132546227314492	0.00837065552296877	0.004292906367122079	0.0032425951747545876
C[C>A]G	0.008678246186369464	0.006573505418573009	0.007711560817834204	0.006212722777595577	0.004953924289717907	0.004107908229616748	0.008691525158701828	0.006316483180617466	0.00827503278000783
C[C>A]T	0.005084224414008881	0.00745491685336599	0.006580267138452762	0.007876040321204553	0.006397675920871669	0.011008759207899906	0.0028962467872304916	0.004083557844324978	0.013907280870757696
C[C>G]A	0.004426514674105439	0.008321453779416762	0.0029177036664148133	0.013984099079786136	0.0071354750392269555	0.005091089077976756	0.010158784039112537	0.007162319864253723	0.003858537391930093
C[C>G]C	0.008163707669405712	0.006313572324142042	0.004739018465056283	0.004100252933642843	0.005177341870791849	0.011146021523607462	0.006785647630293393	0.01081797640021735	0.004559077008000379
C[C>G]G	0.008564531186136839	0.004396213281875682	0.005804103398019181	0.004729724430037863	0.0072384944602489915	0.0032653937915325918	0.013053620341943926	0.003707370612970472	0.0029791378881364444
C[C>G]T	0.004139618422918511	0.006152382204613375	0.005732722849368704	0.010304922102184012	0.007860278876727338	0.006018466972588879	0.006533990819011097	0.003439544972314637	0.011727429308182668
C[C>T]A	0.0076993265425287305	0.005028172140318172	0.004492613649065745	0.001986910028363999	0.010657037516897831	0.005606581532880676	0.008473650846304342	0.01214019479002532	0.008318553073687406
C[C>T]C	0.004268075629167319	0.0019479606175261508	0.009812744187038232	0.0039231230704491245	0.006593693930895605	0.005879496414105168	0.002210730344382787	0.01129851751718443	0.01681841455979921
C[C>T]G	0.021989333891889718	0.018488925833492334	0.038279380896480975	0.017006471370587865	0.009548418341517314	0.013448108778157438	0.01337571431825098	0.020776009837028035	0.011271714421840514
C[C>T]T	0.035008578479973	0.04144930213635717	0.019191173643224188	0.03692069613564701	0.03596074610025647	0.04440817055929529	0.02005725063899501	0.020805344404187603	0.04294444933597941
C[T>A]A	0.007701353800772325	0.011943340222056426	0.0026592376785626757	0.006276060232722973	0.00952157353304668	0.005931363212433498	0.010702689573724814	0.008662921566411273	0.00416476083661022
C[T>A]C	0.01815250310784524	0.011167554676430401	0.01979729262230371	0.022330569050568815	0.004304089025101895	0.02592559518798579	0.011684414577051766	0.030720560347071005	0.013624785879205712
C[T>A]G	0.0038858512438726543	0.008884993943822018	0.008118653956140656	0.004382753311230367	0.005895000176499164	0.004988138104577192	0.007623118264812263	0.008131691736330767	0.006921636536046157
C[T>A]T	0.004569706296282609	0.0066563413064781515	0.004286050941927501	0.005899665923210359	0.004030641897431554	0.0037963812167363387	0.004079602796634524	0.006307308391029292	0.02282840870794065
C[T>C]A	0.028295680012042586	0.01730185048387481	0.0225815153296166	0.01497507544295246	0.03168773448614117	0.020130656929344	0.013541540501354496	0.02334735769994571	0.020310110028254048
C[T>C]C	0.012147606818792374	0.006549872351952766	0.00803908662602397	0.009321989427633992	0.0265550339066146	0.0032075127051679137	0.010162106215445317	0.010757834541755074	0.004230167181174135
C[T>C]G	0.0022739270483424175	0.005295757299511802	0.021101565981565387	0.006311329154346092	0.005220164767609461	0.0031554503400013398	0.00478404254721345	0.004914988422338305	0.008653003980531032
C[T>C]T	0.01735240346922476	0.020877447956924564	0.01835691174290641	0.009547302983905485	0.021297028500143884	0.018968252611555776	0.024615106503936002	0.011937495736325087	0.020468355863513827
C[T>G]A	0.008993728091892434	0.0072246517364108545	0.007444176656206116	0.004558484913380718	0.007321912388266065	0.0010453821601179528	0.004977988977217309	0.00951783702181287	0.009083567750442296
C[T>G]C	0.00848265478682024	0.005928871757153303	0.006484606155953183	0.005476335235329539	0.012508227398402249	0.009794196194971279	0.011209910796299375	0.005068194441235955	0.002264116867528445
C[T>G]G	0.0024211813768523216	0.009238743214189162	0.005406942841525046	0.010032701965238642	0.008880923277644006	0.003988406124063995	0.006493645618648072	0.005811618282634503	0.007044951643417289
C[T>G]T	0.009478181319433461	0.004431725796960609	0.004218496212346331	0.008507114662032801	0.005906678236023227	0.008416482652583776	0.0035284289266642645	0.011239833023595932	0.009521487793200613
G[C>A]A	0.001282974951025724	0.0035930571048934925	0.00445576569019624	0.005557009515186879	0.010653732409931558	0.009540770435546193	0.0069928707707647905	0.008255553513924577	0.006873898043456613
G[C>A]C	0.010188996328718041	0.00631719478381289	0.0038515950186782796	0.005460168157389726	0.012684237326707351	0.008736082523745055	0.0050624190011456845	0.005625441322042081	0.0020667952860962554
G[C>A]G	0.008499781732062162	0.004480405151249219	0.00959130872575608	0.005088918731465062	0.002834894432657973	0.010230585878220835	0.008579561744472948	0.0020375598864031856	0.004894672222438543
G[C>A]T	0.01094229318715729	0.02811914549788603	0.013466711796255429	0.016014483134522556	0.02209442347302598	0.040312616588392094	0.025699389950033357	0.02330525803765038	0.02633311967872936
G[C>G]A	0.006982389240078914	0.00553719835039646	0.008613713760140933	0.004299162221825903	0.005467697054401741	0.011901959307591284	0.008039757443956852	0.006730120010749204	0.005619423235949063
G[C>G]C	0.023307148338624826	0.022095082015962445	0.015978473984275918	0.019930488100181915	0.017947384866807404	0.019274579844390995	0.024452682853601058	0.0237938706480629	0.01812372624979985
G[C>G]G	0.0037613109453774737	0.007975307881994284	0.010056481788224492	0.007633554544524928	0.007164971726541177	0.009758950288334838	0.002843728649335107	0.005576375317084624	0.004342645573957362
G[C>G]T	0.02285689565227221	0.009908838373965823	0.026306374833382037	0.017252008932139008	0.011200739290553804	0.01364379886045498	0.04415595158639011	0.013669121323672912	0.017518339653185576
G[C>T]A	0.00426792786887871	0.0051635353076251896	0.011195338803887232	0.003316882521571913	0.011160678223547545	0.0063543766770909876	0.014178464598826511	0.006625640276600137	0.009665468543103736
G[C>T]C	0.00609733949571346	0.007603604376283955	0.00457619245462819	0.0038779687678538103	0.008594569872258439	0.014047093543379158	0.008863488608778903	0.010264741534316547	0.007223243156073584
G[C>T]G	0.00979549698730204	0.005412026066726087	0.0075128777814322135	0.009213131096831875	0.0032789518344840136	0.0013379920834039863	0.008833060142122115	0.007440415466541582	0.009806163390194078
G[C>T]T	0.009094836628911643	0.008714678217158859	0.005685891050551994	0.0035378400969153984	0.007798526379778006	0.0021996278475145256	0.011180646827514991	0.009314300912305992	0.004720990096395063
G[T>A]A	0.0055827506428957775	0.005570251848934855	0.012390406665829221	0.008635876403537354	0.00607431944546264	0.009221116341791102	0.0007035143639122839	0.005006452093891415	0.002451077155419677
G[T>A]C	0.008008344940240076	0.0060710723110734555	0.010028883690184308	0.01183245094160665	0.0037612795698387085	9.682824732764945e-05	0.007980294636466776	0.0037969889277802696	0.006166013079118068
G[T>A]G	0.005713633653985211	0.007850753238795336	0.007953350000613264	0.004795708027195236	0.007866124515649862	0.003910483005232804	0.009093511336531072	0.006228046452735842	0.006752846218935779
G[T>A]T	0.010100877971387846	0.002954580488312329	0.016298366940443485	0.004941494987191632	0.007147130539489384	0.006411279672595182	1.6630491729609447e-07	0.0024199756334870853	0.010723720303529584
G[T>C]A	0.010377088937402546	0.011984428387600318	0.0069362261130979175	0.007491265612611091	0.010502438418811438	0.005727673473428517	0.00875900751180687	0.007437555734955392	0.007335877113911233
G[T>C]C	0.006789767926117365	0.008453988061745236	0.003520862200029805	0.007609308703226218	0.008367355932948869	0.009651491650524483	0.003884849521947863	0.007551049896044096	0.005324247278114336
G[T>C]G	0.0070631158285710365	0.005380059101227741	0.002705071912211478	0.007647339976637821	0.003888717348552776	0.016893738797227602	0.005443363962371522	0.008111523460103213	0.0031493217061186176
G[T>C]T	0.011259226971966473	0.009138943989045583	0.024376724760133976	0.02529301607478898	0.017072322591446833	0.027051899649039153	0.03151846699898525	0.02120646538014391	0.016594228476756904
G[T>G]A	0.007863903059580677	0.004790993367360954	0.00779314204012912	0.0052092121833500786	0.0069684500367081775	0.0062992851138981825	0.011664653447778965	0.006896586009248637	0.004941144646111867
G[T>G]C	0.008427404493003415	0.01080818346295309	0.006444778811764411	0.006597324226701177	0.005931178083931295	0.001790788224883113	0.007937347963089585	0.006530104495820891	0.003781183679812304
G[T>G]G	0.0037409893249954348	0.003855318026185787	0.010583935508097116	0.002664974129842999	0.01115066774005729	0.011829484087143023	0.0042806141450126576	0.005531308780787245	0.007338077093995039
G[T>G]T	0.010471225889711873	0.007199290521832442	0.002867580407203485	0.009958014401956598	0.009196439765701333	0.003527470654994142	0.006525121082341139	0.004293321211611972	0.004786970149008488
T[C>A]A	0.006663787456836344	0.018485348005906455	0.01897165683512086	0.025611539979327018	0.023627427584136742	0.026607473385180137	0.007773054578260321	0.014864303327989905	0.04170852305533882
T[C>A]C	0.003729303110023204	0.003129280386981297	0.010103550888448897	0.007366927164036795	0.009244744752472892	0.0038032205248523083	0.005531212509084217	0.0030118275220068066	0.012632897860577356
T[C>A]G	0.009352750351570535	0.007926549737587246	0.007915376019515271	0.008394592063481181	0.0020843123601604306	0.006574014388189823	0.0025830683142132665	0.012740779839884041	0.005728730744611792
T[C>A]T	0.008554893265804851	0.004576142362545061	0.008492207546133383	0.00663103233786823	0.0050636616962191905	0.0016821810756393956	0.01884730579124962	0.007604101270611934	0.008421997276968735
T[C>G]A	0.007246499959963203	0.006056278261067522	0.010675693436412313	0.002342037387490826	0.007988759764684425	0.009626754435751068	0.008272698110413774	0.00637661993136511	0.009627119167388025
T[C>G]C	0.008435916101544068	0.008329498127615131	0.0025365277278115105	0.009531904648957987	0.00835422950007787	0.00800184134138928	0.0053023095231580514	0.006277310617229302	0.006677594660403175
T[C>G]G	0.00761635347111695	0.0038245731247310006	0.005099159178273381	0.013395986280786126	0.008884868614945956	0.00505414659693758	0.003355511435700503	0.012791863629666063	0.006444629505313836
T[C>G]T	0.008289676206807418	0.006902072923641886	0.0038586985393592953	0.0050118192876411095	0.012593430886865632	0.0061621443768613456	0.007981721845843347	0.008376526910159903	0.005545927405738768
T[C>T]A	0.05225955452997495	0.028141244398483596	0.06688155337576004	0.044362892498525285	0.03201133569763176	0.05754942079230336	0.03816023057024582	0.026627678648794117	0.04616908294257907
T[C>T]C	0.010834720093507184	0.014828496022058104	0.007738056137174494	0.00540539383102189	0.005747664518234179	0.0027317727276482675	0.008820122119048644	0.01850597013437133	0.009442358077238274
T[C>T]G	0.004422851023245441	0.009532459283820172	0.00494631737147065	0.0031307437528282117	0.011248206292426583	0.004530063643604939	0.008593518141995465	0.006514357954956912	0.0019913443876135254
T[C>T]T	0.01146543755009777	0.004094796525631463	0.00469489627044388	0.003857469404260598	0.005682827022219152	0.029645681818965583	0.02208420325382115	0.007264301728075823	0.009092164184751759
T[T>A]A	0.007478525856074121	0.007709381854968235	0.005781743990567158	0.011284745188377902	0.008369660118200044	0.006279645198309794	0.006182427117792642	0.006270256861138974	0.014736211784290111
T[T>A]C	0.009775822439908667	0.009402449964560286	0.006791119816711089	0.002889878558345666	0.006400122837630874	0.009794277183778413	0.011455637059521469	0.008461394216210213	0.006742685956410266
T[T>A]G	0.004658664355367291	0.006477650443462788	0.008051413961335567	0.004590526946046131	0.005004216085022145	0.005699880992772864	0.002986044360987244	0.013664091424260921	0.00701027046655318
T[T>A]T	0.006259727536321412	0.00677858481712032	0.006034469535818583	0.0076542216958410065	0.004807045664803803	0.00421195867279048	0.009382638805593521	0.0036165770161019632	0.006764786011279248
T[T>C]A	0.021245143945340716	0.013359000085694257	0.024566187760395975	0.024486296069440427	0.014624702415134043	0.018142485942446523	0.02112415692865023	0.01574546421702839	0.03401875262467671
T[T>C]C	0.0022103169554009328	0.003427340946996948	0.009452624572744074	0.010524087439168078	0.009394822890248428	0.010797147097890886	0.01215601861777057	0.008095756015377788	0.009068113233081746
T[T>C]G	0.009927168425001357	0.008495768267541524	0.007959088077869306	0.0025094908093656497	0.004386735874133473	0.004839025242865359	0.008108398404207627	0.006861433230854499	0.006167973641970601
T[T>C]T	0.01486938117717387	0.010704360163364669	0.012679224055498239	0.05560042131586496	0.011969613476227258	0.035994200980388726	0.022856868129073227	0.032843773394309723	0.026557152337134335
T[T>G]A	0.009430322811301699	0.004024997824020594	0.006116277452233156	0.006849169796827903	0.009509919568577514	0.004829962172289566	0.010291935881193367	0.0039692360282578805	0.0022232556270899775
T[T>G]C	0.00270653289889045	0.010743416178131595	0.003956290155907019	0.011263179253930732	0.006864969161149312	0.009947230186243942	0.004861178914597825	0.009043676464336611	0.012271656310609601
T[T>G]G	0.007255552443218884	0.007286731594753961	0.0031148256101749374	0.00449854697717814	0.007569604967426831	0.008998256424867693	0.008905920713752744	0.007698997576622077	0.008715873530879721
T[T>G]T	0.007500135219451516	0.002755940957199299	0.005824643545092348	0.00393801494489594	0.007412331494248533	0.01768711041146642	0.004638410465385682	0.00732578968696119	0.007866004556424513
