MutationType	Signature A	Signature B	Signature C	Signature D	Signature E	Signature F	Signature G	Signature H	Signature I	Signature J
A[C>A]A	0.016377657617443964	6.638231162024706e-08	5.711508041696243e-08	0.0013207680916794257	0.005669535612849894	8.656121234817638e-08	6.988544335690825e-08	0.014524521535797679	0.0009209551359367189	0.007856901897905718
A[C>A]C	4.334776514647431e-07	0.0006031608085809674	0.00104971534820723	1.7723153886522794e-06	0.044974724937887116	8.773245938913537e-06	8.11234441760107e-06	6.789159259008808e-07	0.004478580333363202	0.0012507954358644052
A[C>A]G	0.0005924723836316255	6.726212858646499e-07	0.0002761854795103586	0.00023756945218371617	1.2616257836492858e-08	1.3641033211854463e-06	6.534158370867408e-07	2.971996085736412e-06	1.9333710211038816e-06	1.5545850943010332e-06
A[C>A]T	7.329270640964523e-07	5.232985629169795e-07	1.4222746653834747e-06	0.0005688008259139844	0.0037827482491750593	0.000821494415820328	3.041995765890537e-07	1.7708016510906927e-06	1.3628085847777748e-06	0.0019248257478508943
A[C>G]A	0.004772600444568412	0.009537010751565503	0.022074970190719904	0.002582648771464471	0.00868653288835749	0.011444748434051615	0.012054032239417289	0.023021589566245282	0.033052528000906044	0.003327085848102274
A[C>G]C	0.000172752544897388	0.034249291475192026	0.013242835623995674	0.002840704599604107	0.004100586604249892	0.0019518581164063597	2.133884435631579e-05	1.628315170709741e-06	0.000956601624431021	3.1963943891910698e-06
A[C>G]G	8.328040081270287e-07	1.4966834888354305e-06	1.498876721952761e-06	1.1123370902027087e-06	1.2616257836492858e-08	1.5778481552238778e-06	1.4608473794303117e-06	2.1930625644673326e-06	1.3446035364759918e-06	1.7955527574134269e-06
A[C>G]T	5.5433701222614545e-06	5.186526795978557e-07	2.806842634356784e-07	2.427401360390985e-06	0.00829701784802529	0.0025652502557053604	4.321839090008325e-06	1.7870935676815302e-06	0.0005114782255910242	0.0032197850801849526
A[C>T]A	0.125852652122924	0.10382466236079094	0.07948683451689595	0.058769683473030666	0.05576458006600758	0.0486388009219592	0.06407649171132551	0.04412182601303892	0.03807166621908524	0.07835894587838997
A[C>T]C	0.04912858184201961	0.06373255710786724	0.10688864391482289	0.0663034989918525	0.03434480716200945	0.023708142269342775	0.07570159361604308	0.04651260057964049	0.05870547328847879	0.03264748882048142
A[C>T]G	0.01773874854520039	9.267258851359059e-34	0.005153124604149954	0.04375771904405623	0.07133274249777882	0.04575041948598432	0.00952851455027666	0.06502364291843352	0.0245933902569412	0.02162943610821692
A[C>T]T	0.038229472854368174	0.07348415259488031	0.033934721873480275	0.11082420560070694	0.038182843116115875	0.01918973560457815	0.01284568616825756	0.013310373711297873	0.06136472647366389	0.017060231097055473
A[T>A]A	0.012755443103027227	1.6129295456747259e-06	2.9961207397773212e-06	2.9780816987097245e-07	0.014945722773350528	0.0014985971079143445	0.0018216347324257823	1.4157997267057103e-06	0.011500135961952469	0.002046234869162511
A[T>A]C	0.0	0.016319417791762797	0.019769830749437656	0.0129625581089859	0.009448232807715645	0.0023185360122512533	0.008088310196007186	0.01826644987667227	5.850514456211258e-15	0.010786667586323132
A[T>A]G	0.021304122820019138	0.002547119997931295	6.476852076446629e-07	0.0033755802404842813	0.006673157053896951	0.0012552487887903666	0.005719335128445388	1.1481420146048347e-06	4.996658886244967e-34	0.0028183607920708427
A[T>A]T	0.0012084216479822153	9.553183999112091e-08	2.0549987142060247e-06	1.0547576754821912e-06	0.00817512171604339	0.0011333858472049503	5.83145158804627e-07	0.0025798303605501635	0.007718602593527833	1.448595221202818e-06
A[T>C]A	0.09856143708120843	0.013754368821041146	0.026812442940434854	0.024436520002213878	0.049841520083987664	0.13736346279698589	0.0027731159883146467	0.08014095517207219	0.07343922338619494	0.06407030439174081
A[T>C]C	0.02775380741475413	0.004263345563356455	0.0063478583623368685	0.013512425341952567	0.02354400894282252	0.028696066014814208	0.01907051220173851	0.023007514877895267	0.045958494465737146	0.03975841828847063
A[T>C]G	0.07007680387503648	1.8214805351598905e-05	0.035064698112115385	0.043054878422397226	0.021719514506780363	0.019979091461890107	0.06642000673737006	0.18794770862399549	0.05019321425687524	0.010603267195079624
A[T>C]T	0.08509689641682541	0.041752702813623845	0.0448954305385912	0.17308796519217462	0.04050446148225073	0.09954504275338827	0.026223254693352453	0.04048947235020154	0.05292974482966208	0.01895956234704511
A[T>G]A	7.260135342547461e-05	0.055683732851917814	0.029864063624181304	0.013019698828756376	0.015031944307233055	0.020166857996813524	0.027759128413449418	2.683012084899403e-305	0.0234230027912069	0.014217118759792206
A[T>G]C	0.02939470331735745	8.155666734279856e-07	7.628064289499228e-07	0.005936476620821618	0.007031758112746586	1.301967066033294e-06	1.1651850297918239e-07	8.962494429600515e-07	2.2758267567504246e-05	0.003967675587921252
A[T>G]G	4.819687984763124e-07	1.3275855627829392e-06	9.524703278504501e-07	0.0004995424034148565	0.00033541824021950486	3.834620135271604e-06	0.0009782900169373917	0.0002946373797652921	0.0013454011640947065	0.000525562728343393
A[T>G]T	0.009856379567213117	3.5223846918003123e-07	0.0010701350237805169	1.4168071229473427e-07	0.002131902210526999	8.695968961343139e-07	0.0024666850364299157	0.0010152779901792274	0.017158959580509225	1.325924044664913e-06
C[C>A]A	6.244448977476411e-07	3.941732299609108e-20	1.6145215494757675e-06	0.0035821465015076865	0.00014521365832024792	0.0009241020296057778	0.0006629023099320841	0.028239598616377058	0.003305445396298083	0.007490291579181285
C[C>A]C	2.6349308752738856e-07	5.542455431206566e-07	7.160192611607913e-07	1.5453244443742928e-06	6.891754190039462e-08	0.0007534084621630307	0.0031934188577080157	0.0008609108588995721	0.0006301150851862521	1.6772682001629868e-06
C[C>A]G	2.5561313843516217e-07	3.1811860831639335e-07	9.619236923820445e-07	0.00032651313503340363	0.0009354343375217369	2.560063529643263e-06	0.0016143971854986582	0.0014262982563768803	0.0011062826268980778	3.013019075274592e-06
C[C>A]T	3.2570559173774756e-07	9.483578872176719e-07	2.312166757081598e-06	0.0002781212364255334	0.009252509648995537	0.0028585026092070283	7.334678846697158e-07	1.3776329382574137e-06	5.50511846201765e-07	0.005632719621157155
C[C>G]A	0.008258069294103455	0.006972925765971215	0.013973118439452686	1.2174654172376905e-58	1.019508677031336e-134	0.01822034237905361	0.02663719126641883	6.577886174618474e-07	0.02090844203264885	0.010576253699175918
C[C>G]C	1.815223329323923e-07	1.3077135958822958e-06	1.5371000014124474e-06	4.783859041371356e-07	3.7378025391759286e-08	1.5529937143826557e-06	2.0243869083575576e-06	0.01453357415477976	4.498910846854288e-07	6.634177837304412e-07
C[C>G]G	8.328040081270287e-07	1.4966834888354305e-06	1.498876721952761e-06	1.1123370902027087e-06	1.2616257836492858e-08	1.5778481552238778e-06	1.4608473794303117e-06	2.1930625644673326e-06	1.3446035364759918e-06	1.7955527574134269e-06
C[C>G]T	8.328040081270287e-07	1.4966834888354305e-06	1.498876721952761e-06	1.1123370902027087e-06	1.2616257836492854e-08	1.5778481552238778e-06	1.4608473794303117e-06	2.1930625644673326e-06	1.3446035364759918e-06	1.7955527574134269e-06
C[C>T]A	0.002045599207587891	4.0009647698418957e-07	0.0021609726140003572	5.76736873979086e-05	0.00615709059248705	2.1318999531099483e-06	0.007922238234088283	1.144135939339111e-06	0.0035235837399327924	7.937948417919923e-07
C[C>T]C	0.015893700021570797	0.03192528294852838	0.01916397353429305	0.007882818411988086	0.0008155085918084245	0.006210846394711242	0.010399729488130238	4.583957137823785e-05	0.006814287102029725	0.004727453610684155
C[C>T]G	0.025962830008197223	0.04788303659545272	0.024256430885749653	0.021409643736695672	2.39933815960183e-113	0.037310471306931825	0.035313243674125125	0.08304289633463516	0.039745172000680284	0.05958466799904509
C[C>T]T	0.008156466157091298	0.028791470794849332	0.03208680571337651	0.01942960014118377	0.0007114292899469964	0.009457746430496905	0.03920479999240309	0.017167592663228953	0.012406980672296505	0.03679979965188705
C[T>A]A	0.0016319864363475926	5.529183663097974e-137	0.0012037745154433285	1.547587250107205e-07	0.0076531348197302635	3.629301255145424e-06	0.0071840972967326415	1.124843192752947e-06	0.0015334877554864514	1.2366204594625187e-06
C[T>A]C	0.0013823473922317145	0.019084535344972134	0.037472536730202455	0.01585549260168545	0.0053125083733089285	0.04069822069303035	0.01209220100458969	0.016208745461801934	0.03976891360804723	0.05830187791224005
C[T>A]G	0.0009563372021367206	0.0036726469185935423	0.011011976745571783	0.005307832346893856	0.04879693079488755	3.751255862464542e-07	0.0012459502552239275	7.662977304966166e-07	8.588782613419494e-07	1.9907094998823837e-07
C[T>A]T	1.5166277709095377e-07	0.00034263075410414227	1.544583043210894e-06	0.0004919215211832529	0.006264809345005837	1.6936426263511902e-06	0.000922225438480765	1.5801991630871325e-06	0.0011542789447086526	0.0001268179660938724
C[T>C]A	0.018932849582481526	0.008106531227346194	0.02069627347000393	0.0058912829623560875	0.008719518454784402	0.0013256197651900518	0.034595092585257024	0.01712334403217247	0.01636586437743459	0.034873519000815804
C[T>C]C	0.020130079054714384	0.0008711789717780539	0.003988476777191588	7.487304271694057e-70	0.012001265259101033	0.00808455323658891	0.001983201193138756	6.991204449011893e-07	6.547517989044941e-07	0.006634436726012301
C[T>C]G	8.386358204541083e-07	4.031718445701155e-07	4.1516793851917144e-07	0.0019261687671264314	0.008949052840926359	0.005541538064168039	1.3601240698180001e-06	0.0006897447537875075	0.002469934084275942	0.005085408700007608
C[T>C]T	3.945339692713374e-23	0.010986194002289637	0.009616695195568941	0.014933896172869507	0.0033148816301971557	0.033571531154266046	0.014703411352619513	2.2610522796826565e-07	4.82532692209766e-06	0.008585796546173127
C[T>G]A	0.0011687336495641136	8.312720607424261e-07	0.0038149537488799726	0.001991406801946988	0.01155128347095212	0.0064234428886863594	0.005795314961119821	1.960627524052101e-06	0.0010933476702697945	0.008580953956963882
C[T>G]C	2.3370893842372556e-07	4.811184257395502e-05	0.0012731065391890148	0.0025522837241123515	0.010638215927372649	0.0007433700661052099	0.011518677940391214	0.0027444016421940562	0.006175818838671866	6.139171876654874e-07
C[T>G]G	9.86132729924499e-08	0.015601558530185602	0.012722470061198098	0.0015169138525830662	0.002315146845169862	0.025230177500522016	0.011986608286142723	3.280533123660337e-07	0.006578188312961289	1.6499664615883767e-06
C[T>G]T	1.1780435016765412e-06	2.0819024508597292e-07	1.7426372697616603e-06	0.0003972606824358363	0.009356946645956401	0.0012819926744452666	0.000648875464826086	1.4527772196136228e-06	2.1888421373025762e-06	0.003367397712737369
G[C>A]A	4.1055965684161094e-07	8.963449453106489e-07	1.332034147891913e-06	4.11352886197698e-07	0.0023785644264244397	0.0015829226606890515	1.0044537060121626e-06	2.144655303610069e-06	1.8642816337653737e-06	3.113311382012689e-06
G[C>A]C	1.4498142143218522e-06	1.1137900480878205e-06	7.618573549061014e-07	0.007240570714883522	0.0	5.405741113626262e-07	6.905713556090623e-07	0.02045134576738251	0.0024108861609866395	0.0016309940439764273
G[C>A]G	0.0	0.019228299318810847	0.01862034460463551	0.006656857510704738	6.919408601867716e-07	0.001811383876110247	0.02151600616675851	2.56818908077181e-07	5.438544805597457e-07	3.537928543007897e-06
G[C>A]T	0.006794422180039146	0.02154110901487944	0.02257621949217178	0.005725093360416524	0.005997397411208208	0.013802728057813681	0.019790634273635317	0.020757501488220177	0.02889064611600497	0.008942348969255758
G[C>G]A	0.00014312277049211483	5.651798417986228e-07	1.6136437642084816e-05	0.00032118648260009915	0.0022952974213679297	8.863018343785241e-07	2.316447642904384e-05	2.3093702846247872e-06	0.0019732023315452638	1.2197948684145654e-06
G[C>G]C	0.004406054303959913	0.0142852354737063	0.026388444243520208	0.0008083595880752998	0.0006142787734830966	0.012449422967998277	0.00768255014703261	8.903345327225136e-07	0.009588215312869105	0.014487177130486861
G[C>G]G	3.744164685016264e-07	0.0004913846270829229	0.00031492311893762325	7.396118770885646e-08	0.0032451051604252697	0.0006286278523361725	2.646933348549197e-07	1.5555731072504358e-06	0.0011840279811500079	1.4028384679750038e-06
G[C>G]T	0.0037307485222169414	0.01805783092724176	0.025288074393593533	0.009140009840675103	0.0012897035610179327	0.0020465938347819057	0.02899305888524944	3.2293782316499963e-07	3.389328714845144e-07	0.015171217870766552
G[C>T]A	0.024391878203687725	0.021507803820676814	0.01309397161505651	0.025434757064523465	0.018210833784125614	0.008099308201825042	0.012870462676480426	0.024849745062920446	0.009173212258861741	0.01382743978542245
G[C>T]C	0.0002489491709280684	0.0006210172157496418	0.000360623700426688	0.00696253183550583	0.0044325316877712895	0.0028901406424345277	0.006986194962683434	0.024242471136006357	1.2600270760124834e-203	0.0024689191618834697
G[C>T]G	9.595399466701755e-08	1.285045664703541e-06	3.896242695195359e-07	0.0008247414330358093	0.025864846104100968	1.0547230287046147e-07	0.004034441059212313	0.026910029324761144	1.7675307970799517e-06	0.003286265613945045
G[C>T]T	0.006180271337712101	0.0026711338675052846	0.013261797238313503	0.005599155980199647	0.038071046649830464	0.01004033441813237	0.03264697925447847	0.031132951983740203	0.028018400738388943	0.007987046310297204
G[T>A]A	4.0854267380110877e-07	8.943781830989915e-07	8.836006425629849e-07	7.843487451665819e-07	0.0010833593968302007	0.002033636066656452	0.0007045934871540854	2.0972536270505245e-06	1.7513929954698256e-06	3.1915077013004944e-06
G[T>A]C	0.00328298955585778	6.729936347214356e-07	9.886358434078051e-07	6.097062045796757e-07	0.0005210348092286704	1.122943026310585e-06	5.231034982011071e-07	2.1798075705487524e-06	1.5708841509459113e-06	3.86371755402834e-06
G[T>A]G	0.001824798550275317	0.007825345098244025	0.0058996358912237964	2.3070401926753692e-06	0.002241348949503134	9.470330289513613e-07	0.0028941186536528204	2.8987630740141287e-06	0.007650196507711306	0.003136717590600487
G[T>A]T	1.8893802330792292e-07	0.009454801244197213	0.023017309057434078	0.0036771892718869175	0.0010733363421930953	8.690506027962844e-07	0.022220830316501444	1.0994890533063818e-06	3.831963810201388e-07	2.3263618891036637e-06
G[T>C]A	0.012697040360195843	0.012688749596335928	0.024178691169500978	0.05885270397007707	0.0006089546110326003	0.040969197670442895	0.07358330624990608	0.015066617069184596	0.01900943311053046	0.02733840093817407
G[T>C]C	0.005828162412874415	6.010964160005166e-07	7.349327595557584e-07	0.0020751203038848866	0.015236428777889466	1.099314896377758e-06	2.20108994233079e-07	1.598493948886399e-06	1.3486670071676553e-06	1.0791809615257113e-06
G[T>C]G	0.022589917550504907	6.08908109393306e-77	0.001955617273353428	0.003776246585360741	0.007253386424676085	0.0030842292050744964	2.3349534131454203e-06	7.098773340148274e-07	0.005842095846164817	0.022674103787024273
G[T>C]T	0.006994333969673404	0.01866152234884346	0.041986115555811186	3.152442517733144e-74	0.007398614651304461	0.0388764155891761	0.002892155427004679	0.018064414693612484	0.005677622191129614	0.044304995796024524
G[T>G]A	0.016814433412468178	1.7346746069333384e-07	0.0005612413140217697	2.857746167657492e-35	0.007316349810249761	1.1332043517269984e-05	4.7035779647008336e-07	8.99654659555928e-07	1.1168143861940497e-06	0.0016703957853506483
G[T>G]C	3.784601290160151e-07	6.725054394408735e-07	1.214924998165137e-06	1.6440607862946966e-06	0.008275806090368123	1.3552024797133071e-06	1.5935622680649283e-06	1.941846958845045e-06	1.3152513214067326e-06	1.7234713696815914e-06
G[T>G]G	0.0017076075891303733	0.0003768715497490682	8.562715403670343e-07	0.0017789708484823904	0.005920278348153306	0.000966327479807809	1.0973904805721468e-07	1.1648373354483155e-06	0.001147417969371901	2.0812672707509388e-07
G[T>G]T	1.3735108605881044e-07	0.0013046956558972328	1.9724996621674476e-05	2.244882109891286e-06	0.007520720730338075	0.0030464620417302983	0.001211015650868667	1.043046949207999e-06	0.002741319805646747	1.0321143709171042e-06
T[C>A]A	2.7815712333436154e-306	0.025766640946750224	0.015773092457093567	1.974816882170654e-05	0.008775939468683191	0.012093694088766437	0.013474238398251393	2.5988792356490525e-06	1.4974659716440165e-06	0.0028325738987457585
T[C>A]C	0.010772326290836163	0.026677614686037944	0.009173794217787069	0.010331450575446984	0.009546237065608764	0.02114107468277613	0.007561304729668516	2.9843554197880606e-07	8.979178203526598e-07	0.002770780480905618
T[C>A]G	8.328040081270287e-07	1.4966834888354305e-06	1.498876721952761e-06	1.1123370902027087e-06	1.2616257836492854e-08	1.5778481552238778e-06	1.4608473794303117e-06	2.1930625644673326e-06	1.3446035364759918e-06	1.7955527574134269e-06
T[C>A]T	0.007377415108138148	2.5606529379978173e-06	0.0016029787850490762	8.257579917476473e-07	2.9718642898702693e-251	1.41435677012821e-06	4.0823598441636344e-07	1.8903469360796771e-06	4.878557133184722e-07	0.006522261477640267
T[C>G]A	2.0835708570950953e-07	3.918412770021226e-07	0.0002578417025607308	0.000584165259974412	0.00354436070052908	0.0024387073634940014	0.0027901286861186448	1.3763258384801618e-06	0.0003073486084545224	0.009490179826976256
T[C>G]C	0.007824861572824937	0.0028337888274981987	0.0026001363888475335	0.006252457088702726	0.005170563072635538	4.445670755832837e-07	0.00057638974250933	1.3308819070446411e-06	0.008425226011166744	5.738281680150982e-06
T[C>G]G	8.328040081270287e-07	1.4966834888354305e-06	1.498876721952761e-06	1.1123370902027087e-06	1.2616257836492854e-08	1.5778481552238778e-06	1.4608473794303117e-06	2.1930625644673326e-06	1.3446035364759918e-06	1.7955527574134269e-06
T[C>G]T	0.0004267663550175028	8.008997007970621e-07	1.1762644644825866e-06	9.496310209851042e-07	0.007531520638115935	1.1884390380717677e-06	1.1954565897842797e-06	2.3436371227583076e-06	1.0547286248856656e-06	1.4729597173185024e-06
T[C>T]A	0.029697367156520056	0.07634997195257907	0.058596288670511344	0.05184092721960402	0.01442549054685236	0.09096979424700674	0.04764172689496508	0.011166120991359326	0.02759550822976614	0.03532103401069639
T[C>T]C	0.0057779200518405065	7.464373711144589e-07	0.015217492500140806	0.017035868428042958	0.01984064940957537	2.142471678534479e-06	0.009820458899999874	1.7570337997019121e-07	0.04498719622178683	0.02831431090990431
T[C>T]G	7.15837334097508e-07	7.414490303823304e-07	1.364026277659271e-06	8.174241723560283e-07	0.03759716042237983	1.2873760945590892e-06	1.0033332210832707e-06	1.5691862703164764e-06	1.2733618900893692e-06	1.2882116331687459e-06
T[C>T]T	0.010600692753184105	3.498979130365546e-07	2.1498968610609233e-08	0.025337897324808345	0.01643228514100269	0.018390418393106	0.0009005972948329085	8.018219950919394e-07	0.014296705014510308	2.3784917777015088e-06
T[T>A]A	0.0026248318138344124	0.0009207882660519357	1.3246730563949836e-06	3.297778348907753e-07	0.008626808566992796	0.0042729657942198115	1.1460375146725057e-07	2.15408293880213e-06	8.52997159221427e-07	5.567025679361628e-07
T[T>A]C	0.01713378192631141	1.4980683562481939e-06	1.569127429581256e-06	3.2472747105298314e-07	0.0019451399017705658	0.0021069949544507056	1.9302527238502107e-06	1.337554436552268e-06	2.953688500420355e-07	0.01012031746952495
T[T>A]G	2.426900634760446e-07	0.00024022296245894054	7.114839653602255e-07	0.0004945397015912648	0.004773808822393871	0.002585798059290761	3.835881988375143e-07	1.271794208658877e-06	0.0015464953895607454	0.0038976686860715546
T[T>A]T	2.934511573962427e-07	0.0018968033120676173	4.878872683381563e-06	2.99945976009906e-07	0.0016743386617163048	0.002967492338815784	0.0030603114802313187	9.5150344434351e-07	5.504812353726177e-07	3.455107089777543e-06
T[T>C]A	0.0464987540474935	0.07647816088316742	0.01630320358880271	0.023832641209594142	0.02112416311661416	0.008096067907787644	0.03636911298361251	3.440962238406954e-59	0.045544573536047475	0.01578268644484232
T[T>C]C	0.018785632594039394	0.003399707695968865	1.3619344506608207e-60	0.0016021448299216666	0.006445168471240994	0.0027754831170829653	0.028192383651233506	0.000538013846148892	0.017368219598123368	0.007753301937981403
T[T>C]G	0.008580231149874148	0.01797097035207184	0.01958468720255973	3.962080195900713e-61	0.005387562279803299	0.00614022573295043	0.009996463902260893	1.2332796774300814e-06	0.03452635170221329	0.029872736263979783
T[T>C]T	2.563894193357377e-07	0.023775931788913622	0.02392955640362258	0.03927897946684333	0.01619371493331164	0.018625504274336957	0.037519828571576375	0.042517748020439686	6.025375847069706e-87	0.08937567853780531
T[T>G]A	0.00017064465543190373	1.0488171455139934e-06	6.09907307132906e-07	0.0025111335680256417	0.004237104669582573	4.939510319224311e-06	0.00047113803699486286	2.191600781963727e-06	0.009307187979947925	3.6663288024885983e-06
T[T>G]C	0.0005259929463521158	0.0008819991141163083	3.6477196788461436e-07	0.0007815822929670074	0.008338399202706858	1.0901833855643873e-06	3.9146076907761646e-07	0.021881033005269158	0.0028220402730413396	0.0033120771205556706
T[T>G]G	7.008509221436381e-07	1.300968403795199e-06	1.3560288581940522e-06	7.624958922316088e-07	0.000575651352457884	0.0003376517831570584	0.0003662182407782223	2.066232479411125e-06	1.558795279251605e-06	2.142361075778123e-06
T[T>G]T	0.0020821299110916234	1.0047884842475162e-06	9.509128936039603e-07	0.00027493054992249285	0.0035540739540267942	9.6555650393034e-07	4.577005061996541e-07	1.3760751555860215e-06	1.3748235540742395e-06	0.0022425598733109013
