MutationType	Signature A	Signature B	Signature C	Signature D	Signature E	Signature F	Signature G	Signature H	Signature I
A[C>A]A	6.69E-08	2.24E-03	1.99E-03	1.61E-07	3.62E-07	1.12E-07	3.27E-03	2.88E-03	3.11E-07
A[C>A]C	7.63E-04	2.98E-03	7.75E-04	5.66E-07	3.03E-07	2.74E-03	2.67E-07	1.72E-07	1.13E-06
A[C>A]G	1.14E-06	6.96E-23	5.72E-07	2.24E-07	6.89E-07	2.38E-04	3.22E-07	3.56E-04	3.90E-07
A[C>A]T	5.28E-07	6.85E-04	5.56E-04	1.25E-04	3.30E-07	9.41E-07	6.48E-07	1.76E-07	1.79E-03
A[C>G]A	4.33E-03	3.16E-03	8.32E-03	3.84E-03	4.97E-03	2.92E-03	6.68E-03	1.73E-03	8.18E-03
A[C>G]C	5.40E-03	1.55E-03	1.41E-03	7.51E-03	7.14E-03	2.72E-03	5.38E-07	1.31E-07	8.41E-04
A[C>G]G	5.73E-08	2.51E-08	1.53E-07	5.93E-08	1.03E-07	4.89E-08	6.22E-08	4.28E-08	1.41E-07
A[C>G]T	9.98E-07	1.47E-03	9.69E-04	4.68E-07	2.16E-03	1.26E-07	2.26E-07	4.39E-04	9.62E-07
A[C>T]A	1.65E-02	7.42E-03	2.34E-02	8.57E-03	2.70E-02	7.90E-03	1.24E-02	5.85E-03	1.73E-02
A[C>T]C	2.77E-02	5.24E-03	2.33E-02	9.34E-03	1.45E-02	1.69E-02	1.07E-02	7.99E-03	2.03E-02
A[C>T]G	2.02E-02	5.09E-03	7.63E-03	1.83E-03	8.08E-03	7.90E-03	1.52E-02	3.91E-03	1.64E-02
A[C>T]T	1.08E-02	4.47E-03	3.24E-02	1.57E-02	1.92E-02	2.38E-02	7.50E-03	6.04E-03	1.83E-02
A[T>A]A	1.30E-03	4.88E-03	1.20E-03	2.32E-07	7.05E-07	5.04E-03	5.39E-07	1.40E-03	1.20E-03
A[T>A]C	1.21E-02	2.45E-03	1.36E-03	5.80E-03	5.99E-03	4.62E-03	1.61E-03	5.18E-08	6.49E-07
A[T>A]G	1.67E-06	2.21E-03	8.75E-08	2.09E-03	1.00E-02	3.12E-03	3.28E-07	2.41E-03	2.14E-07
A[T>A]T	1.84E-03	2.56E-03	3.22E-06	3.08E-07	5.32E-03	1.36E-06	2.32E-03	7.19E-04	4.05E-07
A[T>C]A	5.37E-02	7.38E-03	1.33E-02	7.24E-03	1.59E-02	6.65E-03	5.17E-03	6.70E-03	2.34E-02
A[T>C]C	1.52E-02	8.64E-03	2.08E-02	6.51E-07	1.16E-02	4.62E-03	6.32E-03	4.59E-03	1.94E-03
A[T>C]G	1.03E-02	1.28E-02	1.83E-02	1.43E-02	1.02E-02	8.77E-03	1.65E-02	5.82E-03	1.10E-02
A[T>C]T	1.96E-02	4.93E-03	1.04E-02	1.13E-02	1.94E-02	1.93E-02	1.45E-02	1.44E-02	3.51E-02
A[T>G]A	1.06E-02	3.62E-03	6.24E-03	1.56E-02	7.85E-03	4.55E-03	1.22E-04	1.01E-03	5.31E-03
A[T>G]C	6.58E-07	4.61E-03	1.58E-06	1.04E-07	1.50E-03	1.76E-03	2.41E-07	2.56E-03	1.18E-06
A[T>G]G	4.66E-06	2.01E-04	1.19E-06	3.29E-07	1.34E-03	7.09E-07	3.01E-04	5.37E-07	5.03E-04
A[T>G]T	6.03E-07	9.41E-04	2.73E-07	1.26E-03	1.08E-02	3.07E-07	2.65E-06	2.73E-03	1.78E-07
C[C>A]A	5.84E-03	2.41E-04	3.59E-03	1.29E-05	2.84E-06	2.89E-07	7.61E-03	3.09E-07	4.16E-07
C[C>A]C	3.12E-04	2.14E-08	1.27E-03	1.98E-07	1.62E-03	1.46E-07	8.36E-04	9.35E-08	7.90E-07
C[C>A]G	4.16E-07	4.48E-04	2.54E-03	1.19E-06	6.41E-04	2.46E-04	1.28E-03	1.64E-07	2.02E-07
C[C>A]T	2.30E-03	3.01E-03	2.77E-07	6.95E-07	2.56E-07	3.37E-04	1.50E-03	1.16E-07	3.54E-03
C[C>G]A	3.29E-03	2.10E-82	1.07E-02	3.33E-03	8.27E-03	3.37E-03	3.07E-07	2.42E-03	7.25E-03
C[C>G]C	3.56E-07	3.16E-08	1.08E-06	1.17E-06	2.41E-07	2.18E-07	2.29E-03	1.06E-07	1.24E-06
C[C>G]G	5.73E-08	2.51E-08	1.53E-07	5.93E-08	1.03E-07	4.89E-08	6.22E-08	4.28E-08	1.41E-07
C[C>G]T	5.73E-08	2.51E-08	1.53E-07	5.93E-08	1.03E-07	4.89E-08	6.22E-08	4.28E-08	1.41E-07
C[C>T]A	4.09E-07	1.59E-03	1.18E-03	4.38E-04	4.46E-03	2.21E-03	2.39E-07	6.84E-04	2.08E-07
C[C>T]C	5.16E-03	1.11E-03	4.48E-03	4.85E-03	8.04E-03	5.91E-03	4.31E-07	2.20E-03	3.56E-03
C[C>T]G	1.38E-02	0.00E+00	7.25E-03	7.01E-03	1.05E-02	6.17E-03	5.45E-03	4.80E-03	7.13E-03
C[C>T]T	2.43E-02	1.66E-03	6.87E-03	1.09E-02	1.10E-02	5.52E-03	5.31E-03	2.98E-03	3.54E-03
C[T>A]A	1.47E-03	1.99E-03	1.43E-03	1.02E-03	1.70E-03	1.98E-86	1.48E-07	1.31E-03	1.35E-03
C[T>A]C	1.64E-02	2.50E-03	1.13E-02	1.13E-02	9.93E-03	7.88E-03	6.14E-03	1.58E-03	7.33E-03
C[T>A]G	1.10E-05	5.53E-03	7.45E-42	4.32E-03	2.84E-07	1.14E-02	2.44E-07	8.03E-04	1.57E-06
C[T>A]T	9.98E-07	8.75E-04	9.58E-04	5.22E-04	5.79E-08	8.01E-08	2.22E-07	1.47E-07	6.76E-04
C[T>C]A	1.24E-02	3.58E-03	9.35E-03	5.13E-03	9.01E-03	4.44E-03	8.63E-03	3.83E-03	1.47E-02
C[T>C]C	1.48E-02	3.04E-03	3.00E-06	2.82E-03	1.07E-03	4.45E-03	5.02E-07	2.18E-03	1.57E-03
C[T>C]G	9.10E-07	2.94E-03	3.34E-07	2.22E-07	1.95E-03	1.11E-03	6.01E-04	4.57E-07	4.57E-03
C[T>C]T	8.48E-03	1.18E-03	2.78E-03	3.07E-03	4.86E-04	8.90E-03	9.14E-07	1.39E-69	1.10E-02
C[T>G]A	1.28E-02	3.02E-03	7.68E-07	2.03E-03	4.14E-07	5.39E-03	1.29E-03	4.93E-04	4.19E-03
C[T>G]C	7.93E-04	2.64E-03	2.83E-03	1.74E-03	2.45E-03	1.07E-03	5.87E-03	5.04E-07	2.46E-03
C[T>G]G	4.62E-07	2.23E-03	4.00E-03	1.26E-02	1.26E-05	1.36E-06	2.84E-07	2.24E-07	1.14E-02
C[T>G]T	2.88E-03	3.45E-03	2.00E-03	1.86E-04	3.75E-07	6.16E-07	4.57E-04	4.22E-04	2.86E-04
G[C>A]A	3.56E-07	5.74E-04	2.93E-07	1.94E-07	3.71E-07	1.52E-07	2.64E-07	4.24E-08	9.67E-07
G[C>A]C	4.65E-07	0.00E+00	1.45E-03	1.10E-07	4.57E-06	2.49E-06	4.05E-03	1.82E-04	1.68E-03
G[C>A]G	8.97E-03	2.73E-07	6.21E-06	1.64E-03	6.14E-03	9.50E-03	3.73E-07	0.00E+00	7.37E-03
G[C>A]T	2.80E-03	1.73E-03	1.44E-02	1.36E-02	6.49E-03	8.61E-03	5.84E-03	4.58E-03	5.51E-03
G[C>G]A	8.86E-07	9.09E-04	2.99E-04	2.96E-06	1.72E-03	1.40E-07	7.74E-07	4.06E-07	2.09E-07
G[C>G]C	6.18E-03	8.49E-04	1.01E-02	6.91E-03	8.50E-03	2.57E-03	7.28E-07	1.62E-03	4.05E-03
G[C>G]G	1.92E-07	9.41E-04	1.13E-03	3.12E-04	7.38E-06	1.30E-07	2.66E-07	3.12E-07	1.44E-04
G[C>G]T	7.63E-03	1.61E-03	5.79E-03	6.40E-03	1.21E-02	5.07E-03	4.18E-07	1.41E-03	2.78E-03
G[C>T]A	5.09E-03	6.37E-03	1.62E-02	4.98E-03	1.06E-02	8.58E-03	4.58E-03	2.02E-03	2.19E-03
G[C>T]C	1.02E-07	2.16E-03	4.59E-03	6.11E-07	9.13E-07	5.32E-08	9.62E-03	2.27E-04	1.77E-03
G[C>T]G	1.43E-06	2.75E-03	2.70E-03	2.53E-04	3.57E-07	9.11E-07	6.15E-03	6.28E-08	1.41E-03
G[C>T]T	2.52E-03	4.56E-03	1.13E-02	3.65E-03	6.12E-03	6.56E-03	5.27E-03	3.33E-03	1.01E-02
G[T>A]A	6.23E-04	4.52E-04	5.04E-04	3.36E-07	3.41E-07	1.77E-07	3.85E-07	7.51E-08	6.57E-07
G[T>A]C	2.25E-07	1.70E-04	5.88E-07	2.40E-07	9.24E-07	1.90E-07	2.11E-07	9.37E-04	3.01E-07
G[T>A]G	1.13E-03	3.20E-04	6.78E-03	2.35E-03	4.29E-03	2.24E-04	9.58E-07	1.01E-03	3.22E-03
G[T>A]T	2.87E-03	7.17E-04	9.30E-07	5.43E-03	1.74E-06	3.51E-03	2.63E-07	9.85E-08	2.70E-03
G[T>C]A	7.47E-03	2.29E-140	1.87E-02	8.12E-03	8.59E-03	1.45E-02	2.90E-03	4.42E-03	1.55E-02
G[T>C]C	4.41E-07	2.17E-03	2.56E-07	6.72E-08	1.85E-03	3.08E-07	5.67E-08	1.96E-03	2.35E-07
G[T>C]G	1.68E-02	3.91E-03	2.44E-03	8.34E-07	2.78E-03	3.21E-07	9.80E-04	3.22E-03	2.29E-03
G[T>C]T	2.50E-02	4.15E-03	2.48E-02	1.10E-02	5.50E-03	1.79E-02	5.43E-03	3.15E-03	1.36E-02
G[T>G]A	9.50E-07	2.35E-03	6.39E-07	3.44E-07	2.22E-07	5.16E-04	1.70E-07	7.88E-04	4.29E-07
G[T>G]C	3.44E-07	1.74E-03	3.01E-07	1.91E-07	3.46E-07	3.62E-07	2.29E-07	6.08E-08	1.34E-07
G[T>G]G	2.11E-06	2.08E-03	7.56E-04	3.17E-04	6.67E-04	4.05E-04	5.97E-07	7.24E-04	5.74E-05
G[T>G]T	5.08E-04	1.83E-03	7.10E-04	4.41E-04	1.21E-03	2.45E-03	3.11E-07	7.59E-08	7.38E-04
T[C>A]A	9.70E-03	3.15E-03	1.75E-03	1.39E-02	2.67E-03	2.12E-03	2.82E-07	2.56E-54	5.39E-03
T[C>A]C	2.00E-35	3.79E-03	4.87E-03	7.44E-03	1.78E-02	1.12E-02	2.89E-07	4.07E-03	4.94E-03
T[C>A]G	5.73E-08	2.51E-08	1.53E-07	5.93E-08	1.03E-07	4.89E-08	6.22E-08	4.28E-08	1.41E-07
T[C>A]T	9.44E-07	0.00E+00	5.27E-07	1.81E-06	1.91E-06	2.47E-06	1.83E-07	1.36E-03	6.87E-07
T[C>G]A	1.97E-03	4.55E-03	3.03E-03	5.57E-07	1.23E-05	5.79E-04	5.70E-04	1.28E-07	6.09E-03
T[C>G]C	2.72E-07	1.80E-03	4.99E-03	1.59E-06	7.62E-03	1.51E-03	5.21E-07	2.52E-03	1.07E-03
T[C>G]G	5.73E-08	2.51E-08	1.53E-07	5.93E-08	1.03E-07	4.89E-08	6.22E-08	4.28E-08	1.41E-07
T[C>G]T	2.82E-07	8.97E-04	3.61E-07	2.56E-07	2.05E-07	2.30E-07	1.48E-07	1.93E-07	1.03E-07
T[C>T]A	2.70E-02	4.92E-03	9.50E-03	1.45E-02	2.60E-02	4.02E-03	6.61E-03	8.19E-03	5.34E-02
T[C>T]C	1.20E-02	7.73E-03	5.19E-03	6.92E-04	2.69E-02	9.85E-03	4.00E-07	3.53E-03	3.71E-03
T[C>T]G	4.28E-07	4.52E-03	3.35E-07	3.12E-07	3.34E-07	2.28E-07	3.34E-07	1.27E-07	1.42E-07
T[C>T]T	6.56E-04	2.70E-03	2.06E-03	0.00E+00	1.88E-02	4.68E-03	8.65E-07	3.14E-03	4.66E-03
T[T>A]A	1.76E-04	2.05E-03	1.19E-07	1.62E-04	6.64E-04	3.47E-06	2.56E-07	9.49E-04	5.07E-07
T[T>A]C	6.40E-07	8.15E-04	1.63E-03	2.17E-07	5.20E-06	3.01E-07	1.66E-07	1.36E-03	1.93E-06
T[T>A]G	2.13E-03	1.69E-03	1.35E-03	5.27E-07	1.47E-03	1.80E-04	7.59E-06	1.69E-07	9.53E-04
T[T>A]T	3.03E-04	8.39E-04	1.38E-03	1.04E-03	3.09E-04	1.61E-03	3.29E-07	2.28E-07	1.30E-06
T[T>C]A	8.59E-03	4.36E-03	2.09E-02	1.70E-02	2.40E-02	1.07E-02	1.80E-53	4.29E-03	1.01E-02
T[T>C]C	6.12E-03	4.26E-03	1.32E-02	2.21E-03	4.32E-03	4.54E-03	4.73E-04	4.56E-03	2.73E-03
T[T>C]G	7.78E-03	6.04E-03	8.69E-03	9.67E-03	1.14E-02	2.69E-47	2.74E-07	2.58E-03	9.12E-03
T[T>C]T	1.19E-02	4.13E-03	1.46E-02	1.17E-02	1.44E-08	6.33E-03	1.35E-02	0.00E+00	2.93E-02
T[T>G]A	2.87E-03	2.18E-06	2.86E-03	1.55E-07	4.41E-03	4.92E-04	9.95E-07	1.46E-04	6.71E-07
T[T>G]C	4.91E-07	8.89E-04	1.43E-03	0.00E+00	1.56E-03	8.00E-07	3.37E-03	6.42E-04	1.46E-03
T[T>G]G	6.21E-04	4.74E-04	5.85E-07	2.21E-04	8.22E-07	4.03E-07	1.79E-07	1.23E-07	7.75E-07
T[T>G]T	2.12E-07	1.77E-03	6.03E-07	4.70E-07	4.44E-06	2.97E-04	2.16E-07	8.96E-04	2.33E-03
