Samples	Signature A	Signature B	Signature C	Signature D	Signature E	Signature F
Sample1	201	76	304	0	194	230
Sample2	545	97	79	165	65	49
Sample3	552	87	146	96	48	71
Sample4	172	288	39	235	253	0
Sample5	180	266	351	123	116	0
Sample6	165	334	162	232	123	0
Sample7	303	34	37	227	50	364
Sample8	438	55	192	140	35	125
Sample9	482	130	164	0	154	62
Sample10	480	172	60	178	50	52
Sample11	203	265	157	168	232	0
Sample12	318	101	178	167	206	0
Sample13	582	4	142	82	114	64
Sample14	305	190	179	120	0	189
Sample15	138	391	180	221	90	15
Sample16	159	450	119	185	117	0
Sample17	332	7	533	0	0	111
Sample18	249	0	57	280	137	292
Sample19	472	158	157	60	99	62
Sample20	523	82	182	122	5	70
Sample21	548	155	39	60	174	4
Sample22	466	179	69	168	101	31
Sample23	56	359	64	253	133	151
Sample24	183	336	137	198	161	0
Sample25	524	149	77	125	125	0
Sample26	207	175	418	7	2	178
Sample27	474	173	139	29	137	56
Sample28	479	137	121	159	78	26
Sample29	141	8	518	293	0	12
Sample30	304	134	161	106	7	272
Sample31	536	74	109	72	91	118
Sample32	563	83	67	102	79	86
Sample33	288	0	37	279	83	299
Sample34	500	62	159	201	0	78
Sample35	556	123	78	92	76	75
Sample36	536	77	89	167	61	78
Sample37	530	87	76	103	138	58
Sample38	520	46	162	146	20	98
Sample39	43	151	61	212	397	161
Sample40	567	93	95	126	61	58
Sample41	211	343	84	169	173	0
Sample42	535	121	109	126	43	46
Sample43	141	8	518	293	0	12
Sample44	143	391	20	273	147	0
Sample45	159	391	81	114	239	0
Sample46	142	408	118	185	183	0
Sample47	503	98	211	107	16	73
Sample48	141	8	518	293	0	12
Sample49	509	135	196	64	46	50
Sample50	493	77	139	133	114	52
Sample51	531	123	14	118	177	45
Sample52	513	41	129	124	96	124
Sample53	141	8	518	293	0	12
Sample54	534	98	82	136	61	68
Sample55	379	205	201	40	138	17
Sample56	446	186	13	134	45	150
Sample57	540	117	89	106	90	58
Sample58	451	85	147	74	209	49
Sample59	118	408	133	211	96	23
Sample60	504	112	167	71	82	43
Sample61	554	40	182	99	63	70
Sample62	126	309	139	185	198	29
Sample63	604	121	122	15	61	58
Sample64	126	434	83	213	125	0
Sample65	171	267	217	71	175	86
Sample66	521	114	111	79	84	106
Sample67	518	115	126	95	64	72
Sample68	137	419	0	287	137	0
Sample69	461	123	237	45	0	114
Sample70	333	100	233	230	23	73
Sample71	518	135	192	40	80	49
Sample72	492	86	12	114	196	67
Sample73	547	150	31	111	164	5
Sample74	507	96	119	146	60	57
Sample75	483	107	134	164	126	0
Sample76	443	152	183	94	17	96
Sample77	52	342	0	250	357	13
Sample78	238	342	95	96	213	0
Sample79	157	334	24	249	214	0
Sample80	141	8	518	293	0	12
Sample81	416	243	172	40	0	154
Sample82	425	146	269	69	0	75
Sample83	121	407	145	233	110	0
Sample84	212	305	138	227	152	0
Sample85	101	526	0	213	145	0
Sample86	167	394	187	128	139	0
Sample87	538	35	165	132	0	108
Sample88	436	244	32	176	54	81
Sample89	557	103	100	77	93	84
Sample90	548	147	60	126	107	12
Sample91	508	83	104	82	86	163
Sample92	440	41	188	152	112	75
Sample93	471	74	170	88	132	73
Sample94	447	70	166	246	0	100
Sample95	574	121	62	136	55	44
Sample96	606	101	98	31	79	65
Sample97	577	37	103	81	105	97
Sample98	338	167	81	198	0	234
Sample99	302	398	40	0	122	111
Sample100	518	8	205	112	72	77
Sample101	542	62	182	77	49	88
Sample102	137	356	120	225	129	0
Sample103	472	97	192	114	30	80
Sample104	247	207	317	94	127	0
Sample105	141	357	92	212	154	29
Sample106	576	86	69	153	67	57
Sample107	526	94	140	83	77	94
Sample108	482	116	177	70	0	155
Sample109	411	145	197	110	0	117
Sample110	81	454	64	165	237	0
Sample111	256	12	94	243	63	345
Sample112	451	124	162	134	28	109
Sample113	141	8	518	293	0	12
Sample114	167	251	113	175	262	0
Sample115	439	81	233	133	24	111
Sample116	473	114	128	53	240	0
Sample117	576	86	69	153	67	57
Sample118	549	104	196	93	10	63
Sample119	94	136	122	330	42	284
Sample120	563	119	86	48	102	67
Sample121	526	139	39	127	151	10
Sample122	401	211	159	131	32	85
Sample123	221	17	592	86	3	106
Sample124	75	420	103	215	154	0
Sample125	113	345	159	195	156	0
Sample126	434	169	106	140	0	166
Sample127	254	94	525	0	40	47
Sample128	472	107	245	91	0	103
Sample129	560	116	68	92	81	55
Sample130	591	0	191	47	27	124
Sample131	468	122	140	58	121	76
Sample132	534	63	137	93	37	116
Sample133	536	77	89	167	61	78
Sample134	583	60	156	81	7	102
Sample135	502	59	175	42	151	86
Sample136	482	80	124	153	99	70
Sample137	518	68	124	57	164	57
Sample138	164	358	0	264	198	0
Sample139	310	173	141	137	254	0
Sample140	239	0	105	223	123	318
Sample141	575	68	135	81	35	95
Sample142	196	0	78	347	46	329
Sample143	458	77	223	0	194	29
Sample144	52	494	55	245	139	0
Sample145	140	372	92	175	189	0
Sample146	555	106	80	172	32	69
Sample147	184	382	140	207	123	0
Sample148	540	104	78	180	36	62
Sample149	154	293	504	0	0	76
Sample150	348	141	138	178	0	180
Sample151	518	99	177	64	14	108
Sample152	516	154	66	135	108	29
Sample153	440	98	95	222	27	154
Sample154	108	274	230	210	153	0
Sample155	417	95	270	124	13	73
Sample156	492	56	146	196	23	95
Sample157	545	97	79	165	65	49
Sample158	511	132	59	130	146	14
Sample159	552	33	150	140	69	44
Sample160	184	389	38	176	182	0
Sample161	498	182	67	121	98	42
Sample162	132	290	17	185	384	0
Sample163	476	129	174	78	39	112
Sample164	574	69	191	33	0	118
Sample165	542	114	122	90	48	73
Sample166	471	212	153	3	38	123
Sample167	363	140	112	129	0	242
Sample168	77	238	455	125	31	45
Sample169	105	373	108	160	232	0
Sample170	503	113	94	84	172	34
Sample171	576	86	69	153	67	57
Sample172	147	378	20	279	155	0
Sample173	168	336	14	247	212	0
Sample174	558	108	32	90	177	43
Sample175	103	416	11	281	171	0
Sample176	244	184	288	50	195	47
Sample177	113	290	77	278	215	0
Sample178	445	184	197	30	102	50
Sample179	530	60	131	87	106	78
Sample180	184	104	500	175	0	55
Sample181	460	78	151	181	40	82
Sample182	0	215	66	151	395	181
Sample183	482	123	148	135	41	63
Sample184	118	372	166	213	88	17
Sample185	263	0	11	289	97	354
Sample186	463	191	157	46	97	46
Sample187	458	128	79	262	69	24
Sample188	142	355	114	248	165	0
Sample189	391	146	52	182	0	217
Sample190	591	100	61	106	64	64
Sample191	502	112	120	117	55	86
Sample192	530	54	131	70	132	75
Sample193	141	8	518	293	0	12
Sample194	126	426	15	218	224	11
Sample195	561	0	172	59	38	170
Sample196	193	153	574	0	112	0
Sample197	137	380	74	234	142	0
Sample198	547	135	26	124	143	17
Sample199	513	156	93	87	134	7
Sample200	482	75	43	219	119	97
Sample201	545	62	195	6	81	103
Sample202	128	371	79	234	156	0
Sample203	288	142	33	97	125	333
Sample204	537	145	69	155	56	26
Sample205	107	398	135	182	159	0
Sample206	343	199	312	20	0	163
Sample207	545	97	79	165	65	49
Sample208	497	0	188	170	67	59
Sample209	87	312	0	190	269	161
Sample210	171	440	62	103	197	6
Sample211	141	8	518	293	0	12
Sample212	142	384	74	164	185	24
Sample213	73	515	77	194	116	0
Sample214	522	70	137	105	122	44
Sample215	316	0	74	147	185	292
Sample216	224	247	213	0	122	188
Sample217	122	390	95	221	140	0
Sample218	578	48	103	96	50	113
Sample219	115	0	209	0	379	296
Sample220	29	335	0	230	332	83
Sample221	138	409	189	107	186	0
Sample222	607	79	120	58	54	98
Sample223	150	433	56	212	105	12
Sample224	86	511	66	105	207	0
Sample225	573	185	27	65	82	60
Sample226	517	59	152	48	114	89
Sample227	493	52	212	78	95	85
Sample228	424	165	32	126	102	125
Sample229	270	0	113	219	73	343
Sample230	489	165	156	68	37	85
Sample231	0	207	0	403	285	68
Sample232	576	200	23	36	143	36
Sample233	206	81	583	83	0	21
Sample234	580	65	75	92	125	71
Sample235	580	17	94	109	101	84
Sample236	486	133	67	80	256	0
Sample237	141	8	518	293	0	12
Sample238	210	77	561	0	167	27
Sample239	468	127	171	126	114	10
Sample240	555	51	135	74	50	135
Sample241	597	25	100	131	69	64
Sample242	46	35	482	89	107	231
Sample243	38	359	156	256	166	0
Sample244	495	143	117	79	85	73
Sample245	423	155	176	73	178	8
Sample246	506	80	106	44	152	98
Sample247	561	67	89	150	61	86
Sample248	460	175	178	5	32	165
Sample249	541	132	31	161	79	35
Sample250	199	446	80	176	129	0
Sample251	226	0	88	256	130	317
Sample252	521	101	102	107	126	51
Sample253	504	92	198	79	31	75
Sample254	530	123	58	112	135	22
Sample255	116	449	41	142	205	41
Sample256	141	8	518	293	0	12
Sample257	528	75	134	63	166	26
Sample258	485	227	0	163	106	27
Sample259	537	110	173	25	75	72
Sample260	552	5	157	0	145	126
Sample261	261	0	102	183	135	327
Sample262	59	560	74	153	140	0
Sample263	93	464	78	197	142	0
Sample264	576	86	69	153	67	57
Sample265	304	0	0	270	74	369
Sample266	502	141	102	153	56	25
Sample267	311	202	248	108	100	31
Sample268	533	72	138	96	57	93
Sample269	271	277	189	9	60	207
Sample270	115	0	209	0	379	296
Sample271	474	101	182	90	79	82
Sample272	254	0	135	202	53	341
Sample273	188	457	0	81	257	2
Sample274	469	147	103	79	110	92
Sample275	495	141	146	110	93	42
Sample276	313	225	62	200	208	0
Sample277	494	78	123	178	51	63
Sample278	495	168	115	132	17	58
Sample279	488	90	188	55	139	65
Sample280	531	108	44	65	206	26
Sample281	494	50	149	181	78	66
Sample282	64	363	194	164	184	8
Sample283	560	123	46	158	73	32
Sample284	95	518	64	172	126	0
Sample285	189	0	419	159	35	188
Sample286	103	150	19	258	447	38
Sample287	568	103	48	172	65	52
Sample288	391	91	60	151	230	53
Sample289	514	91	166	119	35	102
Sample290	144	425	97	202	161	0
Sample291	86	407	65	184	222	0
Sample292	616	75	8	175	105	29
Sample293	267	13	33	236	71	379
Sample294	511	151	122	75	29	112
Sample295	458	81	242	130	0	81
Sample296	168	181	266	174	230	0
Sample297	497	151	130	88	112	14
Sample298	211	100	654	0	9	49
Sample299	507	112	214	63	0	112
Sample300	408	222	257	0	0	129
Sample301	102	358	80	295	146	0
Sample302	535	150	48	128	105	26
Sample303	564	93	138	82	64	59
Sample304	412	49	163	197	94	93
Sample305	192	400	120	199	118	0
Sample306	157	331	0	234	255	0
Sample307	508	28	242	22	55	164
Sample308	533	103	163	89	96	35
Sample309	509	89	123	145	69	73
Sample310	529	90	98	123	120	32
Sample311	461	8	288	61	37	130
Sample312	360	121	152	129	0	226
Sample313	141	8	518	293	0	12
Sample314	322	0	0	197	177	321
Sample315	540	117	89	106	90	58
Sample316	538	101	118	41	148	54
Sample317	521	193	27	166	107	0
Sample318	26	0	441	208	80	225
Sample319	522	69	137	84	90	98
Sample320	223	39	67	266	98	324
Sample321	564	73	113	104	39	87
Sample322	113	427	5	173	266	0
Sample323	576	86	69	153	67	57
Sample324	146	350	1	222	258	0
Sample325	576	50	135	67	66	106
Sample326	478	131	108	115	72	114
Sample327	442	49	220	119	52	118
Sample328	38	494	86	191	179	0
Sample329	84	454	167	121	202	0
Sample330	485	10	173	114	172	31
Sample331	51	234	0	211	395	82
Sample332	262	20	58	232	124	312
Sample333	196	348	0	215	226	0
Sample334	564	111	78	102	70	61
Sample335	57	367	0	175	335	80
Sample336	206	52	81	284	77	319
Sample337	456	180	145	131	23	80
Sample338	0	56	498	164	76	190
Sample339	525	148	96	37	137	71
Sample340	507	103	202	82	0	114
Sample341	387	147	235	112	0	155
Sample342	152	80	118	211	214	215
Sample343	494	126	135	73	167	32
Sample344	545	97	79	165	65	49
Sample345	148	323	52	270	182	0
Sample346	101	506	22	236	119	0
Sample347	475	164	85	42	129	84
Sample348	169	235	9	211	379	10
Sample349	261	306	155	10	0	240
Sample350	523	75	168	76	46	91
Sample351	518	147	89	110	41	81
Sample352	269	0	53	209	184	303
Sample353	36	258	513	0	8	177
Sample354	168	481	0	107	182	43
Sample355	409	179	9	157	85	129
Sample356	555	45	184	66	15	125
Sample357	512	40	204	119	25	115
Sample358	324	87	89	193	0	308
Sample359	172	303	231	154	111	65
Sample360	561	55	146	59	111	83
Sample361	488	27	165	154	137	37
Sample362	524	105	128	117	48	70
Sample363	533	177	51	112	133	13
Sample364	245	210	40	181	288	19
Sample365	496	155	168	0	96	100
Sample366	534	91	173	69	0	150
Sample367	165	431	168	165	89	10
Sample368	549	126	78	59	149	31
Sample369	573	84	153	55	36	88
Sample370	557	92	80	111	74	72
Sample371	542	38	146	81	64	129
Sample372	529	55	167	110	48	99
Sample373	259	205	225	131	196	0
Sample374	533	94	94	73	148	58
Sample375	260	68	15	301	71	305
Sample376	3	475	106	249	151	0
Sample377	298	265	158	0	147	155
Sample378	216	363	38	189	162	0
Sample379	489	99	153	154	36	83
Sample380	27	272	0	169	478	70
Sample381	530	135	97	53	157	28
Sample382	184	188	0	179	385	81
Sample383	497	111	159	112	8	135
Sample384	423	140	146	194	0	125
Sample385	482	150	80	116	10	190
Sample386	209	259	175	166	225	0
Sample387	511	62	135	98	129	84
Sample388	499	161	70	102	96	80
Sample389	545	118	158	8	113	77
Sample390	359	219	38	224	0	136
Sample391	109	517	28	110	201	0
Sample392	596	0	128	30	136	102
Sample393	115	0	209	0	379	296
Sample394	253	116	475	37	46	37
Sample395	252	192	73	131	333	0
Sample396	495	99	101	106	135	72
Sample397	568	78	112	83	58	80
Sample398	500	86	232	39	64	105
Sample399	455	81	121	198	17	96
Sample400	168	332	116	245	174	0
Sample401	141	8	518	293	0	12
Sample402	527	130	86	122	23	98
Sample403	511	23	165	189	29	68
Sample404	428	20	195	220	36	114
Sample405	576	86	69	153	67	57
Sample406	229	385	0	147	227	0
Sample407	182	180	372	86	11	131
Sample408	227	82	146	273	258	0
Sample409	88	359	145	195	195	0
Sample410	547	32	156	97	40	120
Sample411	222	257	283	145	94	19
Sample412	514	170	48	108	145	0
Sample413	172	340	95	263	111	0
Sample414	179	463	89	138	159	0
Sample415	290	140	150	135	185	82
Sample416	213	128	550	0	98	30
Sample417	321	153	135	167	0	204
Sample418	141	8	518	293	0	12
Sample419	521	103	107	138	64	59
Sample420	230	0	122	239	58	364
Sample421	114	405	56	167	233	0
Sample422	177	40	0	360	138	289
Sample423	495	151	156	115	42	30
Sample424	193	328	0	262	203	0
Sample425	557	111	115	54	96	67
Sample426	535	111	94	99	117	36
Sample427	218	0	133	276	30	346
Sample428	514	47	214	77	72	55
Sample429	507	134	101	30	189	39
Sample430	141	8	518	293	0	12
Sample431	494	65	109	150	108	74
Sample432	532	213	104	41	27	91
Sample433	115	0	209	0	379	296
Sample434	504	75	173	114	46	80
Sample435	298	265	158	0	147	155
Sample436	516	126	92	164	78	32
Sample437	496	68	224	77	71	72
Sample438	340	213	35	150	0	247
Sample439	183	400	23	81	286	0
Sample440	168	425	79	223	121	0
Sample441	445	40	303	73	2	115
Sample442	496	178	199	36	11	61
Sample443	293	255	330	51	0	71
Sample444	442	87	100	140	202	45
Sample445	511	56	139	169	10	128
Sample446	529	84	142	123	41	73
Sample447	91	367	0	199	260	102
Sample448	530	48	158	105	60	84
Sample449	106	459	13	224	169	0
Sample450	536	28	153	9	209	44
Sample451	496	220	58	103	89	48
Sample452	248	54	43	280	73	310
Sample453	535	57	138	45	121	82
Sample454	131	247	0	207	353	76
Sample455	88	515	138	202	80	0
Sample456	420	93	147	180	80	61
Sample457	462	89	71	171	0	226
Sample458	545	89	100	170	19	85
Sample459	498	191	103	3	143	54
Sample460	184	0	144	280	76	334
Sample461	437	166	201	114	64	26
Sample462	520	77	157	102	59	85
Sample463	190	300	76	176	225	0
Sample464	516	133	108	59	138	18
Sample465	525	116	79	110	96	54
Sample466	458	145	196	54	140	7
Sample467	238	243	194	123	222	0
Sample468	633	55	116	40	30	107
Sample469	532	59	191	77	10	123
Sample470	526	168	87	131	30	58
Sample471	314	298	53	154	209	0
Sample472	240	352	67	173	203	0
Sample473	430	165	157	5	222	39
Sample474	454	109	86	201	61	110
Sample475	96	147	584	0	34	109
Sample476	224	234	441	21	98	0
Sample477	538	145	67	68	162	9
Sample478	542	101	75	116	87	59
Sample479	501	177	142	93	85	17
Sample480	144	450	62	137	187	0
Sample481	526	136	54	163	60	47
Sample482	548	49	129	164	38	51
Sample483	504	146	114	76	117	57
Sample484	540	90	106	119	58	73
Sample485	582	106	54	126	68	50
Sample486	581	81	119	129	79	0
Sample487	212	389	22	107	253	0
Sample488	511	35	207	69	94	92
Sample489	534	82	119	119	37	81
Sample490	576	86	69	153	67	57
Sample491	56	503	61	222	137	0
Sample492	45	179	0	291	452	50
Sample493	439	127	105	116	107	129
Sample494	61	414	98	175	221	0
Sample495	456	172	166	123	3	61
Sample496	243	413	92	19	0	205
Sample497	249	61	214	192	276	0
Sample498	92	395	78	182	265	0
Sample499	465	76	178	149	45	79
Sample500	43	101	385	200	129	155
Sample501	36	0	472	82	231	187
Sample502	567	104	61	128	80	52
Sample503	509	263	17	122	56	46
Sample504	539	215	6	137	99	22
Sample505	490	19	218	149	0	140
Sample506	191	270	90	139	216	68
Sample507	586	110	131	8	60	85
Sample508	485	157	102	98	139	19
Sample509	70	205	75	320	195	149
Sample510	287	268	111	92	0	226
Sample511	232	13	80	282	141	267
Sample512	466	124	185	97	67	86
Sample513	569	41	156	102	3	117
Sample514	298	20	100	150	127	331
Sample515	469	115	167	74	134	41
Sample516	134	94	92	298	52	338
Sample517	544	128	139	89	11	97
Sample518	521	87	167	86	42	82
Sample519	532	74	205	42	0	147
Sample520	518	88	133	130	58	65
Sample521	496	52	144	0	199	101
Sample522	389	156	64	132	12	226
Sample523	229	382	0	168	200	0
Sample524	411	46	209	181	107	54
Sample525	251	14	115	167	101	360
Sample526	504	97	131	130	116	1
Sample527	144	51	102	300	12	399
Sample528	141	8	518	293	0	12
Sample529	502	80	117	146	58	76
Sample530	243	225	223	113	181	0
Sample531	495	178	122	61	17	119
Sample532	249	0	38	257	74	395
Sample533	428	105	275	115	0	56
Sample534	175	382	20	204	185	0
Sample535	438	123	133	198	59	73
Sample536	364	237	244	61	0	94
Sample537	522	115	98	34	199	24
Sample538	454	115	138	84	137	64
Sample539	231	175	327	0	17	264
Sample540	85	101	147	307	60	315
Sample541	405	167	160	82	139	39
Sample542	49	486	58	187	194	0
Sample543	478	37	190	144	37	114
Sample544	527	58	161	117	100	17
Sample545	259	38	10	269	37	413
Sample546	185	348	143	181	177	0
Sample547	613	52	87	0	85	142
Sample548	208	120	504	0	94	100
Sample549	77	219	434	50	138	82
Sample550	560	55	154	91	29	99
Sample551	508	86	120	76	132	57
Sample552	534	122	87	116	62	79
Sample553	490	82	235	93	14	70
Sample554	506	112	172	58	117	35
Sample555	142	355	89	190	209	0
Sample556	541	133	87	138	74	47
Sample557	511	183	124	76	0	93
Sample558	536	37	201	62	21	128
Sample559	371	182	250	87	0	110
Sample560	415	138	73	174	0	177
Sample561	115	0	209	0	379	296
Sample562	559	83	103	126	48	89
Sample563	121	484	0	226	153	0
Sample564	551	78	106	126	33	85
Sample565	510	0	299	78	0	127
Sample566	575	109	16	145	147	27
Sample567	532	40	171	45	74	111
Sample568	107	5	460	138	73	186
Sample569	249	361	109	102	21	152
Sample570	560	71	134	61	162	4
Sample571	574	106	150	26	57	72
Sample572	368	157	75	125	15	232
Sample573	180	225	481	39	17	82
Sample574	443	138	185	119	12	83
Sample575	179	0	111	220	127	380
Sample576	115	0	209	0	379	296
Sample577	454	42	142	164	73	125
Sample578	497	138	93	51	172	63
Sample579	126	369	111	156	221	0
Sample580	570	87	104	55	83	82
Sample581	521	52	245	103	0	87
Sample582	111	109	158	287	41	298
Sample583	526	85	162	63	46	110
Sample584	166	404	79	116	202	0
Sample585	115	0	209	0	379	296
Sample586	507	58	116	128	94	97
Sample587	55	285	0	95	418	172
Sample588	504	65	143	125	76	79
Sample589	216	343	108	154	193	0
Sample590	98	355	185	203	59	74
Sample591	478	132	172	92	0	106
Sample592	145	454	102	190	144	0
Sample593	8	262	254	284	40	124
Sample594	373	203	19	198	86	108
Sample595	486	8	173	162	47	132
Sample596	236	85	0	201	242	258
Sample597	64	230	12	258	387	57
Sample598	439	173	58	180	57	128
Sample599	551	119	100	122	45	55
Sample600	175	0	84	296	76	374
Sample601	544	69	151	51	102	75
Sample602	417	44	242	156	2	147
Sample603	222	284	110	89	170	133
Sample604	578	132	89	85	95	35
Sample605	498	145	98	140	17	118
Sample606	474	70	160	135	9	170
Sample607	436	126	112	124	86	143
Sample608	511	122	192	72	37	50
Sample609	526	155	110	64	44	86
Sample610	123	282	0	185	321	103
Sample611	549	139	41	143	107	29
Sample612	418	218	0	135	0	210
Sample613	514	154	97	0	168	67
Sample614	132	97	94	267	89	328
Sample615	576	38	141	52	51	127
Sample616	511	163	78	137	75	15
Sample617	64	324	0	254	283	90
Sample618	564	128	81	99	52	76
Sample619	534	103	145	133	60	14
Sample620	586	58	120	81	54	81
Sample621	498	120	96	100	148	30
Sample622	553	123	89	123	57	47
Sample623	402	182	114	137	0	194
Sample624	62	443	104	240	123	0
Sample625	320	219	0	259	0	196
Sample626	455	166	69	219	97	18
Sample627	251	27	82	235	97	328
Sample628	295	242	78	135	45	222
Sample629	560	186	42	30	130	60
Sample630	140	234	499	19	0	71
Sample631	472	120	116	179	45	54
Sample632	508	132	91	63	205	9
Sample633	177	302	93	151	245	0
Sample634	153	373	78	207	163	0
Sample635	587	71	81	73	77	96
Sample636	607	114	53	85	80	49
Sample637	492	42	167	145	41	128
Sample638	521	151	144	72	28	84
Sample639	514	76	204	41	51	92
Sample640	233	252	24	227	244	0
Sample641	467	186	209	0	103	27
Sample642	527	113	137	102	35	75
Sample643	208	44	85	183	179	315
Sample644	276	342	80	83	247	0
Sample645	540	33	156	130	4	118
Sample646	97	332	0	168	323	93
Sample647	137	379	43	209	217	0
Sample648	0	329	11	230	355	77
Sample649	382	121	215	211	0	71
Sample650	429	133	142	18	286	0
Sample651	512	101	137	82	50	110
Sample652	483	151	119	31	230	4
Sample653	471	37	194	140	122	28
Sample654	213	373	204	99	138	0
Sample655	501	77	83	191	69	71
Sample656	559	102	152	111	35	41
Sample657	499	89	236	7	2	152
Sample658	324	115	496	26	43	37
Sample659	331	262	34	188	0	159
Sample660	78	172	0	248	440	79
Sample661	115	368	61	195	228	0
Sample662	168	464	30	224	83	0
Sample663	438	115	86	160	74	142
Sample664	526	86	144	70	97	62
Sample665	138	46	179	269	49	335
Sample666	65	301	0	299	338	2
Sample667	254	96	588	63	0	31
Sample668	620	123	113	32	53	48
Sample669	270	0	0	339	95	303
Sample670	307	161	51	229	267	0
Sample671	135	385	50	184	240	0
Sample672	500	66	138	178	50	76
Sample673	567	104	61	128	80	52
Sample674	295	102	128	197	0	286
Sample675	503	73	155	121	29	104
Sample676	225	70	105	277	50	289
Sample677	507	118	202	41	61	86
Sample678	309	185	133	136	0	245
Sample679	434	90	82	130	95	144
Sample680	553	77	103	97	67	82
Sample681	449	57	139	136	168	51
Sample682	466	118	64	187	140	17
Sample683	456	143	171	81	62	72
Sample684	549	143	140	51	15	94
Sample685	143	340	0	133	369	26
Sample686	468	20	289	75	0	156
Sample687	491	17	174	136	93	97
Sample688	562	98	120	62	79	71
Sample689	576	86	69	153	67	57
Sample690	49	327	0	192	437	12
Sample691	540	43	193	31	128	36
Sample692	438	123	198	60	159	30
Sample693	562	126	35	130	107	26
Sample694	571	126	96	104	46	57
Sample695	501	111	127	82	136	43
Sample696	542	67	161	88	49	78
Sample697	183	300	119	206	169	0
Sample698	518	107	107	79	54	116
Sample699	86	355	65	155	347	0
Sample700	208	382	130	81	233	0
Sample701	510	104	164	50	127	60
Sample702	525	139	15	190	144	0
Sample703	302	208	67	164	45	227
Sample704	561	67	89	150	61	86
Sample705	227	331	89	146	175	0
Sample706	473	68	288	66	3	102
Sample707	559	64	157	91	20	98
Sample708	149	289	127	199	124	99
Sample709	112	13	479	129	82	186
Sample710	522	93	206	28	52	77
Sample711	160	339	31	146	311	0
Sample712	0	79	456	242	9	195
Sample713	614	41	108	96	81	49
Sample714	229	375	96	131	184	0
Sample715	487	116	76	137	168	43
Sample716	465	140	150	129	31	85
Sample717	141	8	518	293	0	12
Sample718	18	388	124	216	234	0
Sample719	221	296	152	84	227	54
Sample720	423	75	158	105	103	121
Sample721	574	103	68	151	63	28
Sample722	115	311	194	198	197	0
Sample723	499	130	77	47	259	1
Sample724	549	104	196	93	10	63
Sample725	137	363	59	178	264	0
Sample726	130	470	6	172	189	0
Sample727	469	152	157	141	37	32
Sample728	470	137	127	199	4	79
Sample729	283	124	189	155	235	0
Sample730	114	357	167	214	131	0
Sample731	209	389	99	179	158	0
Sample732	459	119	215	113	36	50
Sample733	498	74	72	112	159	71
Sample734	473	135	110	137	21	107
Sample735	514	92	84	88	144	78
Sample736	552	15	206	71	89	67
Sample737	310	366	80	39	90	97
Sample738	143	292	0	217	360	7
Sample739	549	159	21	116	127	15
Sample740	451	160	109	177	75	8
Sample741	522	81	103	140	68	74
Sample742	190	121	10	232	243	220
Sample743	513	116	133	76	76	71
Sample744	484	91	209	91	0	113
Sample745	396	203	225	92	20	84
Sample746	470	0	188	57	131	134
Sample747	22	244	160	124	357	107
Sample748	101	432	61	193	193	0
Sample749	537	107	103	119	47	68
Sample750	198	226	110	193	301	0
Sample751	514	107	127	103	132	35
Sample752	141	8	518	293	0	12
Sample753	494	157	63	114	80	78
Sample754	528	119	67	111	133	28
Sample755	547	61	152	111	21	93
Sample756	545	97	79	165	65	49
Sample757	128	342	67	140	306	0
Sample758	131	411	66	165	212	0
Sample759	423	69	102	218	36	174
Sample760	498	92	182	45	120	48
Sample761	536	77	89	167	61	78
Sample762	489	133	97	87	117	77
Sample763	504	99	130	55	147	50
Sample764	173	240	84	283	190	0
Sample765	500	85	188	126	0	101
Sample766	575	89	113	62	56	85
Sample767	259	143	98	185	297	0
Sample768	497	164	156	32	155	11
Sample769	425	185	54	144	0	173
Sample770	470	177	130	147	48	6
Sample771	554	54	125	157	36	100
Sample772	461	70	209	109	51	84
Sample773	470	218	113	98	48	33
Sample774	463	38	196	116	51	116
Sample775	393	175	129	28	53	200
Sample776	141	8	518	293	0	12
Sample777	44	248	51	200	373	98
Sample778	505	71	176	0	193	47
Sample779	100	325	29	285	240	0
Sample780	427	153	139	174	79	42
Sample781	465	209	110	159	0	70
Sample782	595	74	99	76	51	85
Sample783	469	167	135	145	0	84
Sample784	214	0	89	247	140	324
Sample785	497	115	134	199	27	46
Sample786	485	104	122	75	98	101
Sample787	476	143	247	109	0	33
Sample788	124	419	55	150	234	0
Sample789	203	349	0	239	182	0
Sample790	494	79	148	140	81	58
Sample791	608	57	149	36	125	33
Sample792	352	65	272	140	110	95
Sample793	213	162	466	0	41	141
Sample794	445	109	47	143	5	218
Sample795	470	130	126	73	136	82
Sample796	183	257	204	114	0	230
Sample797	520	47	191	62	58	122
Sample798	235	441	90	105	151	0
Sample799	92	389	69	247	177	0
Sample800	490	51	148	165	47	91
Sample801	530	60	186	86	48	90
Sample802	178	203	106	126	356	0
Sample803	530	77	104	127	75	95
Sample804	508	56	166	130	60	98
Sample805	584	61	136	65	35	100
Sample806	553	95	143	36	82	81
Sample807	561	67	89	150	61	86
Sample808	270	233	274	70	0	123
Sample809	82	383	39	290	187	0
Sample810	518	56	199	47	67	98
Sample811	534	84	140	109	54	79
Sample812	471	176	53	240	57	29
Sample813	544	96	87	125	49	78
Sample814	505	149	111	116	79	26
Sample815	543	131	49	132	86	59
Sample816	115	386	14	251	214	0
Sample817	472	85	72	233	55	117
Sample818	13	13	514	199	75	179
Sample819	455	142	0	171	133	82
Sample820	383	126	104	155	32	176
Sample821	482	90	207	98	37	105
Sample822	498	71	200	99	1	115
Sample823	503	65	185	161	14	72
Sample824	584	61	136	65	35	100
Sample825	156	278	199	203	85	59
Sample826	7	390	219	170	181	7
Sample827	449	127	206	70	66	90
Sample828	488	105	96	132	47	140
Sample829	509	136	66	145	126	10
Sample830	25	215	51	262	374	82
Sample831	556	49	167	90	0	117
Sample832	209	396	112	132	178	0
Sample833	483	47	136	201	24	101
Sample834	430	96	155	162	84	86
Sample835	141	8	518	293	0	12
Sample836	488	10	277	47	25	138
Sample837	159	456	12	197	164	0
Sample838	527	79	176	100	4	93
Sample839	508	105	188	70	73	74
Sample840	112	0	222	0	362	312
Sample841	247	344	30	201	143	16
Sample842	538	3	211	78	32	157
Sample843	141	8	518	293	0	12
Sample844	582	95	113	93	30	79
Sample845	129	347	49	223	218	0
Sample846	234	19	21	323	132	286
Sample847	355	113	105	157	0	271
Sample848	506	43	188	175	7	89
Sample849	209	42	48	274	108	332
Sample850	222	100	504	78	53	42
Sample851	339	188	246	93	119	29
Sample852	418	82	274	29	143	62
Sample853	194	392	0	209	192	0
Sample854	350	204	114	133	27	140
Sample855	141	8	518	293	0	12
Sample856	561	67	89	150	61	86
Sample857	0	96	424	153	74	233
Sample858	580	98	71	98	71	62
Sample859	191	0	124	268	83	342
Sample860	504	36	158	141	52	101
Sample861	545	97	79	165	65	49
Sample862	514	102	83	160	77	72
Sample863	531	81	160	83	52	85
Sample864	494	128	71	86	211	10
Sample865	92	497	54	204	109	11
Sample866	565	77	108	92	76	82
Sample867	514	66	154	139	34	93
Sample868	151	227	443	69	0	73
Sample869	287	89	305	0	138	201
Sample870	538	163	52	81	59	121
Sample871	249	322	268	0	81	99
Sample872	141	8	518	293	0	12
Sample873	175	456	139	137	127	0
Sample874	561	67	89	150	61	86
Sample875	374	146	177	0	238	27
Sample876	506	142	151	125	54	1
Sample877	141	8	518	293	0	12
Sample878	68	351	0	186	370	40
Sample879	208	245	422	24	0	82
Sample880	96	147	584	0	34	109
Sample881	417	193	49	156	194	6
Sample882	497	114	95	64	247	0
Sample883	286	172	160	163	204	0
Sample884	461	124	246	4	90	90
Sample885	503	143	85	32	163	74
Sample886	467	73	181	150	103	41
Sample887	439	153	93	121	138	48
Sample888	562	2	164	153	46	52
Sample889	96	398	146	194	146	0
Sample890	561	67	89	150	61	86
Sample891	454	61	170	118	106	91
Sample892	551	93	91	128	58	59
Sample893	472	239	127	64	29	61
Sample894	312	201	110	115	0	250
Sample895	168	0	107	291	79	371
Sample896	99	470	93	106	177	32
Sample897	538	48	153	80	53	100
Sample898	115	0	209	0	379	296
Sample899	541	32	176	113	31	99
Sample900	104	354	122	235	152	0
Sample901	528	112	172	87	60	59
Sample902	468	102	180	111	0	139
Sample903	501	85	25	187	16	160
Sample904	533	10	158	136	114	63
Sample905	445	158	124	0	204	69
Sample906	452	232	86	136	26	55
Sample907	551	54	115	98	59	102
Sample908	456	203	98	47	166	52
Sample909	488	77	135	97	142	75
Sample910	21	205	85	257	330	108
Sample911	525	70	114	153	58	72
Sample912	533	99	70	109	125	43
Sample913	138	374	59	180	218	12
Sample914	209	293	312	159	8	0
Sample915	533	34	157	64	151	41
Sample916	197	0	118	305	87	292
Sample917	491	86	129	165	50	93
Sample918	609	9	73	159	53	84
Sample919	254	0	59	309	57	307
Sample920	171	417	65	142	179	0
Sample921	407	147	28	228	187	27
Sample922	477	165	133	169	15	49
Sample923	519	47	194	120	10	95
Sample924	0	109	454	153	120	145
Sample925	446	18	174	201	42	142
Sample926	575	61	133	42	88	81
Sample927	482	103	174	126	39	76
Sample928	22	488	96	149	221	0
Sample929	434	164	166	105	76	69
Sample930	336	249	99	147	0	144
Sample931	141	8	518	293	0	12
Sample932	466	119	154	12	151	90
Sample933	336	231	67	148	20	219
Sample934	123	0	243	0	374	274
Sample935	579	60	67	119	137	26
Sample936	288	179	119	177	0	255
Sample937	113	99	143	295	40	313
Sample938	507	114	162	33	77	92
Sample939	509	111	179	113	20	53
Sample940	139	28	67	386	45	334
Sample941	141	8	518	293	0	12
Sample942	130	0	413	130	77	265
Sample943	104	391	134	265	144	0
Sample944	545	20	255	65	50	100
Sample945	536	123	97	58	144	27
Sample946	202	0	69	326	44	367
Sample947	183	34	69	343	69	318
Sample948	523	69	133	66	96	98
Sample949	385	119	92	101	0	277
Sample950	141	8	518	293	0	12
Sample951	469	23	222	157	12	125
Sample952	132	78	93	341	80	276
Sample953	540	117	89	106	90	58
Sample954	422	82	169	240	12	67
Sample955	459	93	240	0	102	83
Sample956	550	42	189	57	25	122
Sample957	101	329	101	132	299	53
Sample958	483	181	127	145	35	43
Sample959	515	107	191	37	101	68
Sample960	140	24	179	278	20	378
Sample961	474	104	86	128	171	57
Sample962	507	8	240	15	92	130
Sample963	201	330	94	46	138	209
Sample964	141	8	518	293	0	12
Sample965	212	388	91	147	144	0
Sample966	161	307	177	210	160	0
Sample967	196	124	443	29	59	129
Sample968	66	278	0	248	416	0
Sample969	367	198	65	138	29	177
Sample970	118	391	5	219	251	0
Sample971	115	0	209	0	379	296
Sample972	362	223	290	0	0	133
Sample973	141	8	518	293	0	12
Sample974	541	104	124	118	70	51
Sample975	141	8	518	293	0	12
Sample976	125	292	57	197	316	0
Sample977	517	223	100	0	93	75
Sample978	513	115	56	108	128	66
Sample979	68	110	361	165	154	124
Sample980	205	331	302	0	93	80
Sample981	500	108	187	40	74	69
Sample982	550	115	60	178	48	41
Sample983	581	79	3	122	238	0
Sample984	576	86	69	153	67	57
Sample985	129	399	92	170	198	0
Sample986	229	348	55	196	199	0
Sample987	244	113	194	119	338	0
Sample988	530	190	119	80	19	76
Sample989	521	108	184	95	27	57
Sample990	328	166	178	89	51	172
Sample991	548	84	172	0	98	76
Sample992	573	149	108	4	104	70
Sample993	586	84	35	100	74	129
Sample994	542	103	145	95	94	39
Sample995	503	91	29	253	52	99
Sample996	504	0	208	128	54	98
Sample997	542	140	79	107	77	47
Sample998	319	279	137	0	85	188
Sample999	175	405	76	158	167	0
Sample1000	572	97	138	65	44	64
Sample1001	442	36	210	129	87	122
Sample1002	544	84	129	70	96	77
Sample1003	461	143	126	121	115	13
Sample1004	111	414	38	235	179	0
Sample1005	543	121	81	100	81	52
Sample1006	475	81	160	199	27	66
Sample1007	511	137	131	77	121	23
Sample1008	238	347	0	139	262	0
Sample1009	533	46	162	53	152	54
Sample1010	554	23	196	102	11	129
Sample1011	528	10	180	71	181	45
Sample1012	322	0	523	46	0	126
Sample1013	545	97	79	165	65	49
Sample1014	141	356	1	230	253	0
Sample1015	382	197	181	105	50	85
Sample1016	530	186	57	91	100	50
Sample1017	142	61	13	288	154	360
Sample1018	251	206	268	116	159	0
Sample1019	409	94	143	151	44	127
Sample1020	576	86	69	153	67	57
Sample1021	159	0	115	332	88	314
Sample1022	535	160	63	110	45	73
Sample1023	141	8	518	293	0	12
Sample1024	211	21	114	260	132	278
Sample1025	492	83	118	183	49	75
Sample1026	145	129	601	0	42	118
Sample1027	515	205	147	41	70	30
Sample1028	297	313	28	93	123	165
Sample1029	135	363	65	256	161	0
Sample1030	488	45	198	145	3	106
Sample1031	141	8	518	293	0	12
Sample1032	270	249	66	214	23	190
Sample1033	189	0	92	212	280	232
Sample1034	485	163	105	76	149	43
Sample1035	480	101	221	29	66	88
Sample1036	159	417	0	239	164	0
Sample1037	177	449	79	144	180	0
Sample1038	167	0	133	271	54	383
Sample1039	167	185	556	63	18	19
Sample1040	468	122	170	102	0	146
Sample1041	375	158	178	122	123	30
Sample1042	549	132	87	100	58	62
Sample1043	141	8	518	293	0	12
Sample1044	27	0	466	184	88	229
Sample1045	507	47	153	107	94	81
Sample1046	475	116	162	8	202	64
Sample1047	503	269	8	143	63	33
Sample1048	519	82	130	52	171	26
Sample1049	562	15	179	49	97	76
Sample1050	515	96	179	57	0	138
Sample1051	165	416	0	129	263	0
Sample1052	111	439	2	204	223	0
Sample1053	566	72	154	49	84	67
Sample1054	405	168	134	149	0	159
Sample1055	214	422	93	107	199	1
Sample1056	488	170	95	137	118	0
Sample1057	530	135	132	76	27	92
Sample1058	163	307	129	236	123	14
Sample1059	266	20	93	187	36	416
Sample1060	245	0	30	260	120	350
Sample1061	385	252	43	0	169	138
Sample1062	362	101	139	112	4	269
Sample1063	112	419	92	173	164	14
Sample1064	530	65	117	121	75	92
Sample1065	552	134	95	85	33	86
Sample1066	97	421	53	199	195	0
Sample1067	558	101	107	77	66	70
Sample1068	544	91	103	153	65	52
Sample1069	141	8	518	293	0	12
Sample1070	26	333	0	279	310	59
Sample1071	178	301	219	177	141	0
Sample1072	454	156	120	150	31	97
Sample1073	56	377	0	172	349	64
Sample1074	413	175	76	122	54	135
Sample1075	449	103	131	103	178	36
Sample1076	542	71	143	144	78	30
Sample1077	504	182	153	30	11	120
Sample1078	482	76	235	31	2	159
Sample1079	212	85	664	0	0	58
Sample1080	116	414	41	226	178	0
Sample1081	491	20	165	122	149	61
Sample1082	563	81	111	124	36	77
Sample1083	491	63	131	201	53	69
Sample1084	399	177	109	156	0	194
Sample1085	554	83	152	78	51	74
Sample1086	559	103	95	119	48	62
Sample1087	578	66	27	154	127	34
Sample1088	296	201	269	25	151	43
Sample1089	517	74	162	65	80	83
Sample1090	62	418	198	192	163	2
Sample1091	473	145	86	119	105	72
Sample1092	516	102	125	107	80	78
Sample1093	539	53	166	55	49	118
Sample1094	554	121	72	94	75	76
Sample1095	189	0	34	286	189	302
Sample1096	527	75	59	43	281	0
Sample1097	515	7	193	127	66	78
Sample1098	594	105	51	95	94	69
Sample1099	418	198	87	142	15	115
Sample1100	169	72	59	387	15	305
Sample1101	487	83	159	153	76	61
Sample1102	204	0	102	255	77	358
Sample1103	328	0	23	302	79	276
Sample1104	312	278	91	32	0	268
Sample1105	539	51	148	6	252	12
Sample1106	428	171	127	9	217	48
Sample1107	445	190	106	57	115	79
Sample1108	513	21	183	111	48	109
Sample1109	340	147	266	156	54	8
Sample1110	584	16	170	68	17	145
Sample1111	358	325	31	141	0	127
Sample1112	546	78	32	74	237	14
Sample1113	282	204	436	0	0	101
Sample1114	378	204	118	136	56	134
Sample1115	548	70	120	130	34	78
Sample1116	108	131	557	131	0	73
Sample1117	332	14	496	67	25	74
Sample1118	484	175	98	147	64	11
Sample1119	217	291	91	145	186	35
Sample1120	482	50	136	153	109	78
Sample1121	0	204	97	177	392	162
Sample1122	301	180	113	188	0	219
Sample1123	202	360	25	171	228	0
Sample1124	503	110	133	113	100	41
Sample1125	492	154	73	43	200	62
Sample1126	502	105	166	60	120	62
Sample1127	355	233	214	63	100	19
Sample1128	499	153	113	123	73	31
Sample1129	146	395	103	170	168	0
Sample1130	191	0	154	270	57	313
Sample1131	576	86	69	153	67	57
Sample1132	173	350	278	1	0	220
Sample1133	423	68	176	162	93	105
Sample1134	181	468	0	163	156	0
Sample1135	188	21	13	359	141	292
Sample1136	104	332	83	104	324	69
Sample1137	490	95	166	75	101	73
Sample1138	441	119	186	129	68	71
Sample1139	369	67	247	206	53	85
Sample1140	185	171	115	128	326	43
Sample1141	141	8	518	293	0	12
Sample1142	141	8	518	293	0	12
Sample1143	220	344	136	135	186	0
Sample1144	298	265	158	0	147	155
Sample1145	236	0	39	332	94	295
Sample1146	487	122	120	78	180	39
Sample1147	121	382	72	222	178	0
Sample1148	545	93	144	101	27	82
Sample1149	487	97	73	236	97	46
Sample1150	566	96	87	87	91	65
Sample1151	146	355	86	202	212	0
Sample1152	218	50	77	213	81	376
Sample1153	141	8	518	293	0	12
Sample1154	104	400	43	205	221	0
Sample1155	321	6	157	245	0	258
Sample1156	587	44	90	76	161	31
Sample1157	512	107	94	98	89	86
Sample1158	463	175	59	148	163	0
Sample1159	102	442	81	213	137	0
Sample1160	215	86	55	265	71	315
Sample1161	508	87	112	90	65	152
Sample1162	566	74	63	86	184	12
Sample1163	310	173	159	49	95	187
Sample1164	512	92	173	77	93	61
Sample1165	151	406	23	191	211	0
Sample1166	532	32	175	108	0	138
Sample1167	162	23	139	311	69	292
Sample1168	351	223	170	117	66	81
Sample1169	557	47	110	158	32	104
Sample1170	236	187	195	157	204	0
Sample1171	174	462	14	192	106	19
Sample1172	527	151	100	108	85	21
Sample1173	596	59	129	59	58	62
Sample1174	558	63	128	121	30	88
Sample1175	500	124	77	134	85	88
Sample1176	492	203	59	116	102	36
Sample1177	525	105	188	55	25	80
Sample1178	172	380	59	202	167	0
Sample1179	516	99	121	143	73	40
Sample1180	549	119	73	104	127	14
Sample1181	561	67	89	150	61	86
Sample1182	22	272	0	271	406	51
Sample1183	526	86	112	40	196	40
Sample1184	515	36	208	119	92	38
Sample1185	538	75	159	92	21	95
Sample1186	537	83	142	58	67	105
Sample1187	515	134	145	79	94	54
Sample1188	516	138	50	221	70	19
Sample1189	148	229	47	233	272	88
Sample1190	512	121	122	88	28	109
Sample1191	131	309	80	248	207	10
Sample1192	92	410	73	211	191	5
Sample1193	134	172	539	59	124	0
Sample1194	94	342	0	297	243	0
Sample1195	507	68	114	189	41	81
Sample1196	573	125	99	0	160	43
Sample1197	183	57	89	287	74	308
Sample1198	470	172	103	101	135	38
Sample1199	576	86	69	153	67	57
Sample1200	109	335	77	248	162	49
Sample1201	86	359	70	283	184	0
Sample1202	438	91	191	112	7	161
Sample1203	482	141	128	159	74	24
Sample1204	571	128	65	109	79	40
Sample1205	359	288	197	0	154	14
Sample1206	539	109	144	96	63	41
Sample1207	474	141	183	81	53	60
Sample1208	245	0	539	176	0	64
Sample1209	546	95	115	96	63	57
Sample1210	584	73	92	86	52	98
Sample1211	326	106	200	69	174	110
Sample1212	525	116	75	112	114	58
Sample1213	561	137	153	33	19	97
Sample1214	197	269	28	197	295	0
Sample1215	526	68	199	52	36	97
Sample1216	535	149	48	167	104	24
Sample1217	522	92	115	94	82	80
Sample1218	244	34	71	253	49	362
Sample1219	230	407	35	154	156	0
Sample1220	526	70	129	134	47	79
Sample1221	84	240	0	86	402	158
Sample1222	498	41	191	161	32	102
Sample1223	338	153	124	171	14	194
Sample1224	449	88	224	75	105	49
Sample1225	460	225	200	55	25	50
Sample1226	459	117	179	99	42	130
Sample1227	583	42	88	135	99	41
Sample1228	299	133	467	64	0	0
Sample1229	101	307	67	309	192	0
Sample1230	405	209	79	34	23	234
Sample1231	234	323	105	191	180	0
Sample1232	520	44	173	132	29	90
Sample1233	521	68	119	151	42	79
Sample1234	431	73	160	183	92	76
Sample1235	74	246	0	224	339	130
Sample1236	512	99	150	113	39	67
Sample1237	561	67	89	150	61	86
Sample1238	171	247	76	178	270	32
Sample1239	590	102	80	99	53	68
Sample1240	112	359	106	120	290	0
Sample1241	253	291	112	68	47	201
Sample1242	486	112	158	83	106	55
Sample1243	36	433	115	289	108	0
Sample1244	513	87	54	200	7	162
Sample1245	80	405	118	266	110	0
Sample1246	551	101	86	82	64	124
Sample1247	509	101	190	103	7	71
Sample1248	141	447	138	173	123	6
Sample1249	515	96	137	106	57	81
Sample1250	41	490	33	215	183	17
Sample1251	538	51	160	58	76	102
Sample1252	250	130	180	192	0	235
Sample1253	512	198	88	47	88	75
Sample1254	499	116	92	110	149	26
Sample1255	559	146	58	127	72	23
Sample1256	495	54	168	109	65	117
Sample1257	545	130	81	100	75	69
Sample1258	522	118	57	57	180	45
Sample1259	515	121	112	123	26	111
Sample1260	49	287	183	187	278	0
Sample1261	161	35	95	337	31	359
Sample1262	564	73	113	104	39	87
Sample1263	494	85	165	128	43	77
Sample1264	434	172	188	77	11	140
Sample1265	583	108	77	27	136	49
Sample1266	128	372	46	231	197	0
Sample1267	176	363	113	131	183	9
Sample1268	555	136	60	106	42	119
Sample1269	513	98	169	40	45	127
Sample1270	250	316	0	183	191	41
Sample1271	405	131	213	150	0	116
Sample1272	448	54	130	140	7	195
Sample1273	490	74	134	118	163	36
Sample1274	311	155	118	128	0	289
Sample1275	126	488	48	170	149	0
Sample1276	175	11	90	362	54	323
Sample1277	141	8	518	293	0	12
Sample1278	94	458	99	179	148	6
Sample1279	495	72	131	166	12	110
Sample1280	226	27	118	209	33	373
Sample1281	231	48	28	256	86	359
Sample1282	372	70	25	254	187	71
Sample1283	170	143	0	195	378	116
Sample1284	545	97	79	165	65	49
Sample1285	93	369	141	121	277	0
Sample1286	327	150	398	0	89	0
Sample1287	499	48	162	136	18	117
Sample1288	117	399	211	147	37	70
Sample1289	538	97	103	67	148	36
Sample1290	430	149	126	150	138	15
Sample1291	342	141	52	276	40	168
Sample1292	531	56	185	94	28	114
Sample1293	472	220	160	44	60	36
Sample1294	476	194	62	127	140	14
Sample1295	369	185	145	46	205	50
Sample1296	271	128	199	189	0	221
Sample1297	274	14	39	233	131	317
Sample1298	113	353	205	97	197	0
Sample1299	99	226	0	276	360	57
Sample1300	488	66	121	201	48	76
Sample1301	488	148	62	76	184	50
Sample1302	0	126	490	72	135	198
Sample1303	263	194	396	0	137	2
Sample1304	210	92	531	76	45	54
Sample1305	299	63	162	175	0	313
Sample1306	483	181	47	102	65	156
Sample1307	486	178	98	101	76	79
Sample1308	183	391	0	234	165	0
Sample1309	566	99	95	47	136	49
Sample1310	401	13	375	0	104	90
Sample1311	115	425	81	146	210	9
Sample1312	0	227	0	232	278	237
Sample1313	350	200	87	162	0	169
Sample1314	550	113	89	90	99	44
Sample1315	126	28	177	286	16	369
Sample1316	141	8	518	293	0	12
Sample1317	473	88	173	74	138	62
Sample1318	587	113	66	77	78	59
Sample1319	141	8	518	293	0	12
Sample1320	550	34	120	164	83	57
Sample1321	150	433	56	212	105	12
Sample1322	172	52	182	232	33	344
Sample1323	253	0	73	227	132	316
Sample1324	105	382	70	225	186	0
Sample1325	551	89	132	54	68	106
Sample1326	367	252	0	211	80	65
Sample1327	144	369	114	201	139	0
Sample1328	260	143	227	112	238	0
Sample1329	555	71	75	157	150	0
Sample1330	541	42	131	88	70	113
Sample1331	77	401	139	201	148	0
Sample1332	156	0	114	288	100	349
Sample1333	518	144	9	124	213	0
Sample1334	0	291	0	306	291	85
Sample1335	169	465	34	149	140	31
Sample1336	540	152	89	71	65	68
Sample1337	476	75	197	120	38	94
Sample1338	167	331	66	181	219	37
Sample1339	555	0	142	95	129	71
Sample1340	146	373	66	265	130	0
Sample1341	520	97	95	129	121	54
Sample1342	167	401	179	177	111	0
Sample1343	473	87	251	96	0	74
Sample1344	160	194	521	95	9	38
Sample1345	529	85	165	35	146	67
Sample1346	578	88	105	80	81	53
Sample1347	512	144	0	161	50	107
Sample1348	538	56	135	135	33	91
Sample1349	77	423	103	237	133	0
Sample1350	376	212	264	26	103	0
Sample1351	48	327	0	219	389	48
Sample1352	536	77	89	167	61	78
Sample1353	224	0	111	314	53	314
Sample1354	165	369	89	149	210	0
Sample1355	154	434	36	190	165	0
Sample1356	553	82	98	112	80	60
Sample1357	549	134	64	72	68	98
Sample1358	226	0	98	280	70	341
Sample1359	489	82	191	135	34	61
Sample1360	586	85	96	94	48	80
Sample1361	154	386	100	143	197	0
Sample1362	53	432	87	300	108	0
Sample1363	161	395	143	118	158	0
Sample1364	512	28	178	111	36	114
Sample1365	421	149	174	72	101	117
Sample1366	465	119	227	53	70	84
Sample1367	557	16	134	153	31	128
Sample1368	447	49	223	146	9	134
Sample1369	9	341	0	213	396	44
Sample1370	505	107	76	179	75	38
Sample1371	510	129	69	196	75	29
Sample1372	356	257	253	14	53	48
Sample1373	176	469	55	171	157	0
Sample1374	549	109	113	93	66	62
Sample1375	481	234	127	18	56	84
Sample1376	533	123	138	38	30	126
Sample1377	514	105	105	85	143	40
Sample1378	580	98	71	98	71	62
Sample1379	576	101	89	97	41	83
Sample1380	288	179	153	42	95	261
Sample1381	166	308	99	199	194	18
Sample1382	2	220	521	169	0	74
Sample1383	444	30	106	223	41	142
Sample1384	387	156	127	194	9	161
Sample1385	135	380	184	143	137	3
Sample1386	449	167	174	113	63	42
Sample1387	485	113	136	123	46	97
Sample1388	459	123	210	109	0	107
Sample1389	522	127	169	81	51	58
Sample1390	73	481	18	234	183	0
Sample1391	220	403	187	12	205	0
Sample1392	275	306	145	31	94	139
Sample1393	178	310	134	327	3	28
Sample1394	536	24	201	105	56	67
Sample1395	535	136	129	86	101	28
Sample1396	506	135	93	57	110	99
Sample1397	572	86	73	124	85	52
Sample1398	503	57	222	85	0	114
Sample1399	524	118	80	198	31	49
Sample1400	522	92	194	12	101	71
Sample1401	498	82	98	183	98	41
Sample1402	388	82	401	32	79	60
Sample1403	155	312	132	210	166	0
Sample1404	489	198	134	59	0	101
Sample1405	554	151	38	130	89	30
Sample1406	0	313	0	333	346	22
Sample1407	477	82	202	84	85	62
Sample1408	61	448	131	207	134	0
Sample1409	558	13	36	175	172	54
Sample1410	545	97	79	165	65	49
Sample1411	376	203	9	155	42	197
Sample1412	0	89	433	167	184	128
Sample1413	576	86	69	153	67	57
Sample1414	571	112	69	100	77	71
Sample1415	151	304	102	266	149	0
Sample1416	79	284	116	356	159	0
Sample1417	450	80	215	111	36	100
Sample1418	469	71	208	145	30	77
Sample1419	195	373	5	133	230	32
Sample1420	464	71	205	67	136	75
Sample1421	423	93	178	192	69	71
Sample1422	223	0	41	255	98	379
Sample1423	170	0	92	299	86	323
Sample1424	421	187	34	131	10	197
Sample1425	498	86	107	113	125	79
Sample1426	173	359	38	215	188	0
Sample1427	576	86	69	153	67	57
Sample1428	70	240	156	253	251	11
Sample1429	608	17	128	100	69	67
Sample1430	223	462	61	154	135	0
Sample1431	571	2	183	111	2	145
Sample1432	521	56	194	93	12	116
Sample1433	141	8	518	293	0	12
Sample1434	117	407	122	136	205	0
Sample1435	602	110	98	49	64	69
Sample1436	483	129	176	79	66	46
Sample1437	590	160	52	127	61	24
Sample1438	582	115	84	100	78	26
Sample1439	141	8	518	293	0	12
Sample1440	456	70	114	193	123	57
Sample1441	159	397	93	217	169	0
Sample1442	520	91	104	110	135	55
Sample1443	547	81	87	140	64	61
Sample1444	104	377	37	245	203	0
Sample1445	152	368	69	209	176	0
Sample1446	457	140	195	97	54	83
Sample1447	158	270	113	283	139	11
Sample1448	509	93	154	130	28	72
Sample1449	548	111	129	51	33	120
Sample1450	521	62	120	122	84	106
Sample1451	334	104	114	233	0	216
Sample1452	518	53	152	81	98	98
Sample1453	535	160	63	110	45	73
Sample1454	301	211	73	212	0	222
Sample1455	538	138	101	106	77	40
Sample1456	551	104	127	8	154	48
Sample1457	518	77	209	122	0	54
Sample1458	56	293	0	146	464	59
Sample1459	499	100	103	123	132	51
Sample1460	97	414	62	239	169	0
Sample1461	518	9	169	176	60	48
Sample1462	127	261	0	204	404	20
Sample1463	231	144	481	0	26	147
Sample1464	461	66	178	144	23	128
Sample1465	566	46	148	76	28	109
Sample1466	521	81	110	40	194	46
Sample1467	110	302	67	156	326	56
Sample1468	520	82	99	86	164	76
Sample1469	510	13	167	42	123	145
Sample1470	421	65	109	223	115	67
Sample1471	177	286	294	51	23	140
Sample1472	114	337	113	253	167	0
Sample1473	90	331	0	135	352	108
Sample1474	148	334	232	131	178	0
Sample1475	577	115	61	100	64	63
Sample1476	89	353	68	228	250	0
Sample1477	374	172	70	178	43	152
Sample1478	550	141	92	111	68	38
Sample1479	491	80	181	83	58	92
Sample1480	528	93	122	131	35	70
Sample1481	240	0	89	238	101	340
Sample1482	486	121	185	92	40	68
Sample1483	518	111	83	122	83	62
Sample1484	517	34	204	26	72	125
Sample1485	536	77	89	167	61	78
Sample1486	540	81	129	56	113	81
Sample1487	272	197	135	164	68	152
Sample1488	480	65	150	148	91	74
Sample1489	554	151	77	82	40	81
Sample1490	529	50	188	65	33	113
Sample1491	42	267	0	331	292	79
Sample1492	216	312	106	85	308	0
Sample1493	422	174	104	97	57	182
Sample1494	56	206	0	241	377	138
Sample1495	499	86	167	87	93	60
Sample1496	306	204	116	87	271	2
Sample1497	457	87	149	162	85	86
Sample1498	603	118	71	87	62	51
Sample1499	556	48	172	92	14	99
Sample1500	200	277	65	257	164	12
Sample1501	106	452	77	182	157	0
Sample1502	233	40	136	142	106	362
Sample1503	488	98	130	249	17	35
Sample1504	483	134	94	110	64	133
Sample1505	418	140	179	99	117	39
Sample1506	170	46	129	225	77	371
Sample1507	266	170	455	0	13	114
Sample1508	51	200	0	276	430	46
Sample1509	491	145	94	114	84	64
Sample1510	574	96	73	135	52	62
Sample1511	402	127	209	139	39	111
Sample1512	141	8	518	293	0	12
Sample1513	482	130	147	99	65	92
Sample1514	507	93	177	115	21	67
Sample1515	540	117	89	106	90	58
Sample1516	494	51	138	138	67	112
Sample1517	283	266	117	181	173	0
Sample1518	501	181	40	173	70	55
Sample1519	141	8	518	293	0	12
Sample1520	111	203	0	291	319	93
Sample1521	467	65	236	153	0	79
Sample1522	106	281	21	176	391	26
Sample1523	534	102	135	121	30	92
Sample1524	200	4	138	178	191	305
Sample1525	540	88	136	135	44	75
Sample1526	555	77	130	93	44	80
Sample1527	530	124	115	76	37	103
Sample1528	142	69	135	292	75	301
Sample1529	458	131	143	118	62	80
Sample1530	156	376	69	228	139	0
Sample1531	495	117	99	118	69	128
Sample1532	531	125	101	137	9	89
Sample1533	115	0	209	0	379	296
Sample1534	157	363	262	0	0	212
Sample1535	506	173	82	101	76	83
Sample1536	577	44	71	141	65	110
Sample1537	563	62	149	89	51	101
Sample1538	499	175	16	163	155	0
Sample1539	463	26	270	142	0	114
Sample1540	514	88	125	87	113	52
Sample1541	539	64	164	78	38	117
Sample1542	84	303	0	210	418	0
Sample1543	259	345	52	144	168	0
Sample1544	546	114	68	166	49	49
Sample1545	431	142	91	115	235	0
Sample1546	446	180	0	164	18	159
Sample1547	519	68	171	125	56	53
Sample1548	33	293	0	231	369	87
Sample1549	572	107	91	92	73	37
Sample1550	564	73	113	104	39	87
Sample1551	90	241	0	205	390	82
Sample1552	115	0	209	0	379	296
Sample1553	156	357	54	212	166	36
Sample1554	122	463	0	202	200	0
Sample1555	119	44	147	308	61	336
Sample1556	173	118	436	87	53	96
Sample1557	484	158	140	153	38	7
Sample1558	514	61	167	135	30	93
Sample1559	160	394	22	165	239	0
Sample1560	508	87	48	118	170	69
Sample1561	583	25	166	83	10	113
Sample1562	534	99	132	129	26	60
Sample1563	196	416	92	84	236	0
Sample1564	115	0	209	0	379	296
Sample1565	140	385	46	210	184	0
Sample1566	125	422	116	192	132	0
Sample1567	302	143	119	201	0	244
Sample1568	576	86	69	153	67	57
Sample1569	202	336	152	164	154	0
Sample1570	183	431	86	107	223	0
Sample1571	497	41	145	122	106	104
Sample1572	118	300	2	238	329	26
Sample1573	497	65	101	93	143	101
Sample1574	235	202	160	143	106	165
Sample1575	141	8	518	293	0	12
Sample1576	252	203	104	249	0	204
Sample1577	136	406	62	224	152	0
Sample1578	97	412	40	225	175	24
Sample1579	539	19	125	95	99	138
Sample1580	515	91	126	141	64	71
Sample1581	461	79	84	143	2	196
Sample1582	532	69	175	78	37	117
Sample1583	534	127	169	65	59	38
Sample1584	171	332	124	229	178	0
Sample1585	548	89	123	67	77	81
Sample1586	167	406	0	194	220	0
Sample1587	500	164	135	57	44	85
Sample1588	170	125	0	236	241	242
Sample1589	272	182	460	55	24	31
Sample1590	183	287	38	285	187	0
Sample1591	481	118	144	66	72	134
Sample1592	150	291	77	132	310	15
Sample1593	409	179	167	25	165	82
Sample1594	493	80	206	28	121	56
Sample1595	332	172	148	58	31	235
Sample1596	428	108	139	150	86	107
Sample1597	166	408	4	203	185	0
Sample1598	536	8	175	113	96	72
Sample1599	416	13	80	178	104	215
Sample1600	416	69	192	182	56	112
Sample1601	549	112	81	123	67	76
Sample1602	521	65	146	111	38	105
Sample1603	578	86	135	14	139	56
Sample1604	112	272	165	238	249	0
Sample1605	156	281	15	259	266	0
Sample1606	82	403	116	261	85	27
Sample1607	500	93	189	76	93	49
Sample1608	515	147	89	71	109	61
Sample1609	514	145	128	57	52	96
Sample1610	533	133	118	125	83	34
Sample1611	133	194	192	251	266	0
Sample1612	484	156	173	78	71	66
Sample1613	443	113	132	119	89	112
Sample1614	491	93	149	151	53	77
Sample1615	153	348	3	213	248	0
Sample1616	507	146	120	64	88	101
Sample1617	196	320	0	225	241	0
Sample1618	141	8	518	293	0	12
Sample1619	83	364	0	152	354	49
Sample1620	115	0	209	0	379	296
Sample1621	459	100	178	153	56	38
Sample1622	495	94	216	16	127	44
Sample1623	318	145	241	83	134	63
Sample1624	130	475	100	174	145	0
Sample1625	500	82	132	162	36	96
Sample1626	179	0	173	200	139	317
Sample1627	33	285	0	204	368	117
Sample1628	140	279	278	189	50	90
Sample1629	518	135	162	72	51	62
Sample1630	196	322	84	84	290	0
Sample1631	238	78	294	161	115	128
Sample1632	285	0	88	288	76	279
Sample1633	332	7	533	0	0	111
Sample1634	514	109	194	115	10	58
Sample1635	570	144	32	144	84	26
Sample1636	452	85	0	261	20	149
Sample1637	284	264	169	42	91	137
Sample1638	550	109	72	101	92	62
Sample1639	633	67	52	113	96	31
Sample1640	567	99	60	111	64	85
Sample1641	576	99	57	111	87	78
Sample1642	305	321	81	60	31	177
Sample1643	560	257	24	60	60	52
Sample1644	224	388	0	101	253	0
Sample1645	141	8	518	293	0	12
Sample1646	494	156	118	110	73	75
Sample1647	165	16	118	322	49	348
Sample1648	213	318	58	237	150	0
Sample1649	107	290	182	165	272	0
Sample1650	127	372	109	232	139	0
Sample1651	321	300	0	149	78	146
Sample1652	253	0	59	327	67	307
Sample1653	152	470	108	167	91	0
Sample1654	526	171	22	138	120	41
Sample1655	93	265	149	335	139	0
Sample1656	141	8	518	293	0	12
Sample1657	403	173	199	145	8	64
Sample1658	508	107	140	169	0	106
Sample1659	487	164	229	50	0	60
Sample1660	576	31	94	157	70	80
Sample1661	476	140	110	122	134	37
Sample1662	91	382	76	240	184	0
Sample1663	435	164	59	181	169	0
Sample1664	573	62	64	105	86	95
Sample1665	629	69	89	18	68	99
Sample1666	23	352	443	0	0	200
Sample1667	47	324	0	273	345	26
Sample1668	299	317	2	167	63	125
Sample1669	145	451	31	208	133	0
Sample1670	237	280	235	6	184	40
Sample1671	561	67	89	150	61	86
Sample1672	332	7	533	0	0	111
Sample1673	471	122	85	206	122	2
Sample1674	576	86	69	153	67	57
Sample1675	519	90	143	63	110	67
Sample1676	176	447	35	178	137	0
Sample1677	258	396	62	88	222	0
Sample1678	561	128	86	85	92	48
Sample1679	162	307	89	274	137	0
Sample1680	225	60	35	247	98	347
Sample1681	488	73	131	130	79	84
Sample1682	309	185	204	143	67	115
Sample1683	127	411	112	195	130	0
Sample1684	283	0	100	252	0	346
Sample1685	172	354	0	234	222	0
Sample1686	332	7	533	0	0	111
Sample1687	563	89	116	97	53	71
Sample1688	543	62	144	67	97	72
Sample1689	526	102	151	71	59	91
Sample1690	430	47	169	198	51	97
Sample1691	49	130	507	156	5	175
Sample1692	455	143	149	39	194	0
Sample1693	450	135	188	145	0	96
Sample1694	99	521	9	193	157	0
Sample1695	156	444	94	169	164	0
Sample1696	219	394	48	170	34	129
Sample1697	545	97	79	165	65	49
Sample1698	298	265	158	0	147	155
Sample1699	191	383	167	128	144	22
Sample1700	556	115	121	59	49	100
Sample1701	530	67	182	126	7	96
Sample1702	422	160	43	218	0	137
Sample1703	359	198	159	134	0	179
Sample1704	525	125	98	57	207	5
Sample1705	232	362	0	153	203	23
Sample1706	247	253	245	73	7	157
Sample1707	556	105	60	77	124	86
Sample1708	141	8	518	293	0	12
Sample1709	481	147	108	158	53	68
Sample1710	438	25	214	75	149	91
Sample1711	465	24	132	178	85	116
Sample1712	554	0	203	63	78	81
Sample1713	141	8	518	293	0	12
Sample1714	202	183	184	192	219	0
