Mutation Types	Sample1	Sample2	Sample3	Sample4	Sample5	Sample6	Sample7	Sample8	Sample9	Sample10	Sample11	Sample12	Sample13	Sample14	Sample15	Sample16	Sample17	Sample18	Sample19	Sample20	Sample21	Sample22	Sample23	Sample24	Sample25	Sample26	Sample27	Sample28	Sample29	Sample30	Sample31	Sample32	Sample33	Sample34	Sample35	Sample36	Sample37	Sample38	Sample39	Sample40	Sample41	Sample42	Sample43	Sample44	Sample45	Sample46	Sample47	Sample48	Sample49	Sample50	Sample51	Sample52	Sample53	Sample54	Sample55	Sample56	Sample57	Sample58	Sample59	Sample60	Sample61	Sample62	Sample63	Sample64	Sample65	Sample66	Sample67	Sample68	Sample69	Sample70	Sample71	Sample72	Sample73	Sample74	Sample75	Sample76	Sample77	Sample78	Sample79	Sample80	Sample81	Sample82	Sample83	Sample84	Sample85	Sample86	Sample87	Sample88	Sample89	Sample90	Sample91	Sample92	Sample93	Sample94	Sample95	Sample96	Sample97	Sample98	Sample99	Sample100
A[C>A]A	3	0	0	1	1	2	1	0	0	0	1	1	0	1	1	1	0	1	0	0	0	0	2	1	0	0	0	0	1	1	0	0	1	0	0	0	0	0	3	0	1	0	1	1	1	1	0	1	0	0	0	0	1	0	0	0	0	0	1	0	0	1	0	1	1	0	0	1	0	0	0	0	0	0	0	0	2	1	2	1	0	0	0	1	1	1	0	0	0	0	0	1	1	0	0	0	0	0	0	0
A[C>A]C	3	1	0	0	0	0	2	0	0	0	0	1	0	1	0	0	0	1	0	0	0	0	2	0	0	0	0	0	0	1	0	0	3	0	0	1	0	0	2	0	0	0	0	0	1	1	0	0	0	0	0	1	0	0	0	0	0	0	0	1	0	0	0	0	0	0	0	0	0	0	0	0	0	0	0	1	1	0	1	0	0	1	0	0	0	0	0	2	0	0	0	0	2	0	0	0	0	2	0	1
A[C>A]G	0	0	0	0	0	0	0	0	0	0	0	0	0	0	1	0	0	0	0	0	0	0	0	0	0	0	0	0	0	0	0	0	0	0	0	0	0	0	0	0	0	0	0	0	0	0	0	0	0	0	0	0	0	0	0	0	0	0	0	0	0	0	0	0	0	0	0	0	0	0	0	0	0	0	0	0	0	0	0	0	0	0	0	0	0	0	0	0	0	0	0	0	0	0	0	0	0	0	0	0
A[C>A]T	1	0	0	0	0	0	0	0	0	0	0	0	0	0	0	0	0	0	0	0	0	0	0	0	0	0	0	0	0	0	0	0	1	0	0	0	0	0	0	0	0	0	0	0	0	0	0	0	0	0	0	0	0	0	0	0	0	1	0	0	0	0	0	0	0	0	0	0	0	0	0	0	0	0	0	0	2	0	0	0	1	0	0	0	0	0	0	0	0	0	0	0	0	0	0	0	0	0	0	0
A[C>G]A	2	1	1	1	0	1	2	1	1	1	1	2	1	1	1	2	1	2	1	1	1	1	1	1	1	2	1	1	1	1	1	1	2	1	1	1	1	1	1	1	2	1	1	1	1	1	1	1	1	1	1	1	1	1	1	1	1	1	1	1	1	1	1	1	1	1	1	1	2	1	1	1	1	1	1	1	1	1	1	1	1	1	2	1	1	1	1	1	1	1	1	1	1	1	1	1	1	1	1	1
A[C>G]C	1	1	1	0	0	0	1	1	0	1	0	0	1	1	0	0	0	1	0	1	1	1	0	0	1	0	1	0	0	1	0	1	0	1	1	1	1	1	0	1	0	1	0	0	1	1	1	0	1	1	1	1	0	1	0	1	1	1	0	1	1	0	1	0	0	1	1	0	1	0	1	1	1	1	1	1	1	0	0	0	0	1	0	0	0	0	1	1	1	1	1	1	0	1	1	1	1	1	1	1
A[C>G]G	0	0	0	0	0	0	0	0	0	0	0	0	0	0	0	0	0	0	0	0	0	0	0	0	0	0	0	0	0	0	0	0	0	0	0	0	0	0	0	0	0	0	0	0	0	0	0	0	0	0	0	0	0	0	0	0	0	0	0	0	0	0	0	0	0	0	0	0	0	0	0	0	0	0	0	0	0	0	0	0	0	0	0	0	0	0	0	0	0	0	0	0	0	0	0	0	0	0	0	0
A[C>G]T	2	0	0	0	0	0	1	0	0	0	0	0	0	0	0	0	0	2	0	0	1	0	2	0	0	0	0	0	0	0	0	0	1	0	0	0	0	0	0	0	0	0	0	0	0	0	0	0	0	0	0	0	0	0	0	0	0	0	0	0	0	0	0	0	0	0	0	0	0	0	0	0	0	0	0	0	0	1	0	0	0	0	0	0	0	0	0	0	0	0	0	0	1	0	0	0	0	0	0	0
A[C>T]A	11	6	4	10	3	8	11	5	3	6	8	6	4	9	8	9	2	10	4	6	5	6	19	7	5	4	4	6	2	7	4	7	16	5	4	6	5	4	19	5	8	5	2	9	8	9	4	2	4	8	5	6	2	6	4	7	6	5	9	4	3	9	4	10	5	4	4	11	4	6	5	6	6	4	4	4	19	8	10	2	5	4	9	8	10	8	5	7	5	6	5	4	5	8	4	4	4	9	9	5
A[C>T]C	6	4	5	5	3	6	8	3	5	5	6	5	4	3	6	5	0	7	5	5	3	4	10	4	5	4	4	6	3	5	5	3	8	3	6	4	4	5	7	5	6	4	3	5	6	4	3	3	5	2	5	6	3	5	2	5	5	5	6	3	4	6	4	6	8	4	4	6	5	5	3	4	5	4	4	4	10	6	6	3	4	5	5	4	5	6	4	5	5	5	5	5	5	5	5	4	5	7	4	3
A[C>T]G	5	1	1	1	0	2	9	2	2	2	2	1	1	4	2	2	2	9	2	1	1	1	8	2	1	2	1	1	3	4	2	2	8	1	1	1	1	1	10	1	3	1	3	3	3	5	1	3	1	2	1	3	3	1	0	3	1	1	2	1	2	2	1	3	3	1	1	2	1	2	1	1	1	1	1	1	9	2	2	3	1	2	2	2	3	2	1	3	1	1	1	1	1	2	1	2	1	5	4	1
A[C>T]T	7	4	3	4	2	3	7	3	3	3	4	3	2	7	3	4	0	9	3	3	2	4	6	4	4	3	4	3	1	6	4	2	7	2	4	4	3	3	6	3	3	4	1	4	4	4	2	1	2	3	3	4	1	3	1	3	3	2	5	2	2	5	3	6	6	4	3	4	4	3	3	4	4	3	2	4	7	4	5	1	5	3	4	4	5	3	2	5	4	2	4	3	4	4	2	3	3	7	6	3
A[T>A]A	2	0	0	0	0	1	2	0	0	0	1	0	0	1	0	1	0	2	0	0	0	0	1	1	1	0	0	0	0	1	1	1	3	0	0	0	1	0	2	0	0	0	0	0	1	1	0	0	0	1	0	1	0	0	0	1	0	0	1	0	0	1	0	1	0	0	0	1	0	0	0	0	0	0	0	0	1	1	2	0	0	0	0	1	1	1	0	1	0	0	0	0	0	0	0	0	0	1	1	0
A[T>A]C	1	1	1	0	0	0	1	1	1	1	0	0	1	0	1	0	0	2	1	1	1	1	2	0	1	0	0	1	1	1	1	1	2	1	1	1	1	1	1	1	1	1	1	1	1	0	1	1	1	1	1	1	1	1	1	1	1	1	1	1	1	0	1	1	1	1	1	0	1	1	0	1	1	1	1	1	1	0	0	1	1	1	0	0	0	0	1	1	1	1	1	1	0	1	1	1	1	1	1	1
A[T>A]G	1	1	0	1	0	2	2	0	0	0	1	0	0	0	0	1	0	1	1	0	0	0	3	1	0	0	0	0	0	0	0	0	1	0	0	1	0	0	3	0	0	0	0	1	1	1	1	0	1	0	0	0	0	0	0	1	1	0	1	0	1	1	0	1	0	0	0	1	0	0	0	1	0	0	0	1	3	1	2	0	0	0	1	1	1	1	0	1	0	0	1	0	0	0	0	0	0	1	1	0
A[T>A]T	3	0	0	0	0	1	0	0	1	0	1	0	0	0	0	0	0	0	1	0	0	0	0	0	0	0	0	0	0	0	0	0	0	0	0	0	1	0	0	0	0	0	0	0	0	0	0	0	0	0	0	0	0	0	0	0	0	0	1	0	0	0	0	0	2	0	0	0	0	0	0	0	0	0	0	0	0	0	0	0	0	0	0	1	0	0	0	0	0	0	0	0	0	0	0	0	0	0	0	0
A[T>C]A	11	4	5	8	3	7	7	5	7	3	4	5	3	5	7	7	3	12	2	2	3	3	17	8	3	6	3	3	3	7	1	2	10	3	2	3	5	3	15	2	7	2	3	6	5	7	1	3	2	2	2	4	3	3	5	5	6	3	10	2	4	9	1	8	10	3	2	7	2	2	1	3	2	3	3	5	17	8	6	3	2	3	8	8	10	7	4	4	2	3	2	3	2	5	4	2	3	9	2	3
A[T>C]C	4	2	0	3	2	2	5	1	2	1	3	3	1	4	2	2	1	5	1	0	2	1	3	2	1	2	1	0	1	1	0	1	6	1	1	2	1	0	5	0	2	1	1	2	4	1	0	1	0	3	1	2	1	0	2	0	1	2	2	1	0	3	0	2	4	1	0	2	1	1	0	2	2	1	1	0	6	3	3	1	1	0	2	2	2	2	1	2	0	1	1	2	3	1	0	0	1	3	2	2
A[T>C]G	7	1	2	6	5	6	9	3	4	2	6	2	2	3	5	4	1	7	3	3	2	3	11	5	2	4	2	2	6	6	3	3	9	2	1	1	4	3	10	2	5	2	6	8	7	7	2	6	2	3	2	4	6	2	3	1	1	3	6	3	4	4	2	6	4	2	3	5	3	4	3	2	2	2	5	3	7	7	6	6	2	2	6	6	6	6	3	1	3	3	2	2	3	5	4	3	1	6	2	2
A[T>C]T	12	5	4	7	3	7	13	3	2	7	6	3	3	9	11	9	2	13	2	3	3	5	13	7	4	5	4	3	3	8	6	3	13	4	4	6	4	4	11	4	8	3	3	7	8	11	6	3	5	3	4	4	3	4	3	7	4	6	9	5	2	8	5	9	7	4	4	8	5	3	4	4	3	3	4	5	14	6	6	3	7	4	8	6	10	8	2	7	4	4	4	4	5	5	3	1	5	9	11	2
A[T>G]A	5	3	2	0	1	1	3	2	0	3	1	2	2	3	1	2	1	2	2	2	3	2	1	1	3	3	1	2	0	3	1	2	1	2	2	3	1	2	3	2	4	2	0	1	1	0	2	0	2	1	1	4	0	2	0	3	2	1	0	2	1	1	2	3	1	2	2	2	2	2	1	1	2	2	2	1	0	2	0	0	2	1	1	1	0	0	1	3	2	1	2	2	3	3	1	2	2	4	2	2
A[T>G]C	1	0	0	2	0	2	1	0	0	0	2	1	0	2	1	2	0	2	0	0	0	0	1	2	0	0	1	0	0	1	0	0	1	0	0	0	0	0	1	0	1	0	0	1	1	2	0	0	0	0	0	0	0	0	0	1	0	0	1	0	0	2	0	1	0	0	0	2	0	0	1	0	0	0	0	0	2	2	1	0	0	0	2	2	1	2	0	1	0	0	0	0	0	0	0	0	0	1	1	0
A[T>G]G	0	0	0	0	0	0	0	0	0	0	0	0	0	0	0	0	0	0	0	0	0	0	1	0	0	0	1	0	0	0	0	0	0	0	0	0	0	0	0	0	0	0	0	0	0	0	0	0	0	0	0	0	0	0	0	0	0	0	0	0	0	0	0	0	1	0	0	0	0	0	0	0	0	0	0	0	0	0	0	0	0	0	0	0	0	0	0	0	0	0	0	0	0	0	0	0	0	0	0	0
A[T>G]T	2	1	0	1	0	1	0	0	1	0	1	0	0	0	1	1	0	0	1	0	0	0	2	1	0	0	0	0	0	0	0	0	0	0	0	1	0	0	1	0	0	0	0	1	1	1	0	0	0	0	0	0	0	0	0	0	0	0	0	0	1	1	0	1	0	0	0	0	0	0	0	0	0	0	0	0	0	1	1	0	0	0	1	1	1	1	0	0	0	0	0	0	1	0	0	1	0	0	0	0
C[C>A]A	1	0	1	0	1	0	0	0	1	0	0	0	0	0	0	0	1	1	0	0	0	0	0	0	1	1	0	0	1	0	1	0	1	0	0	0	0	0	0	0	1	0	1	0	0	0	1	1	0	0	0	0	1	0	0	0	0	0	0	0	0	1	0	0	0	0	0	0	0	0	1	0	0	0	0	0	0	0	0	1	1	0	0	0	0	1	1	0	0	0	0	0	0	0	0	0	0	1	0	0
C[C>A]C	0	0	0	0	0	0	0	0	0	0	0	0	0	0	0	0	0	0	0	0	0	0	0	0	0	0	0	0	0	0	0	0	0	0	0	0	0	0	0	0	0	0	0	0	0	0	0	0	0	0	0	0	0	0	1	0	0	0	0	0	0	0	0	0	0	0	0	0	0	0	0	0	0	0	0	0	0	0	0	0	0	0	0	0	0	0	0	0	0	0	0	0	0	0	0	0	0	0	0	0
C[C>A]G	0	0	0	0	0	0	0	0	1	0	0	0	0	0	0	0	0	0	0	0	0	0	0	0	0	0	0	0	0	0	0	0	0	0	0	0	0	0	1	0	0	0	0	0	0	0	0	0	0	0	0	0	0	0	0	0	0	0	0	0	0	0	0	0	0	0	0	0	0	0	0	0	0	0	0	0	0	0	0	0	0	0	0	0	0	0	0	0	0	1	0	0	0	0	0	0	0	0	0	0
C[C>A]T	2	0	0	0	0	0	0	0	0	0	0	0	0	0	0	0	1	1	0	0	0	0	0	0	0	0	0	0	0	0	1	0	1	0	0	0	0	0	1	0	0	0	0	0	0	0	0	0	0	0	0	0	0	0	0	0	0	0	0	0	0	0	0	0	0	0	0	0	0	0	0	0	0	0	0	0	1	0	0	0	0	0	0	0	0	0	0	0	0	0	0	0	0	0	0	0	0	0	0	0
C[C>G]A	0	1	0	1	0	1	1	1	0	1	1	1	1	1	1	1	0	0	0	1	1	1	1	1	0	0	1	1	0	1	0	1	1	1	0	1	1	1	1	1	0	1	0	1	1	1	0	0	1	1	1	1	0	1	1	0	1	1	1	1	1	0	1	1	1	1	1	1	1	1	0	1	1	1	1	1	1	1	1	0	0	1	1	1	1	0	0	1	1	1	1	1	1	1	1	1	1	1	1	1
C[C>G]C	0	0	0	0	0	0	0	0	0	0	0	0	0	0	0	0	0	0	0	0	0	0	0	0	0	0	0	0	1	0	0	0	0	0	0	0	0	0	0	1	0	0	1	0	0	0	0	1	0	0	0	0	1	0	0	0	0	0	0	0	0	0	0	0	0	0	0	0	0	0	0	0	0	0	1	0	0	0	0	1	0	0	0	0	0	0	0	0	0	0	0	0	0	0	0	0	0	0	0	0
C[C>G]G	0	0	0	0	0	0	0	0	0	0	0	0	0	0	0	0	0	0	0	0	0	0	0	0	0	0	0	0	0	0	0	0	0	0	0	0	0	0	0	0	0	0	0	0	0	0	0	0	0	0	0	0	0	0	0	0	0	0	0	0	0	0	0	0	0	0	0	0	0	0	0	0	0	0	0	0	0	0	0	0	0	0	0	0	0	0	0	0	0	0	0	0	0	0	0	0	0	0	0	0
C[C>G]T	0	0	0	0	0	0	0	0	0	0	0	0	0	0	0	0	0	0	0	0	0	0	0	0	0	0	0	0	0	0	0	0	0	0	0	0	0	0	0	0	0	0	0	0	0	0	0	0	0	0	0	0	0	0	0	0	0	0	0	0	0	0	0	0	0	0	0	0	0	0	0	0	0	0	0	0	0	0	0	0	0	0	0	0	0	0	0	0	0	0	0	0	0	0	0	0	0	0	0	0
C[C>T]A	1	0	0	1	0	0	1	0	1	0	0	0	0	0	0	0	0	1	1	0	0	0	1	0	0	0	0	0	0	0	0	0	1	0	1	0	0	0	2	0	0	0	0	0	0	1	0	0	1	0	0	0	0	0	1	1	0	0	0	0	0	1	0	0	1	0	0	0	0	0	0	0	0	0	0	0	1	0	0	0	0	0	0	0	0	0	0	0	0	0	0	0	0	0	0	0	0	0	0	0
C[C>T]C	1	1	1	1	1	1	1	1	1	1	1	1	1	0	1	1	0	1	1	1	1	1	2	1	1	1	1	1	0	1	1	1	2	1	1	1	1	1	2	0	1	1	0	1	1	1	1	0	1	1	1	1	0	1	0	1	1	1	1	1	1	1	1	1	1	1	1	1	1	1	1	1	1	1	0	1	2	1	0	0	1	1	1	1	1	1	1	1	1	1	1	1	1	1	1	1	1	1	1	1
C[C>T]G	2	3	3	3	2	3	3	3	2	3	3	3	3	3	2	3	3	3	3	3	3	3	3	3	3	3	3	3	3	3	3	3	3	3	3	3	3	3	2	3	3	3	3	3	3	3	3	3	3	3	3	3	3	3	3	3	3	3	3	3	3	3	3	3	3	3	3	3	3	2	3	3	3	3	3	3	3	3	3	3	3	3	3	3	3	3	3	3	3	2	3	3	3	3	3	3	3	3	1	3
C[C>T]T	1	2	2	2	1	1	3	2	1	2	1	1	2	2	1	2	0	3	2	2	1	2	2	1	2	1	2	2	1	1	1	2	4	2	2	2	2	2	2	2	1	2	1	1	1	1	2	1	2	2	1	2	1	2	1	2	2	1	1	2	2	1	2	1	1	2	1	1	2	2	2	2	2	2	2	1	2	1	1	1	2	2	1	1	1	1	2	2	2	2	2	2	2	2	2	2	2	2	1	2
C[T>A]A	2	0	0	1	0	0	0	0	1	0	0	0	0	0	0	0	0	1	0	0	0	0	0	0	0	0	0	0	0	1	0	0	0	0	0	0	0	0	1	0	0	0	0	1	0	0	0	0	0	0	0	0	0	0	0	0	0	0	1	0	2	0	0	0	0	0	0	0	0	1	0	0	0	1	0	0	1	1	0	0	0	0	0	0	0	0	0	0	0	0	0	0	0	0	0	0	0	0	0	0
C[T>A]C	2	2	2	2	2	1	2	3	1	2	1	2	2	1	2	2	1	3	2	2	2	2	1	2	2	1	2	2	1	2	2	2	2	2	2	2	2	2	3	2	2	2	1	2	2	1	2	1	1	2	2	2	1	1	2	2	2	2	2	1	2	2	2	2	1	2	2	2	2	1	2	2	2	2	1	2	3	2	1	1	1	2	1	1	2	0	2	1	2	2	2	2	2	2	1	2	2	1	2	1
C[T>A]G	6	0	1	0	0	0	2	0	0	0	0	0	0	2	0	0	0	2	1	0	0	1	2	0	0	0	0	0	0	3	2	0	2	0	1	1	1	1	3	1	0	1	0	0	1	2	0	0	0	0	0	0	0	0	0	1	0	0	1	1	0	1	0	1	0	0	0	1	0	0	0	1	0	0	0	1	2	0	0	0	0	0	1	0	1	0	0	1	0	0	0	1	0	0	0	1	0	2	2	1
C[T>A]T	3	0	1	0	0	0	1	0	0	0	0	0	0	0	0	0	0	1	0	0	0	0	0	0	0	0	0	0	0	0	0	0	0	0	0	0	0	0	0	0	0	0	0	0	0	0	0	0	0	0	0	1	0	0	0	0	0	0	0	0	0	0	0	0	0	0	0	0	0	0	0	0	0	0	0	0	0	0	0	0	0	0	0	0	0	0	0	0	0	0	0	0	0	0	0	0	0	0	0	0
C[T>C]A	1	2	1	2	1	2	4	1	1	1	1	1	2	1	2	2	0	3	1	1	1	1	3	2	1	0	2	2	1	1	1	1	2	1	1	2	0	1	3	1	2	1	1	2	2	2	2	1	1	0	1	2	1	1	2	1	1	2	1	1	1	1	1	1	1	1	1	2	1	3	1	1	1	1	1	1	3	1	1	1	0	1	2	3	2	2	1	1	1	1	1	1	2	1	1	1	1	1	1	1
C[T>C]C	2	0	0	1	0	1	2	0	0	1	1	0	0	0	1	1	1	2	0	0	0	0	3	1	1	0	0	0	0	1	1	0	2	0	0	0	0	1	4	0	1	0	0	1	1	1	0	0	0	0	0	0	0	1	0	1	1	0	1	0	0	1	0	1	1	1	0	1	0	2	0	0	0	0	1	0	4	1	2	0	0	0	2	1	1	1	1	0	0	0	1	0	0	0	0	0	0	1	0	0
C[T>C]G	3	0	0	0	0	0	2	0	2	0	0	0	0	1	1	0	0	0	0	0	0	0	0	0	0	0	1	0	0	0	0	0	1	0	0	0	0	0	0	0	0	0	0	0	0	0	0	0	0	0	0	0	0	0	0	1	0	0	0	0	0	0	0	0	0	0	0	0	0	0	1	0	1	0	0	0	1	1	0	0	0	0	0	0	0	0	0	0	0	0	0	0	0	1	0	0	0	0	0	0
C[T>C]T	2	1	0	0	0	1	2	0	1	0	0	1	1	2	0	0	1	2	1	1	1	1	0	0	1	0	1	1	0	2	1	1	1	1	1	1	1	1	0	1	2	1	0	0	0	0	0	0	1	1	1	1	0	1	1	1	1	1	0	1	1	0	1	0	0	1	1	0	1	1	3	1	1	0	1	1	1	1	0	0	1	1	0	1	0	0	1	1	1	1	1	1	1	1	1	1	1	1	1	1
C[T>G]A	1	0	0	1	0	0	1	0	0	1	0	0	0	1	1	0	1	1	0	0	0	0	0	0	1	0	0	0	0	1	0	0	2	0	0	0	0	0	0	0	1	0	0	0	1	0	0	0	0	1	0	1	0	0	0	1	0	0	0	0	0	0	0	0	0	0	0	0	0	0	0	0	0	0	1	0	0	0	0	0	1	0	0	1	0	0	0	1	0	0	0	0	0	1	0	0	0	2	0	0
C[T>G]C	2	0	0	0	0	0	2	0	1	0	0	0	0	1	0	1	0	1	1	0	0	0	1	0	0	0	0	0	0	0	0	0	0	0	0	0	0	1	0	0	0	0	0	0	0	1	0	0	1	0	0	0	0	0	0	0	0	0	0	1	0	0	0	1	1	0	0	0	0	1	0	0	0	0	0	0	0	0	0	0	1	0	0	0	0	1	0	1	0	0	0	0	0	0	1	0	0	1	1	1
C[T>G]G	0	1	1	1	0	0	1	1	0	1	0	1	1	1	0	0	0	2	0	1	1	0	0	0	1	0	1	1	0	1	1	1	1	1	0	1	0	0	0	1	0	0	0	0	0	0	1	0	1	1	0	1	0	1	1	2	1	2	0	0	1	0	1	0	0	1	1	0	1	2	1	1	0	1	1	0	0	1	0	0	1	1	0	0	0	0	1	2	1	1	1	0	1	1	1	0	1	1	0	0
C[T>G]T	2	0	0	0	0	0	0	0	0	0	0	0	0	0	0	0	1	0	0	0	0	0	1	0	0	0	0	0	0	0	0	0	0	0	0	0	0	0	0	0	0	0	0	0	0	0	0	0	0	0	0	0	0	0	0	0	0	0	0	0	0	0	0	0	0	0	0	0	0	1	0	0	0	0	0	0	2	1	0	0	0	0	0	0	0	0	0	0	0	0	0	0	1	0	0	0	0	1	0	0
G[C>A]A	2	0	0	0	0	0	0	0	0	0	0	0	0	0	0	0	0	0	0	0	0	0	0	0	0	0	0	0	0	0	0	0	0	0	0	0	0	0	0	0	0	0	0	0	0	0	0	0	0	0	0	0	0	0	0	0	0	0	0	0	0	0	0	0	0	0	0	0	0	0	0	0	0	0	0	0	0	0	0	0	0	0	0	0	0	0	0	0	0	0	0	0	0	0	0	0	0	0	0	0
G[C>A]C	0	0	0	0	0	0	0	0	0	0	0	1	0	0	0	0	0	0	0	1	0	0	0	0	0	0	0	0	1	0	0	0	0	0	0	0	0	0	0	0	0	0	1	0	0	0	1	1	0	0	0	0	1	0	0	0	0	0	1	0	0	1	0	1	2	0	0	1	0	0	1	0	0	0	0	1	0	0	0	1	0	0	0	0	0	1	0	0	0	0	0	0	0	0	0	0	0	0	0	0
G[C>A]G	0	1	1	0	0	0	1	1	0	1	0	0	1	1	0	0	0	0	1	1	1	1	0	0	1	0	1	1	0	1	1	1	1	1	1	1	1	1	0	1	0	1	0	0	0	0	1	0	1	1	1	1	0	1	0	0	1	1	0	1	0	0	1	0	0	1	1	0	1	1	1	1	1	1	1	1	0	0	0	0	1	1	0	0	0	0	1	1	1	1	0	1	1	1	1	1	1	1	1	1
G[C>A]T	1	2	2	2	2	1	2	1	2	1	2	0	1	1	2	0	0	1	0	2	2	1	2	1	2	0	1	1	1	1	1	1	2	2	1	2	1	1	1	2	1	1	1	1	0	1	2	1	2	1	1	1	1	1	1	1	1	1	1	1	1	2	1	1	1	2	1	2	1	1	1	2	1	2	3	1	4	1	1	1	1	1	0	1	1	0	2	1	1	1	1	2	1	2	2	2	1	1	1	1
G[C>G]A	1	0	0	0	0	0	0	0	0	0	0	0	0	0	0	0	0	0	0	0	0	0	1	0	0	0	0	0	0	0	0	0	0	0	0	0	0	0	0	0	0	0	0	0	0	0	0	0	0	0	0	0	0	0	0	0	0	0	0	0	1	0	0	0	1	0	0	0	0	0	0	0	0	0	0	0	1	0	0	0	0	0	0	0	0	0	0	0	0	0	0	0	0	0	0	0	0	0	0	0
G[C>G]C	0	1	1	1	1	1	1	1	1	1	1	1	1	1	1	0	0	1	1	1	1	1	1	1	1	0	1	1	0	1	1	1	1	1	1	1	1	1	2	1	1	1	0	1	1	1	1	0	1	1	1	1	0	1	1	2	1	1	0	1	1	0	1	1	0	1	1	0	1	1	0	1	1	1	1	0	1	1	1	0	0	1	1	1	1	0	1	1	1	1	1	1	1	1	1	1	1	1	1	1
G[C>G]G	2	0	0	0	0	0	0	0	0	0	0	0	0	0	0	0	0	1	0	0	0	0	0	0	0	0	0	0	0	0	0	0	0	0	0	0	0	0	0	0	0	0	0	0	0	0	0	0	0	0	0	0	0	0	0	0	0	0	0	0	0	0	0	0	0	0	0	0	0	0	0	0	0	0	0	0	0	0	0	0	0	0	0	0	0	0	0	0	0	0	1	0	0	0	0	0	0	0	0	0
G[C>G]T	2	1	1	0	0	1	1	1	0	1	0	2	2	1	0	1	0	1	1	1	0	1	1	1	1	0	1	1	0	1	1	0	1	1	1	1	1	1	1	1	1	1	0	1	2	1	1	0	1	1	1	1	0	1	1	1	1	0	1	1	1	0	1	1	1	1	1	1	1	1	1	1	1	1	0	1	0	1	1	0	1	1	1	1	1	2	1	1	1	1	1	0	1	1	1	1	1	2	1	1
G[C>T]A	1	1	1	1	1	2	5	1	1	1	2	1	1	2	2	2	1	5	1	1	1	1	4	3	1	2	1	2	1	4	1	1	6	1	1	1	1	1	6	2	3	1	1	1	3	2	1	1	1	1	1	3	1	1	1	2	1	1	2	1	1	2	1	2	1	1	1	1	1	1	1	2	1	1	1	1	3	2	2	1	1	1	2	2	2	2	1	2	1	1	0	1	1	2	1	1	1	2	3	2
G[C>T]C	3	0	0	0	0	0	0	0	0	0	0	0	1	1	0	1	1	0	0	0	1	0	0	0	0	1	0	0	1	0	1	0	0	0	0	0	0	0	0	0	0	0	1	0	1	0	0	1	0	1	0	0	1	2	0	0	0	0	0	0	0	1	0	0	0	0	0	0	0	0	1	0	0	0	0	0	0	0	0	1	1	0	1	0	0	0	0	0	0	0	0	0	0	1	0	0	1	1	0	0
G[C>T]G	2	1	0	0	0	0	3	1	0	0	0	0	0	1	0	0	1	3	0	0	0	0	3	0	0	0	0	0	1	1	0	0	2	0	0	1	1	0	3	0	0	0	1	0	2	0	0	1	0	1	0	1	1	1	1	1	0	0	0	0	0	0	0	0	0	0	0	0	0	0	0	0	0	0	0	1	4	0	0	1	0	0	0	0	0	0	0	1	0	0	0	0	0	0	0	1	0	1	0	0
G[C>T]T	4	0	1	1	1	1	7	1	1	1	1	1	1	2	1	1	0	9	1	0	0	1	6	1	1	1	1	1	1	1	1	2	6	1	1	0	2	1	6	1	2	1	1	1	1	1	1	1	1	1	2	1	1	1	1	0	1	2	1	1	1	1	1	1	1	1	1	1	1	1	1	1	1	1	1	1	4	1	1	1	1	1	1	0	1	1	1	1	1	1	3	2	1	2	1	1	1	4	1	1
G[T>A]A	1	0	0	0	0	0	0	0	0	0	0	0	0	0	0	0	0	0	0	0	0	0	0	0	0	0	0	0	0	0	0	0	0	0	0	0	0	0	0	0	0	0	0	0	0	0	0	0	0	0	0	0	0	0	1	0	0	0	0	0	0	0	0	0	0	0	0	0	0	0	0	0	0	0	0	0	0	0	0	0	0	0	0	0	0	0	0	0	0	0	0	0	0	0	0	0	0	0	0	0
G[T>A]C	0	0	0	0	0	0	0	0	0	0	1	0	0	0	0	0	0	0	0	0	0	0	1	0	0	0	0	0	0	0	0	0	0	0	0	0	0	0	0	0	0	0	0	0	0	0	0	0	0	0	0	0	0	0	0	0	0	0	0	0	0	0	0	0	0	0	0	0	0	0	0	0	0	0	0	0	1	0	1	0	0	0	0	0	0	1	0	0	0	0	0	0	0	0	0	0	0	0	0	0
G[T>A]G	1	0	0	0	1	0	0	0	0	0	0	0	0	0	0	0	0	0	0	0	0	1	0	0	0	0	0	0	0	0	1	0	0	1	1	0	0	0	0	1	0	0	0	1	1	0	0	0	0	1	0	0	0	0	0	0	0	0	1	0	1	0	0	1	1	0	0	0	0	0	0	0	0	1	1	1	0	0	0	0	0	0	0	0	0	1	0	0	0	0	0	1	0	0	1	0	0	1	0	1
G[T>A]T	0	1	1	0	0	0	2	0	0	1	0	0	1	1	0	0	0	1	1	1	0	0	1	0	1	0	1	1	0	1	1	0	1	0	1	1	1	1	0	1	0	1	0	0	0	0	1	0	1	0	0	1	0	1	0	1	1	0	0	1	1	0	1	0	0	1	0	0	1	0	1	1	0	1	1	1	0	1	0	0	1	1	0	0	0	0	0	0	0	1	1	1	1	0	1	1	1	1	1	0
G[T>C]A	0	3	2	1	0	1	2	3	1	3	2	3	3	3	3	1	1	4	3	3	3	1	2	4	3	3	1	3	1	4	2	3	3	5	2	3	2	2	3	3	4	2	1	3	2	2	3	1	3	4	3	2	1	3	2	2	3	2	3	2	2	2	1	3	3	2	3	2	3	3	3	4	2	2	2	3	3	2	2	1	3	3	2	2	2	2	2	1	2	2	0	4	4	4	2	2	2	3	3	4
G[T>C]C	0	0	0	0	0	1	2	0	0	0	1	0	0	0	0	1	0	2	0	0	0	0	3	0	0	0	0	0	0	1	0	0	2	0	0	0	0	0	2	0	0	0	0	1	1	0	0	0	0	0	0	0	0	0	0	0	0	0	0	0	0	0	0	0	0	0	0	1	0	0	0	0	0	0	0	0	3	0	0	0	0	0	1	0	0	0	0	0	0	0	0	0	0	0	0	0	0	2	1	0
G[T>C]G	1	0	0	1	0	2	1	0	0	0	1	1	0	1	2	2	1	2	0	0	1	0	5	2	0	1	1	0	0	0	0	0	1	0	1	0	0	0	4	0	2	0	0	2	2	2	0	0	0	1	0	1	0	0	0	0	0	0	2	1	1	2	0	1	0	1	0	2	0	0	0	0	0	0	0	0	3	2	2	0	0	0	1	1	2	2	0	0	0	0	0	0	1	0	0	0	0	1	1	0
G[T>C]T	4	1	1	0	0	2	2	2	1	1	1	1	1	2	2	1	1	3	1	2	1	1	3	2	2	1	1	2	1	2	1	2	2	2	2	1	2	1	3	1	2	1	1	2	2	1	1	1	2	2	2	2	1	1	1	1	2	2	2	1	1	2	1	3	2	1	2	1	1	0	1	1	2	1	1	1	4	1	0	1	2	2	1	1	1	1	1	2	2	1	1	1	0	2	1	2	1	1	0	2
G[T>G]A	3	0	0	1	0	1	2	0	0	0	1	1	0	0	1	1	0	1	0	0	0	0	3	1	0	0	0	0	0	0	1	0	1	0	0	0	0	0	0	0	1	0	0	1	1	1	0	0	0	0	0	0	0	0	0	0	1	1	1	0	0	0	0	0	0	0	0	1	0	1	0	0	0	0	0	0	2	1	2	0	0	0	1	1	1	1	0	0	0	0	0	0	0	0	0	0	0	0	0	0
G[T>G]C	0	0	0	0	0	0	2	0	0	0	0	0	0	0	0	0	0	2	0	0	0	0	0	0	0	0	0	0	0	0	0	0	2	0	0	0	0	0	0	0	0	0	0	0	0	0	0	0	0	0	0	0	0	0	0	0	0	0	0	0	0	0	0	0	0	0	0	0	0	0	0	0	0	0	0	0	0	0	0	0	0	0	0	0	0	0	0	0	0	0	0	0	0	0	0	0	0	1	0	0
G[T>G]G	2	0	0	0	0	0	0	0	0	0	0	0	0	1	0	1	0	0	0	0	0	0	0	0	0	0	0	0	0	1	0	0	0	0	0	0	0	0	0	0	0	1	0	0	0	1	0	0	0	0	0	0	0	0	0	1	0	0	0	0	0	0	0	0	1	0	0	0	0	0	0	0	0	0	0	0	0	0	0	0	0	0	0	0	0	0	0	0	0	0	0	0	0	0	0	0	0	0	0	0
G[T>G]T	1	0	0	0	0	0	0	0	0	1	0	0	0	0	0	0	0	0	1	0	0	1	0	0	0	0	1	0	0	0	0	0	0	0	0	0	0	0	0	0	0	0	0	0	0	0	0	0	0	0	0	0	0	0	0	0	0	0	0	0	0	0	0	1	0	0	1	0	0	1	0	0	0	0	0	0	0	0	0	0	0	0	0	0	0	0	0	0	0	0	0	0	0	0	0	0	0	0	0	0
T[C>A]A	4	2	1	1	0	0	1	1	1	1	0	0	1	2	0	0	0	1	1	1	1	1	0	0	1	0	1	1	0	1	1	1	1	1	1	2	1	1	0	1	0	1	0	0	1	0	1	0	1	1	1	1	0	1	0	1	1	1	0	1	1	0	1	0	0	1	1	0	0	1	1	1	1	1	1	1	0	0	0	0	1	1	0	0	0	0	1	1	1	1	1	1	1	1	1	1	1	1	1	1
T[C>A]C	1	1	1	1	0	1	1	0	0	1	1	0	1	1	1	1	0	1	1	1	0	1	1	1	1	2	0	1	0	1	1	0	1	0	1	1	1	1	1	0	1	0	0	1	3	2	1	0	1	0	1	1	0	1	0	2	1	1	1	1	1	1	1	1	2	1	1	1	1	0	1	0	1	1	0	1	2	2	1	0	1	0	0	0	2	1	0	1	1	1	1	1	1	1	1	0	1	1	1	0
T[C>A]G	0	0	0	0	0	0	0	0	0	0	0	0	0	0	0	0	0	0	0	0	0	0	0	0	0	0	0	0	0	0	0	0	0	0	0	0	0	0	0	0	0	0	0	0	0	0	0	0	0	0	0	0	0	0	0	0	0	0	0	0	0	0	0	0	0	0	0	0	0	0	0	0	0	0	0	0	0	0	0	0	0	0	0	0	0	0	0	0	0	0	0	0	0	0	0	0	0	0	0	0
T[C>A]T	0	0	0	0	0	1	0	0	0	0	0	0	0	0	0	1	0	0	0	0	0	0	0	1	0	0	0	0	0	0	0	0	0	0	1	0	0	0	0	0	1	0	0	1	1	1	0	0	0	0	0	0	0	0	0	0	0	0	1	0	0	1	0	0	0	0	0	1	0	0	0	0	0	0	0	0	1	1	1	0	0	0	0	0	1	1	0	0	1	0	0	0	0	0	0	0	0	0	0	0
T[C>G]A	2	0	0	0	0	0	0	0	0	0	0	0	0	0	0	0	1	0	1	0	0	0	0	0	0	0	0	0	0	0	1	0	0	0	0	0	0	0	0	0	0	0	0	0	0	0	0	0	0	0	0	0	0	0	0	0	0	1	0	1	0	0	0	0	0	0	0	0	1	0	0	0	0	0	0	0	0	0	0	0	0	0	0	0	0	0	0	0	0	0	0	0	0	0	0	0	0	0	1	0
T[C>G]C	2	0	0	1	0	1	1	0	0	0	1	0	0	1	0	1	0	1	0	0	0	0	1	1	0	0	1	0	0	1	0	0	0	0	0	0	0	0	1	1	1	0	0	1	0	1	0	0	0	0	0	0	0	0	0	0	0	0	1	0	0	0	0	1	1	0	0	1	0	0	0	1	0	0	1	0	1	0	1	0	0	1	2	1	1	0	0	0	0	0	0	0	0	1	0	0	0	0	1	0
T[C>G]G	0	0	0	0	0	0	0	0	0	0	0	0	0	0	0	0	0	0	0	0	0	0	0	0	0	0	0	0	0	0	0	0	0	0	0	0	0	0	0	0	0	0	0	0	0	0	0	0	0	0	0	0	0	0	0	0	0	0	0	0	0	0	0	0	0	0	0	0	0	0	0	0	0	0	0	0	0	0	0	0	0	0	0	0	0	0	0	0	0	0	0	0	0	0	0	0	0	0	0	0
T[C>G]T	0	0	0	0	0	0	1	0	0	0	0	0	0	0	0	0	0	1	0	0	0	0	2	0	0	0	0	0	0	0	0	0	1	0	0	0	0	0	2	0	0	0	0	0	0	0	0	0	0	0	0	0	0	0	0	0	0	0	0	0	0	0	0	0	0	0	0	0	0	0	0	0	0	0	0	0	1	0	0	0	0	0	0	0	0	0	0	0	0	0	0	0	0	0	0	0	0	1	0	0
T[C>T]A	4	4	4	2	0	5	9	3	3	4	2	2	4	4	2	4	2	9	4	3	4	4	5	4	3	2	4	3	1	5	5	4	6	4	4	4	4	4	5	6	2	2	1	5	4	3	3	1	3	3	5	5	1	3	2	6	4	3	6	3	4	5	3	4	6	4	3	5	4	4	4	6	3	4	4	3	4	5	5	1	5	2	4	4	4	4	4	6	4	4	5	4	4	4	4	4	4	8	4	4
T[C>T]C	2	1	0	1	1	1	3	1	2	0	1	0	0	1	2	1	1	4	2	0	1	1	3	1	0	1	1	1	0	1	1	0	3	0	1	1	0	0	3	0	2	0	0	2	3	2	2	0	1	0	2	0	0	0	1	2	0	0	1	0	2	2	0	1	3	0	0	1	0	0	1	0	0	0	1	0	2	2	1	0	1	0	2	2	1	1	0	1	0	2	0	1	0	0	0	1	0	1	3	0
T[C>T]G	2	0	0	0	0	0	4	0	0	0	0	0	0	0	0	0	0	5	0	0	0	0	4	0	0	0	0	0	0	1	0	0	3	0	0	0	0	0	5	0	0	0	0	0	0	0	0	0	0	0	0	0	0	0	0	0	0	0	0	0	0	0	0	0	0	0	0	0	0	0	0	0	0	0	0	0	3	0	0	0	0	0	0	0	0	0	0	0	0	0	0	0	0	0	0	0	0	3	0	0
T[C>T]T	4	0	0	1	1	0	4	1	1	0	1	0	0	1	1	3	0	4	0	0	1	0	1	0	0	1	1	0	0	2	0	0	3	0	0	0	0	0	5	0	1	0	0	1	1	0	0	0	0	0	0	2	0	0	1	2	0	1	3	1	0	2	0	1	0	0	0	1	0	0	1	0	0	0	0	0	2	1	1	0	1	1	1	0	0	0	0	1	1	0	0	0	1	0	1	0	1	2	3	0
T[T>A]A	3	0	0	1	0	1	0	0	0	0	0	0	0	0	0	0	0	1	0	0	0	0	1	0	0	0	0	0	0	1	0	0	0	0	0	0	0	0	1	0	0	0	0	0	0	0	0	0	0	0	0	0	0	0	0	0	0	0	0	0	0	0	0	0	0	0	1	0	0	0	0	0	0	0	0	0	1	0	0	0	0	0	0	0	0	1	0	0	0	0	0	0	0	0	0	0	0	0	0	0
T[T>A]C	2	0	0	1	1	2	0	0	0	0	1	0	0	0	1	1	0	0	0	0	0	0	1	1	0	0	0	0	0	1	0	0	1	0	0	0	0	0	1	0	0	0	0	1	1	1	0	0	0	0	0	0	0	0	0	0	0	0	1	0	0	2	0	1	0	0	0	1	0	1	0	0	1	0	0	0	1	1	1	0	0	0	1	1	1	1	0	0	1	0	1	0	0	0	0	0	0	0	0	0
T[T>A]G	4	0	0	0	0	0	0	0	0	0	0	0	0	0	0	0	1	0	0	0	0	0	1	0	0	0	0	1	0	0	0	1	0	0	0	0	0	0	0	0	0	0	0	0	0	0	0	0	0	0	0	0	0	0	0	0	0	0	0	0	0	0	0	0	0	0	0	0	0	0	1	0	0	0	0	0	0	0	0	0	0	0	0	0	0	0	0	0	0	0	0	0	0	0	0	0	0	0	0	0
T[T>A]T	1	0	1	0	0	0	1	0	0	0	0	0	0	0	0	0	0	0	0	0	0	0	0	0	0	0	0	0	0	0	0	0	0	0	0	0	0	1	0	0	0	0	0	0	0	0	0	0	0	0	0	0	0	0	0	0	1	0	0	0	0	0	0	0	0	0	0	0	0	0	0	1	1	0	0	0	0	0	0	0	0	0	0	0	0	0	0	0	0	0	0	0	0	0	0	0	1	0	0	0
T[T>C]A	2	2	2	2	2	2	4	2	3	3	4	1	2	5	2	4	1	8	3	2	1	2	7	3	3	1	2	2	0	2	2	4	5	2	2	2	2	1	7	2	3	2	0	4	3	4	2	0	1	2	2	4	0	3	1	3	2	2	6	3	2	4	4	3	4	2	2	4	2	1	3	4	2	2	3	2	6	4	4	0	1	1	3	3	3	3	1	4	3	2	2	1	2	3	3	2	2	5	1	2
T[T>C]C	3	1	1	1	0	1	3	0	1	0	1	2	0	2	2	1	0	0	0	0	0	1	1	1	0	1	1	0	0	0	0	0	1	0	1	1	1	1	2	1	2	0	0	1	2	2	0	0	0	0	0	0	0	0	1	1	0	0	1	0	0	1	1	1	0	0	0	1	0	2	1	1	1	0	1	1	1	2	1	0	1	1	1	1	1	2	0	0	1	0	0	1	0	1	1	1	1	0	0	0
T[T>C]G	4	2	1	1	2	1	1	1	1	1	1	1	1	1	0	1	0	1	1	1	1	1	1	2	1	0	1	1	0	1	0	1	1	1	1	2	2	1	3	0	1	1	0	1	1	2	1	0	1	1	1	1	0	0	1	1	1	1	0	1	1	1	1	0	0	2	1	2	1	1	1	1	1	1	1	1	2	2	0	0	1	0	1	1	1	1	1	1	1	0	1	1	1	1	1	2	1	1	0	2
T[T>C]T	5	2	3	0	1	1	6	3	1	2	0	1	2	4	1	0	2	5	2	2	2	2	2	0	3	4	2	2	2	3	2	2	4	3	1	2	3	3	1	2	0	2	2	0	0	1	2	2	2	4	1	3	2	2	1	2	2	2	2	2	3	1	2	1	1	3	2	1	2	2	2	1	2	1	3	2	1	0	0	2	3	3	0	1	0	1	3	2	2	2	2	1	3	3	2	2	3	4	2	3
T[T>G]A	1	0	0	0	0	0	0	0	1	0	0	0	0	0	0	0	0	0	0	0	0	0	0	0	0	0	0	0	0	0	0	0	0	0	0	0	0	0	0	0	1	0	0	0	0	0	0	0	1	0	0	0	0	0	1	0	0	0	0	0	0	0	0	0	2	0	0	0	0	0	0	0	0	0	0	0	0	0	0	0	0	0	0	0	1	0	0	0	0	0	0	0	0	1	0	0	0	0	0	0
T[T>G]C	3	0	0	1	0	0	0	0	1	0	0	0	0	1	0	0	0	0	0	0	0	1	2	0	0	0	0	0	1	0	0	0	0	0	0	0	0	0	1	0	0	0	1	0	0	0	0	1	0	0	0	0	1	0	0	0	0	0	0	0	0	0	0	1	1	0	0	0	1	0	0	1	0	0	0	0	2	0	1	1	0	0	0	1	0	0	0	1	0	0	0	0	0	1	0	0	0	0	0	0
T[T>G]G	0	0	0	0	0	0	0	0	0	0	0	0	0	0	0	0	0	0	0	0	0	0	0	0	0	0	0	0	0	0	0	0	0	0	0	0	0	0	0	0	0	0	0	0	0	0	0	0	0	0	0	0	0	0	0	0	0	0	0	0	0	0	0	0	0	0	0	0	0	1	0	0	0	0	0	0	0	0	0	0	0	0	0	0	0	0	0	0	0	0	0	0	0	0	0	0	0	0	0	0
T[T>G]T	2	0	0	0	0	1	0	0	0	0	0	0	0	0	0	0	0	0	0	0	0	0	0	0	0	1	0	0	0	0	1	0	0	0	0	0	0	0	0	0	0	0	0	1	0	0	0	0	0	0	0	0	0	0	0	0	0	0	1	0	0	0	0	0	0	0	0	0	0	0	0	0	0	0	0	0	0	0	0	0	0	0	0	0	0	0	0	0	0	0	0	0	0	0	0	0	0	0	0	0
