MutationType	Signature A	Signature B	Signature C	Signature D	Signature E	Signature F	Signature G	Signature H
A[C>A]A	2.39E-03	2.57E-03	2.87E-03	1.09E-03	3.34E-03	3.32E-03	3.27E-03	2.67E-03
A[C>A]C	5.32E-03	2.22E-03	3.04E-03	2.90E-03	1.83E-03	2.70E-03	2.00E-03	3.04E-03
A[C>A]G	2.01E-03	2.20E-03	2.00E-03	2.65E-03	3.72E-03	4.32E-03	2.30E-03	3.37E-03
A[C>A]T	2.33E-03	1.64E-03	2.85E-03	3.43E-03	2.86E-03	2.24E-03	2.85E-03	2.72E-03
A[C>G]A	2.97E-03	3.41E-03	5.51E-03	5.03E-03	4.82E-03	5.39E-03	3.01E-03	4.41E-03
A[C>G]C	1.52E-03	2.12E-03	3.85E-03	3.93E-03	1.75E-03	3.36E-03	2.12E-03	1.55E-03
A[C>G]G	2.62E-03	2.42E-03	2.42E-03	2.01E-03	2.71E-03	2.05E-03	2.46E-03	3.49E-03
A[C>G]T	1.57E-03	2.64E-03	2.76E-03	2.44E-03	2.21E-03	2.37E-03	6.48E-04	2.20E-03
A[C>T]A	4.90E-03	2.40E-03	5.05E-03	6.45E-03	6.25E-03	1.38E-02	6.02E-03	7.46E-03
A[C>T]C	2.86E-03	1.91E-03	2.69E-03	3.03E-03	3.06E-03	1.73E-03	1.86E-03	1.98E-03
A[C>T]G	5.16E-03	5.05E-03	2.61E-03	2.29E-03	4.43E-03	3.10E-03	4.03E-03	4.90E-03
A[C>T]T	4.11E-03	5.98E-03	4.23E-03	4.40E-03	6.69E-03	6.61E-03	3.77E-03	4.34E-03
A[T>A]A	3.48E-03	2.96E-03	3.04E-03	2.73E-03	2.98E-03	2.22E-03	2.52E-03	1.82E-03
A[T>A]C	4.62E-03	7.23E-03	6.06E-03	3.70E-03	3.76E-03	6.57E-03	3.52E-03	3.89E-03
A[T>A]G	2.53E-03	4.74E-03	1.89E-03	3.41E-03	1.63E-03	4.60E-03	2.15E-03	1.23E-03
A[T>A]T	3.34E-03	3.20E-03	2.16E-03	1.63E-03	2.31E-03	2.05E-03	4.28E-03	1.47E-03
A[T>C]A	2.54E-03	4.37E-03	3.12E-03	7.53E-03	4.90E-03	4.64E-03	7.14E-03	5.55E-03
A[T>C]C	1.98E-03	4.79E-03	1.91E-03	3.71E-03	3.10E-03	2.82E-03	4.95E-03	5.56E-03
A[T>C]G	1.12E-03	3.10E-03	1.11E-03	3.68E-03	4.53E-03	2.57E-03	2.16E-03	1.80E-03
A[T>C]T	3.10E-03	5.15E-03	3.54E-03	6.37E-03	3.34E-03	6.04E-03	3.48E-03	5.54E-03
A[T>G]A	2.54E-03	2.19E-03	2.31E-03	2.75E-03	2.93E-03	2.21E-03	2.55E-03	2.42E-03
A[T>G]C	1.71E-03	2.47E-03	5.73E-03	4.09E-03	1.79E-03	2.61E-03	9.84E-04	3.90E-03
A[T>G]G	3.99E-03	1.93E-03	1.50E-03	3.54E-03	1.90E-03	2.84E-03	2.82E-03	2.49E-03
A[T>G]T	1.24E-03	1.39E-03	3.22E-03	2.41E-03	2.83E-03	2.70E-03	1.31E-03	2.59E-03
C[C>A]A	2.06E-03	1.50E-03	3.32E-03	1.88E-03	2.53E-03	2.15E-03	1.87E-03	2.62E-03
C[C>A]C	1.50E-03	2.12E-03	2.13E-03	2.40E-03	2.71E-03	1.17E-03	3.93E-03	1.41E-03
C[C>A]G	3.43E-03	1.40E-03	2.58E-03	1.74E-03	3.09E-03	2.58E-03	2.12E-03	3.72E-03
C[C>A]T	4.28E-03	2.16E-03	2.49E-03	1.74E-03	2.91E-03	1.86E-03	2.48E-03	1.66E-03
C[C>G]A	3.13E-03	2.92E-03	4.00E-03	2.55E-03	2.45E-03	1.33E-03	2.05E-03	1.54E-03
C[C>G]C	2.66E-03	2.59E-03	4.71E-03	1.77E-03	2.73E-03	2.15E-03	2.54E-03	1.52E-03
C[C>G]G	1.74E-03	2.93E-03	1.86E-03	4.31E-03	1.53E-03	2.70E-03	2.62E-03	1.15E-03
C[C>G]T	4.01E-03	1.65E-03	2.69E-03	1.93E-03	3.17E-03	2.14E-03	1.26E-03	2.25E-03
C[C>T]A	2.94E-03	4.27E-03	2.39E-03	2.76E-03	1.89E-03	1.63E-03	3.05E-03	1.69E-03
C[C>T]C	3.59E-03	4.37E-03	2.14E-03	2.22E-03	1.46E-03	2.96E-03	1.22E-03	1.62E-03
C[C>T]G	7.51E-03	5.08E-03	3.17E-03	3.98E-03	5.35E-03	4.64E-03	4.68E-03	4.50E-03
C[C>T]T	7.57E-03	6.80E-03	6.53E-03	8.53E-03	4.15E-03	1.12E-02	8.30E-03	5.31E-03
C[T>A]A	1.48E-03	1.12E-03	2.66E-03	3.33E-03	2.82E-03	3.40E-03	4.33E-03	2.71E-03
C[T>A]C	4.96E-03	7.48E-03	5.55E-03	3.52E-03	4.49E-03	4.31E-03	5.22E-03	5.38E-03
C[T>A]G	2.56E-03	2.11E-03	1.78E-03	1.67E-03	2.42E-03	2.82E-03	1.87E-03	1.94E-03
C[T>A]T	2.77E-03	1.72E-03	5.51E-03	2.61E-03	2.27E-03	4.20E-03	1.48E-03	1.80E-03
C[T>C]A	5.76E-03	3.95E-03	2.35E-03	3.57E-03	1.99E-03	4.67E-03	5.46E-03	2.97E-03
C[T>C]C	1.75E-03	4.22E-03	2.35E-03	6.20E-03	4.59E-03	1.19E-03	3.57E-03	3.51E-03
C[T>C]G	2.57E-03	3.17E-03	4.12E-03	1.45E-03	1.62E-03	2.62E-03	2.26E-03	2.12E-03
C[T>C]T	4.50E-03	3.12E-03	3.99E-03	8.47E-03	5.37E-03	4.23E-03	4.02E-03	5.67E-03
C[T>G]A	1.73E-03	3.20E-03	1.57E-03	3.24E-03	2.31E-03	2.52E-03	1.60E-03	2.47E-03
C[T>G]C	2.32E-03	2.96E-03	2.96E-03	3.28E-03	2.35E-03	1.63E-03	2.77E-03	4.49E-03
C[T>G]G	2.53E-03	1.59E-03	2.36E-03	2.71E-03	3.82E-03	1.83E-03	2.04E-03	1.57E-03
C[T>G]T	2.46E-03	2.65E-03	3.07E-03	3.15E-03	1.39E-03	3.99E-03	3.18E-03	2.13E-03
G[C>A]A	2.94E-03	1.67E-03	3.61E-03	2.41E-03	1.83E-03	2.92E-03	2.48E-03	8.96E-04
G[C>A]C	1.33E-03	2.73E-03	2.30E-03	3.22E-03	1.54E-03	3.46E-03	1.91E-03	2.23E-03
G[C>A]G	1.97E-03	2.24E-03	3.46E-03	2.34E-03	2.14E-03	2.68E-03	2.53E-03	1.22E-03
G[C>A]T	4.58E-03	5.49E-03	5.19E-03	5.41E-03	4.44E-03	6.16E-03	9.71E-03	4.79E-03
G[C>G]A	1.66E-03	1.50E-03	3.63E-03	2.32E-03	1.87E-03	2.34E-03	2.18E-03	3.70E-03
G[C>G]C	3.70E-03	4.25E-03	3.81E-03	2.37E-03	4.94E-03	5.77E-03	4.25E-03	2.72E-03
G[C>G]G	2.19E-03	1.54E-03	4.39E-03	1.86E-03	2.44E-03	1.62E-03	2.00E-03	2.12E-03
G[C>G]T	4.60E-03	4.30E-03	2.90E-03	4.06E-03	5.03E-03	8.07E-03	4.75E-03	4.48E-03
G[C>T]A	2.76E-03	2.32E-03	8.73E-04	2.13E-03	3.60E-03	3.80E-03	4.37E-03	3.06E-03
G[C>T]C	1.31E-03	2.39E-03	5.40E-03	3.60E-03	2.89E-03	1.65E-03	2.99E-03	2.40E-03
G[C>T]G	3.13E-03	1.80E-03	1.93E-03	1.81E-03	2.15E-03	5.07E-03	1.68E-03	1.57E-03
G[C>T]T	2.11E-03	1.45E-03	8.69E-04	2.90E-03	2.63E-03	2.01E-03	2.30E-03	4.32E-03
G[T>A]A	2.65E-03	1.63E-03	2.47E-03	2.48E-03	2.33E-03	3.24E-03	2.83E-03	2.15E-03
G[T>A]C	2.43E-03	2.34E-03	1.73E-03	2.17E-03	2.22E-03	1.83E-03	2.47E-03	1.84E-03
G[T>A]G	3.21E-03	2.97E-03	1.35E-03	2.56E-03	2.23E-03	2.52E-03	2.34E-03	1.86E-03
G[T>A]T	3.03E-03	2.02E-03	2.58E-03	2.04E-03	1.89E-03	2.99E-03	2.56E-03	2.44E-03
G[T>C]A	2.80E-03	4.11E-03	2.47E-03	2.73E-03	3.89E-03	2.04E-03	1.92E-03	2.03E-03
G[T>C]C	2.02E-03	1.58E-03	3.83E-03	2.93E-03	2.07E-03	2.26E-03	2.96E-03	2.42E-03
G[T>C]G	1.72E-03	2.55E-03	3.91E-03	2.43E-03	1.21E-03	2.79E-03	3.55E-03	2.39E-03
G[T>C]T	3.81E-03	5.47E-03	3.80E-03	5.58E-03	3.99E-03	3.24E-03	5.63E-03	5.25E-03
G[T>G]A	2.25E-03	2.67E-03	2.17E-03	2.18E-03	2.37E-03	2.96E-03	3.44E-03	2.37E-03
G[T>G]C	2.60E-03	2.87E-03	2.24E-03	3.01E-03	3.84E-03	1.51E-03	1.38E-03	3.64E-03
G[T>G]G	3.66E-03	2.07E-03	2.61E-03	2.43E-03	6.84E-04	3.79E-03	1.94E-03	1.78E-03
G[T>G]T	1.05E-03	2.98E-03	2.39E-03	2.46E-03	2.49E-03	2.39E-03	6.74E-04	2.07E-03
T[C>A]A	4.48E-03	5.45E-03	4.31E-03	7.36E-03	7.35E-03	4.91E-03	5.48E-03	2.60E-03
T[C>A]C	4.04E-03	3.22E-03	1.72E-03	2.23E-03	7.33E-04	3.45E-03	2.34E-03	1.18E-03
T[C>A]G	2.99E-03	1.20E-03	2.71E-03	2.90E-03	2.23E-03	1.58E-03	1.25E-03	3.27E-03
T[C>A]T	2.71E-03	2.25E-03	4.60E-03	3.74E-03	2.44E-03	3.33E-03	3.52E-03	2.00E-03
T[C>G]A	2.61E-03	1.77E-03	2.44E-03	3.46E-03	2.97E-03	3.87E-03	2.10E-03	2.52E-03
T[C>G]C	3.66E-03	2.87E-03	1.55E-03	2.50E-03	1.98E-03	9.84E-04	2.03E-03	2.41E-03
T[C>G]G	3.47E-03	3.30E-03	2.66E-03	1.99E-03	2.42E-03	1.29E-03	2.26E-03	2.36E-03
T[C>G]T	3.00E-03	4.02E-03	1.93E-03	3.08E-03	3.06E-03	1.63E-03	3.16E-03	2.68E-03
T[C>T]A	4.94E-03	6.66E-03	5.07E-03	5.07E-03	8.31E-03	8.76E-03	1.16E-02	3.75E-03
T[C>T]C	3.45E-03	2.99E-03	4.05E-03	1.35E-03	3.81E-03	3.06E-03	6.22E-03	4.12E-03
T[C>T]G	1.60E-03	1.36E-03	4.05E-03	3.36E-03	2.76E-03	2.36E-03	2.32E-03	1.99E-03
T[C>T]T	5.05E-03	3.46E-03	3.01E-03	2.75E-03	6.09E-03	2.00E-03	6.25E-03	4.48E-03
T[T>A]A	2.48E-03	3.30E-03	2.63E-03	3.07E-03	2.57E-03	3.32E-03	4.02E-03	3.48E-03
T[T>A]C	2.48E-03	1.66E-03	3.31E-03	4.59E-03	4.01E-03	1.95E-03	1.57E-03	1.86E-03
T[T>A]G	3.93E-03	2.31E-03	3.33E-03	2.18E-03	1.85E-03	2.29E-03	2.87E-03	3.20E-03
T[T>A]T	2.05E-03	2.10E-03	1.69E-03	2.99E-03	1.59E-03	3.26E-03	3.20E-03	1.89E-03
T[T>C]A	5.62E-03	2.98E-03	4.74E-03	3.93E-03	2.98E-03	4.36E-03	3.27E-03	3.23E-03
T[T>C]C	2.54E-03	3.06E-03	3.64E-03	7.16E-03	2.67E-03	3.68E-03	2.30E-03	2.37E-03
T[T>C]G	2.79E-03	1.72E-03	2.60E-03	1.55E-03	3.05E-03	2.84E-03	1.82E-03	3.74E-03
T[T>C]T	4.19E-03	5.44E-03	5.06E-03	4.29E-03	6.70E-03	6.84E-03	6.35E-03	5.59E-03
T[T>G]A	1.67E-03	1.96E-03	3.02E-03	2.11E-03	2.69E-03	1.63E-03	1.54E-03	2.45E-03
T[T>G]C	3.39E-03	2.54E-03	3.70E-03	2.03E-03	3.90E-03	2.26E-03	3.14E-03	1.11E-03
T[T>G]G	1.75E-03	1.80E-03	3.17E-03	2.86E-03	2.34E-03	2.52E-03	1.66E-03	2.19E-03
T[T>G]T	1.53E-03	3.21E-03	4.28E-03	4.68E-03	1.31E-03	1.39E-03	3.90E-03	2.38E-03
