Iteration	L1	L1 %	L2	L2 %	KL Divergence
1	2.384	17.939	0.446	22.033	0.03
2	2.419	18.244	0.447	22.157	0.031
3	2.461	18.567	0.448	22.182	0.031
4	2.414	18.169	0.445	22.108	0.031
5	2.499	18.787	0.46	22.568	0.031
6	2.486	18.758	0.455	22.467	0.032
7	2.407	18.125	0.441	22.038	0.03
8	2.429	18.259	0.458	22.498	0.03
9	2.465	18.571	0.451	22.289	0.031
10	2.508	18.877	0.461	22.593	0.032
11	2.511	18.949	0.459	22.631	0.033
12	2.459	18.534	0.45	22.271	0.031
13	2.5	18.862	0.459	22.719	0.032
14	2.455	18.472	0.453	22.463	0.031
15	2.462	18.578	0.457	22.583	0.032
16	2.454	18.487	0.451	22.142	0.031
17	2.485	18.727	0.461	22.639	0.031
18	2.413	18.167	0.44	21.913	0.031
19	2.544	19.184	0.463	22.647	0.033
20	2.498	18.84	0.458	22.776	0.032
21	2.414	18.205	0.453	22.368	0.031
22	2.518	18.982	0.47	23.103	0.033
23	2.446	18.417	0.452	22.298	0.031
24	2.464	18.56	0.456	22.288	0.031
25	2.482	18.687	0.461	22.623	0.032
26	2.396	18.068	0.44	21.868	0.03
27	2.46	18.553	0.451	22.399	0.032
28	2.496	18.783	0.469	23.119	0.032
29	2.486	18.711	0.466	22.767	0.032
30	2.534	19.117	0.468	22.978	0.034
31	2.431	18.323	0.457	22.561	0.031
32	2.492	18.766	0.471	23.079	0.032
33	2.383	17.912	0.435	21.666	0.029
34	2.529	19.089	0.456	22.604	0.033
35	2.474	18.665	0.462	22.791	0.033
36	2.475	18.654	0.45	22.077	0.031
37	2.486	18.745	0.452	22.566	0.033
38	2.458	18.517	0.461	22.672	0.031
39	2.441	18.398	0.449	22.459	0.031
40	2.439	18.386	0.444	21.962	0.031
41	2.451	18.446	0.451	22.184	0.03
42	2.444	18.389	0.46	22.636	0.031
43	2.481	18.686	0.459	22.703	0.032
44	2.442	18.438	0.448	22.407	0.031
45	2.431	18.312	0.449	22.052	0.031
46	2.462	18.504	0.462	22.594	0.031
47	2.424	18.282	0.451	22.437	0.031
48	2.56	19.298	0.475	23.23	0.033
49	2.483	18.724	0.461	22.722	0.032
50	2.47	18.583	0.456	22.568	0.031
51	2.498	18.814	0.459	22.621	0.032
52	2.396	18.022	0.449	22.188	0.03
53	2.473	18.663	0.462	22.887	0.033
54	2.489	18.76	0.46	22.454	0.032
55	2.46	18.483	0.457	22.509	0.031
56	2.478	18.658	0.472	22.994	0.031
57	2.45	18.471	0.454	22.362	0.032
58	2.445	18.439	0.453	22.439	0.031
59	2.468	18.585	0.458	22.514	0.031
60	2.471	18.61	0.448	22.089	0.031
61	2.479	18.693	0.458	22.451	0.031
62	2.44	18.386	0.463	22.555	0.032
63	2.487	18.736	0.448	22.149	0.031
64	2.457	18.51	0.455	22.424	0.031
65	2.482	18.675	0.457	22.45	0.031
66	2.417	18.233	0.447	22.133	0.031
67	2.537	19.133	0.474	23.264	0.034
68	2.458	18.537	0.458	22.549	0.032
69	2.487	18.747	0.455	22.473	0.032
70	2.524	18.999	0.459	22.51	0.032
71	2.426	18.288	0.45	22.338	0.031
72	2.413	18.167	0.442	21.979	0.031
73	2.451	18.456	0.448	22.207	0.03
74	2.492	18.784	0.457	22.481	0.032
75	2.441	18.391	0.455	22.44	0.031
76	2.478	18.651	0.461	22.746	0.032
77	2.472	18.65	0.448	22.178	0.031
78	2.488	18.742	0.467	22.901	0.032
79	2.452	18.5	0.446	22.272	0.031
80	2.448	18.471	0.449	22.264	0.032
81	2.432	18.326	0.445	22.129	0.031
82	2.459	18.481	0.462	22.652	0.031
83	2.427	18.297	0.444	21.993	0.031
84	2.483	18.722	0.461	22.622	0.032
85	2.426	18.28	0.44	21.769	0.03
86	2.465	18.572	0.453	22.263	0.031
87	2.5	18.879	0.463	23.054	0.034
88	2.463	18.577	0.466	22.799	0.031
89	2.444	18.418	0.451	22.2	0.031
90	2.46	18.508	0.459	22.474	0.031
91	2.446	18.406	0.458	22.659	0.031
92	2.399	18.122	0.438	21.945	0.031
93	2.484	18.739	0.464	22.851	0.031
94	2.44	18.341	0.463	22.744	0.032
95	2.424	18.28	0.446	22.06	0.031
96	2.5	18.842	0.46	22.57	0.032
97	2.478	18.701	0.46	22.707	0.033
98	2.457	18.498	0.455	22.339	0.031
99	2.455	18.488	0.461	22.652	0.032
100	2.463	18.577	0.445	22.14	0.031
101	2.482	18.742	0.454	22.632	0.033
102	2.381	17.949	0.446	21.995	0.03
103	2.491	18.756	0.46	22.656	0.031
104	2.476	18.607	0.465	22.826	0.032
105	2.449	18.462	0.451	22.278	0.031
106	2.45	18.446	0.459	22.603	0.031
107	2.484	18.709	0.457	22.338	0.031
108	2.487	18.733	0.471	22.705	0.032
109	2.415	18.226	0.457	22.474	0.031
110	2.525	19.007	0.473	23.052	0.033
111	2.452	18.491	0.451	22.459	0.032
112	2.512	18.917	0.465	22.828	0.033
113	2.508	18.899	0.46	22.573	0.032
114	2.455	18.479	0.465	22.606	0.031
115	2.416	18.196	0.457	22.398	0.03
116	2.487	18.75	0.463	22.803	0.032
117	2.51	18.914	0.468	22.762	0.032
118	2.456	18.501	0.467	22.733	0.031
119	2.456	18.51	0.455	22.508	0.031
120	2.538	19.124	0.467	22.825	0.032
121	2.461	18.52	0.45	22.322	0.032
122	2.488	18.755	0.459	22.499	0.032
123	2.429	18.289	0.455	22.449	0.031
124	2.427	18.268	0.462	22.72	0.031
125	2.504	18.888	0.462	22.717	0.033
126	2.453	18.489	0.457	22.566	0.031
127	2.397	18.071	0.444	22.013	0.03
128	2.461	18.563	0.461	22.73	0.032
129	2.405	18.107	0.447	22.233	0.03
130	2.443	18.417	0.448	22.182	0.032
131	2.422	18.26	0.44	21.959	0.031
132	2.468	18.583	0.45	22.177	0.031
133	2.467	18.553	0.465	22.791	0.031
134	2.472	18.581	0.463	22.555	0.031
135	2.487	18.767	0.466	22.795	0.032
136	2.405	18.124	0.439	21.624	0.03
137	2.533	19.086	0.464	22.766	0.032
138	2.481	18.681	0.458	22.678	0.032
139	2.479	18.706	0.453	22.568	0.033
140	2.542	19.193	0.465	22.966	0.033
141	2.488	18.737	0.462	22.668	0.031
142	2.509	18.88	0.468	22.825	0.032
143	2.459	18.531	0.45	22.132	0.031
144	2.421	18.242	0.451	22.202	0.03
145	2.465	18.585	0.446	21.992	0.031
146	2.487	18.749	0.46	22.545	0.032
147	2.514	18.956	0.467	22.922	0.032
148	2.499	18.819	0.469	22.823	0.032
149	2.507	18.888	0.463	22.784	0.032
150	2.448	18.439	0.451	22.279	0.031
151	2.472	18.63	0.461	22.662	0.032
152	2.489	18.777	0.459	22.66	0.033
153	2.423	18.267	0.443	22.075	0.03
154	2.44	18.37	0.453	22.243	0.031
155	2.545	19.183	0.457	22.54	0.032
156	2.491	18.779	0.453	22.203	0.033
157	2.477	18.659	0.455	22.337	0.031
158	2.567	19.349	0.476	23.263	0.033
159	2.469	18.595	0.45	22.217	0.031
160	2.429	18.253	0.459	22.401	0.03
161	2.488	18.791	0.458	22.573	0.032
162	2.513	18.944	0.466	22.759	0.032
163	2.542	19.155	0.464	22.789	0.033
164	2.476	18.596	0.464	22.549	0.031
165	2.493	18.814	0.46	22.581	0.032
166	2.47	18.65	0.454	22.387	0.031
167	2.509	18.88	0.463	22.609	0.032
168	2.413	18.175	0.443	22.176	0.031
169	2.41	18.158	0.442	21.791	0.03
170	2.405	18.127	0.448	22.069	0.031
171	2.465	18.591	0.46	22.611	0.032
172	2.501	18.812	0.458	22.706	0.032
173	2.456	18.484	0.455	22.348	0.031
174	2.578	19.396	0.493	23.775	0.034
175	2.475	18.631	0.461	22.844	0.032
176	2.462	18.522	0.46	22.502	0.031
177	2.359	17.78	0.432	21.523	0.03
178	2.474	18.652	0.45	22.318	0.031
179	2.441	18.378	0.457	22.279	0.031
180	2.427	18.269	0.447	22.172	0.031
181	2.425	18.29	0.441	21.748	0.031
182	2.501	18.871	0.456	22.534	0.032
183	2.493	18.782	0.451	22.175	0.032
184	2.516	18.974	0.46	22.876	0.034
185	2.456	18.539	0.464	22.802	0.033
186	2.379	17.901	0.434	21.326	0.029
187	2.413	18.181	0.443	21.999	0.03
188	2.429	18.28	0.453	22.326	0.031
189	2.442	18.43	0.447	22.117	0.031
190	2.401	18.096	0.433	21.492	0.03
191	2.537	19.099	0.469	22.876	0.032
192	2.542	19.142	0.466	22.82	0.032
193	2.564	19.306	0.469	22.993	0.032
194	2.455	18.499	0.449	22.249	0.031
195	2.482	18.701	0.455	22.594	0.032
196	2.463	18.552	0.463	22.85	0.032
197	2.457	18.52	0.459	22.634	0.032
198	2.464	18.546	0.463	22.62	0.03
199	2.441	18.412	0.45	22.345	0.031
200	2.551	19.24	0.475	23.384	0.033
201	2.511	18.916	0.465	22.803	0.032
202	2.48	18.682	0.459	22.616	0.031
203	2.481	18.701	0.463	22.775	0.032
204	2.413	18.185	0.452	22.391	0.03
205	2.482	18.726	0.456	22.376	0.032
206	2.504	18.879	0.463	22.63	0.033
207	2.526	19.043	0.483	23.368	0.033
208	2.445	18.399	0.457	22.539	0.031
209	2.532	19.1	0.473	23.201	0.033
210	2.494	18.8	0.471	23.163	0.033
211	2.412	18.163	0.448	22.07	0.03
212	2.489	18.731	0.47	22.957	0.032
213	2.462	18.55	0.449	22.166	0.031
214	2.479	18.697	0.453	22.314	0.032
215	2.407	18.13	0.452	22.382	0.031
216	2.513	18.947	0.466	22.923	0.032
217	2.509	18.869	0.461	22.604	0.031
218	2.44	18.377	0.448	22.179	0.031
219	2.472	18.641	0.457	22.494	0.032
220	2.457	18.533	0.454	22.508	0.032
221	2.566	19.321	0.476	23.276	0.033
222	2.417	18.182	0.448	22.254	0.031
223	2.48	18.689	0.464	22.796	0.032
224	2.49	18.727	0.464	22.704	0.032
225	2.528	19.057	0.46	22.605	0.032
226	2.44	18.371	0.449	22.198	0.031
227	2.452	18.477	0.447	22.273	0.032
228	2.466	18.586	0.454	22.329	0.032
229	2.5	18.83	0.468	22.897	0.032
230	2.515	18.919	0.474	23.139	0.032
231	2.484	18.706	0.462	22.673	0.031
232	2.431	18.328	0.454	22.549	0.031
233	2.468	18.607	0.456	22.58	0.032
234	2.459	18.503	0.461	22.663	0.032
235	2.541	19.162	0.46	22.69	0.033
236	2.459	18.563	0.451	22.278	0.031
237	2.493	18.799	0.455	22.516	0.032
238	2.473	18.625	0.461	22.717	0.032
239	2.435	18.322	0.453	22.197	0.03
240	2.451	18.483	0.452	22.284	0.031
241	2.473	18.6	0.467	22.759	0.032
242	2.521	18.972	0.457	22.534	0.032
243	2.408	18.149	0.456	22.465	0.031
244	2.393	18.019	0.457	22.571	0.031
245	2.489	18.804	0.456	22.599	0.032
246	2.402	18.099	0.45	22.144	0.03
247	2.429	18.274	0.445	22.017	0.03
248	2.48	18.711	0.46	22.567	0.032
249	2.488	18.768	0.458	22.516	0.032
250	2.495	18.819	0.464	22.902	0.032
251	2.469	18.59	0.446	22.106	0.031
252	2.518	18.945	0.483	23.455	0.032
253	2.38	17.922	0.437	21.713	0.03
254	2.447	18.437	0.456	22.362	0.031
255	2.44	18.387	0.446	22.236	0.031
256	2.496	18.792	0.468	22.798	0.032
257	2.508	18.904	0.47	22.921	0.032
258	2.476	18.687	0.461	22.648	0.033
259	2.381	17.986	0.426	21.395	0.03
260	2.448	18.46	0.445	22.131	0.031
261	2.497	18.842	0.464	22.657	0.032
262	2.478	18.68	0.448	22.15	0.032
263	2.431	18.316	0.457	22.589	0.031
264	2.5	18.842	0.468	22.987	0.032
265	2.459	18.491	0.453	22.252	0.03
266	2.451	18.498	0.445	22.169	0.031
267	2.465	18.57	0.455	22.644	0.032
268	2.463	18.55	0.452	22.422	0.032
269	2.46	18.547	0.453	22.34	0.031
270	2.444	18.426	0.459	22.589	0.032
271	2.44	18.39	0.451	22.182	0.031
272	2.5	18.826	0.448	22.25	0.032
273	2.497	18.816	0.464	22.888	0.032
274	2.529	19.07	0.47	23.149	0.033
275	2.428	18.304	0.455	22.502	0.031
276	2.481	18.681	0.461	22.655	0.032
277	2.405	18.088	0.446	22.109	0.03
278	2.425	18.28	0.467	22.946	0.031
279	2.484	18.708	0.459	22.461	0.032
280	2.489	18.801	0.442	22.064	0.032
281	2.444	18.435	0.452	22.404	0.031
282	2.541	19.167	0.468	22.919	0.033
283	2.47	18.555	0.463	22.566	0.031
284	2.467	18.619	0.458	22.523	0.032
285	2.452	18.497	0.456	22.609	0.031
286	2.511	18.952	0.464	22.93	0.033
287	2.536	19.119	0.473	23.262	0.034
288	2.457	18.5	0.466	22.885	0.031
289	2.46	18.537	0.448	22.177	0.031
290	2.53	18.907	0.502	23.243	0.034
291	2.442	18.4	0.465	22.814	0.032
292	2.469	18.57	0.461	22.636	0.031
293	2.491	18.791	0.455	22.439	0.032
294	2.497	18.855	0.464	22.897	0.032
295	2.551	19.197	0.472	22.96	0.033
296	2.483	18.704	0.446	22.021	0.031
297	2.522	18.998	0.461	22.641	0.033
298	2.481	18.725	0.46	22.62	0.032
299	2.467	18.561	0.458	22.417	0.031
300	2.496	18.806	0.472	23.079	0.032
301	2.531	19.039	0.476	23.199	0.033
302	2.491	18.8	0.46	22.778	0.033
303	2.404	18.093	0.444	22.093	0.03
304	2.473	18.602	0.455	22.298	0.032
305	2.527	19.035	0.463	22.782	0.033
306	2.537	19.12	0.462	22.71	0.033
307	2.404	18.146	0.438	21.887	0.03
308	2.448	18.432	0.447	22.085	0.031
309	2.522	19.003	0.466	22.751	0.032
310	2.397	18.07	0.443	21.937	0.03
311	2.448	18.455	0.45	22.091	0.031
312	2.477	18.636	0.463	22.612	0.031
313	2.516	19.007	0.454	22.392	0.033
314	2.449	18.454	0.464	22.592	0.031
315	2.442	18.431	0.451	22.305	0.031
316	2.504	18.918	0.457	22.619	0.032
317	2.448	18.438	0.452	22.209	0.031
318	2.431	18.312	0.451	22.337	0.031
319	2.452	18.468	0.449	22.256	0.03
320	2.541	19.157	0.471	22.898	0.033
321	2.458	18.511	0.454	22.421	0.031
322	2.533	19.088	0.466	22.769	0.032
323	2.435	18.352	0.456	22.518	0.032
324	2.488	18.756	0.463	22.774	0.032
325	2.5	18.857	0.462	22.707	0.032
326	2.474	18.626	0.451	22.363	0.032
327	2.428	18.3	0.448	21.974	0.03
328	2.429	18.306	0.443	21.936	0.031
329	2.478	18.71	0.457	22.692	0.033
330	2.492	18.75	0.465	22.723	0.032
331	2.444	18.431	0.443	22.024	0.031
332	2.401	18.105	0.451	22.312	0.03
333	2.429	18.281	0.451	22.038	0.03
334	2.464	18.563	0.47	22.883	0.032
335	2.453	18.492	0.457	22.358	0.031
336	2.377	17.917	0.442	22.052	0.03
337	2.434	18.342	0.45	22.19	0.03
338	2.478	18.671	0.462	22.572	0.032
339	2.528	19.027	0.46	22.67	0.032
340	2.481	18.695	0.456	22.461	0.032
341	2.45	18.475	0.454	22.378	0.032
342	2.442	18.421	0.449	22.302	0.031
343	2.479	18.661	0.457	22.428	0.031
344	2.464	18.576	0.446	21.96	0.03
345	2.455	18.522	0.451	22.386	0.032
346	2.47	18.614	0.455	22.359	0.03
347	2.467	18.56	0.457	22.546	0.031
348	2.444	18.377	0.447	22.166	0.031
349	2.513	18.899	0.462	22.818	0.032
350	2.455	18.52	0.45	22.404	0.031
351	2.516	18.972	0.472	23.114	0.033
352	2.419	18.254	0.443	22.055	0.032
353	2.45	18.446	0.454	22.31	0.031
354	2.501	18.867	0.449	22.319	0.032
355	2.547	19.193	0.471	23.173	0.033
356	2.386	17.97	0.443	22.057	0.03
357	2.473	18.628	0.448	22.025	0.031
358	2.511	18.92	0.468	23.018	0.032
359	2.44	18.384	0.457	22.725	0.031
360	2.513	18.936	0.464	22.686	0.032
361	2.418	18.155	0.444	21.819	0.03
362	2.495	18.82	0.464	22.788	0.032
363	2.48	18.669	0.454	22.245	0.032
364	2.484	18.712	0.459	22.588	0.032
365	2.446	18.437	0.452	22.313	0.03
366	2.407	18.174	0.437	21.672	0.03
367	2.423	18.261	0.452	22.295	0.031
368	2.514	18.935	0.463	22.711	0.032
369	2.491	18.776	0.457	22.61	0.033
370	2.511	18.929	0.458	22.617	0.032
371	2.624	19.792	0.476	23.322	0.034
372	2.41	18.158	0.451	22.083	0.03
373	2.442	18.369	0.455	22.444	0.031
374	2.472	18.64	0.456	22.531	0.032
375	2.516	18.97	0.465	23.03	0.033
376	2.383	17.903	0.446	21.961	0.03
377	2.501	18.831	0.464	22.734	0.032
378	2.418	18.251	0.445	21.996	0.03
379	2.504	18.869	0.465	22.931	0.033
380	2.478	18.676	0.453	22.374	0.032
381	2.444	18.398	0.45	22.358	0.031
382	2.396	18.073	0.446	21.941	0.029
383	2.482	18.721	0.447	22.038	0.031
384	2.521	18.978	0.46	22.531	0.032
385	2.471	18.645	0.46	22.513	0.032
386	2.485	18.692	0.463	22.657	0.031
387	2.477	18.661	0.455	22.539	0.031
388	2.559	19.304	0.472	23.016	0.034
389	2.489	18.776	0.463	22.734	0.032
390	2.503	18.86	0.47	23.143	0.032
391	2.395	18.047	0.445	22.062	0.03
392	2.494	18.797	0.462	22.601	0.031
393	2.508	18.895	0.469	23.086	0.032
394	2.442	18.408	0.457	22.384	0.031
395	2.445	18.427	0.46	22.636	0.031
396	2.452	18.439	0.452	22.185	0.03
397	2.461	18.583	0.461	22.694	0.031
398	2.489	18.756	0.468	22.923	0.032
399	2.487	18.744	0.459	22.554	0.032
400	2.377	17.91	0.442	21.807	0.029
401	2.466	18.541	0.457	22.48	0.03
402	2.508	18.869	0.468	22.884	0.032
403	2.534	19.079	0.47	22.996	0.033
404	2.49	18.759	0.468	23.138	0.032
405	2.452	18.483	0.455	22.348	0.031
406	2.433	18.341	0.445	22.209	0.031
407	2.452	18.492	0.452	22.51	0.031
408	2.45	18.449	0.458	22.54	0.032
409	2.558	19.313	0.474	23.123	0.034
410	2.426	18.293	0.449	22.093	0.03
411	2.463	18.557	0.46	22.769	0.032
412	2.454	18.494	0.455	22.303	0.031
413	2.445	18.4	0.45	22.235	0.031
414	2.511	18.955	0.462	22.875	0.033
415	2.4	18.066	0.442	21.788	0.03
416	2.442	18.396	0.454	22.5	0.031
417	2.467	18.569	0.466	22.763	0.032
418	2.526	19.013	0.467	22.679	0.032
419	2.493	18.777	0.465	22.846	0.032
420	2.472	18.638	0.454	22.498	0.031
421	2.516	18.973	0.472	23.012	0.032
422	2.51	18.943	0.456	22.548	0.033
423	2.454	18.497	0.45	22.275	0.032
424	2.479	18.68	0.466	22.863	0.032
425	2.505	18.886	0.46	22.722	0.032
426	2.504	18.865	0.466	22.873	0.032
427	2.551	19.2	0.471	23.055	0.033
428	2.493	18.768	0.467	22.745	0.032
429	2.476	18.67	0.457	22.582	0.032
430	2.49	18.773	0.453	22.448	0.032
431	2.407	18.116	0.451	22.097	0.03
432	2.483	18.675	0.462	22.684	0.032
433	2.504	18.86	0.466	22.663	0.032
434	2.476	18.711	0.453	22.564	0.032
435	2.449	18.429	0.456	22.572	0.032
436	2.493	18.757	0.471	22.945	0.032
437	2.492	18.801	0.457	22.409	0.032
438	2.434	18.362	0.449	22.154	0.032
439	2.438	18.365	0.454	22.473	0.032
440	2.454	18.487	0.45	22.208	0.031
441	2.509	18.699	0.493	23.043	0.032
442	2.48	18.682	0.46	22.551	0.031
443	2.46	18.51	0.454	22.468	0.031
444	2.52	18.982	0.456	22.604	0.033
445	2.531	19.106	0.467	22.823	0.033
446	2.381	17.945	0.437	21.481	0.029
447	2.493	18.777	0.463	22.847	0.032
448	2.392	18.038	0.443	22.062	0.031
449	2.446	18.413	0.455	22.408	0.031
450	2.479	18.668	0.447	22.187	0.031
451	2.431	18.318	0.456	22.387	0.032
452	2.399	18.087	0.449	22.219	0.031
453	2.482	18.702	0.466	22.849	0.032
454	2.459	18.539	0.454	22.476	0.031
455	2.52	18.986	0.466	22.883	0.032
456	2.453	18.476	0.456	22.519	0.031
457	2.431	18.314	0.443	21.998	0.03
458	2.496	18.795	0.463	22.666	0.032
459	2.449	18.497	0.442	22.01	0.031
460	2.432	18.31	0.454	22.374	0.031
461	2.47	18.601	0.454	22.358	0.032
462	2.493	18.778	0.467	22.664	0.031
463	2.514	18.926	0.458	22.623	0.032
464	2.481	18.688	0.453	22.305	0.031
465	2.413	18.165	0.448	22.064	0.031
466	2.438	18.353	0.447	22.022	0.031
467	2.512	18.875	0.468	23.04	0.032
468	2.463	18.566	0.465	22.902	0.032
469	2.49	18.788	0.462	22.779	0.032
470	2.495	18.829	0.461	22.791	0.032
471	2.48	18.699	0.453	22.388	0.031
472	2.417	18.217	0.454	22.404	0.03
473	2.543	19.169	0.478	23.427	0.034
474	2.427	18.288	0.441	21.878	0.031
475	2.455	18.498	0.46	22.533	0.031
476	2.485	18.736	0.454	22.246	0.031
477	2.5	18.796	0.462	22.651	0.032
478	2.485	18.698	0.464	22.781	0.032
479	2.515	19.004	0.466	22.911	0.033
480	2.447	18.461	0.452	22.148	0.031
481	2.441	18.365	0.455	22.46	0.031
482	2.428	18.304	0.451	22.398	0.031
483	2.455	18.483	0.457	22.48	0.032
484	2.486	18.718	0.464	22.845	0.032
485	2.43	18.314	0.449	22.247	0.031
486	2.447	18.415	0.452	22.103	0.03
487	2.432	18.347	0.449	22.118	0.031
488	2.503	18.849	0.469	22.828	0.033
489	2.483	18.717	0.457	22.524	0.031
490	2.527	19.05	0.471	22.978	0.032
491	2.502	18.853	0.464	22.838	0.032
492	2.485	18.714	0.463	22.657	0.032
493	2.494	18.853	0.456	22.633	0.033
494	2.446	18.451	0.459	22.604	0.032
495	2.4	18.109	0.445	22.031	0.03
496	2.426	18.288	0.457	22.321	0.03
497	2.497	18.812	0.465	22.675	0.032
498	2.492	18.766	0.466	22.847	0.031
499	2.483	18.693	0.458	22.54	0.032
500	2.452	18.494	0.455	22.348	0.031
501	2.446	18.405	0.459	22.402	0.03
502	2.516	18.967	0.458	22.473	0.033
503	2.481	18.736	0.463	22.842	0.033
504	2.424	18.235	0.449	21.933	0.03
505	2.508	18.885	0.464	22.811	0.032
506	2.482	18.727	0.463	22.979	0.033
507	2.37	17.877	0.436	21.75	0.03
508	2.508	18.879	0.459	22.505	0.032
509	2.462	18.556	0.447	22.068	0.031
510	2.463	18.529	0.444	22.156	0.031
511	2.438	18.378	0.45	22.426	0.031
512	2.37	17.857	0.447	21.959	0.029
513	2.48	18.677	0.454	22.483	0.032
514	2.517	18.978	0.469	23.074	0.033
515	2.462	18.555	0.456	22.409	0.031
516	2.481	18.675	0.459	22.69	0.032
517	2.459	18.549	0.456	22.444	0.032
518	2.53	19.069	0.472	23.151	0.033
519	2.484	18.717	0.457	22.555	0.032
520	2.499	18.85	0.457	22.531	0.033
521	2.564	19.309	0.476	23.324	0.033
522	2.477	18.651	0.46	22.674	0.032
523	2.481	18.729	0.453	22.306	0.032
524	2.462	18.563	0.465	22.923	0.033
525	2.413	18.217	0.445	22.108	0.031
526	2.585	19.527	0.476	23.381	0.034
527	2.432	18.374	0.438	21.931	0.032
528	2.435	18.355	0.448	22.276	0.031
529	2.493	18.8	0.458	22.629	0.032
530	2.436	18.326	0.456	22.206	0.031
531	2.47	18.592	0.465	22.696	0.032
532	2.434	18.339	0.46	22.555	0.03
533	2.48	18.685	0.462	22.688	0.032
534	2.433	18.311	0.452	22.084	0.03
535	2.481	18.701	0.464	22.709	0.031
536	2.501	18.836	0.464	22.668	0.032
537	2.428	18.27	0.451	22.136	0.031
538	2.49	18.773	0.461	22.793	0.032
539	2.473	18.606	0.442	21.893	0.031
540	2.501	18.876	0.462	22.867	0.033
541	2.378	17.905	0.443	22.023	0.031
542	2.544	19.174	0.468	22.887	0.033
543	2.423	18.255	0.458	22.375	0.03
544	2.514	18.953	0.47	23.04	0.033
545	2.433	18.315	0.447	21.993	0.03
546	2.446	18.43	0.462	22.594	0.031
547	2.501	18.86	0.471	23.037	0.032
548	2.474	18.687	0.448	22.387	0.032
549	2.552	19.197	0.474	23.204	0.033
550	2.476	18.66	0.455	22.518	0.032
551	2.485	18.716	0.461	22.521	0.032
552	2.509	18.909	0.461	22.677	0.032
553	2.485	18.754	0.46	22.557	0.032
554	2.564	19.152	0.511	23.549	0.034
555	2.409	18.151	0.444	21.943	0.03
556	2.371	17.882	0.438	21.645	0.03
557	2.431	18.29	0.454	22.238	0.031
558	2.483	18.72	0.461	22.624	0.032
559	2.521	18.993	0.459	22.568	0.032
560	2.399	18.094	0.445	22.091	0.03
561	2.492	18.739	0.457	22.391	0.031
562	2.572	19.361	0.474	23.195	0.033
563	2.518	19.016	0.452	22.439	0.032
564	2.375	17.899	0.443	21.941	0.03
565	2.476	18.593	0.46	22.524	0.031
566	2.547	19.207	0.472	22.93	0.033
567	2.466	18.564	0.457	22.525	0.032
568	2.453	18.47	0.451	22.299	0.031
569	2.447	18.403	0.447	22.028	0.03
570	2.509	18.879	0.451	22.274	0.031
571	2.421	18.266	0.44	21.934	0.03
572	2.47	18.654	0.458	22.497	0.032
573	2.4	18.109	0.444	22.125	0.031
574	2.512	18.913	0.46	22.637	0.032
575	2.479	18.688	0.46	22.604	0.032
576	2.51	18.894	0.467	22.865	0.032
577	2.451	18.434	0.466	22.726	0.031
578	2.449	18.463	0.462	22.457	0.031
579	2.462	18.556	0.456	22.558	0.032
580	2.525	19.029	0.471	23.13	0.033
581	2.494	18.828	0.463	22.693	0.032
582	2.439	18.373	0.445	22.063	0.031
583	2.435	18.337	0.456	22.274	0.031
584	2.454	18.473	0.454	22.358	0.031
585	2.45	18.464	0.451	22.259	0.031
586	2.443	18.408	0.449	22.034	0.031
587	2.512	18.935	0.467	22.827	0.033
588	2.461	18.569	0.449	22.418	0.032
589	2.43	18.294	0.457	22.511	0.031
590	2.504	18.871	0.46	22.693	0.032
591	2.503	18.841	0.46	22.667	0.032
592	2.44	18.369	0.456	22.581	0.03
593	2.378	17.914	0.444	21.842	0.029
594	2.486	18.734	0.468	22.971	0.032
595	2.494	18.842	0.456	22.39	0.032
596	2.489	18.793	0.455	22.637	0.033
597	2.456	18.515	0.459	22.577	0.032
598	2.437	18.358	0.458	22.591	0.03
599	2.501	18.834	0.457	22.472	0.032
600	2.494	18.824	0.462	22.633	0.032
601	2.473	18.643	0.453	22.402	0.031
602	2.497	18.843	0.459	22.559	0.032
603	2.514	18.967	0.464	22.724	0.032
604	2.554	19.264	0.465	22.69	0.033
605	2.467	18.591	0.446	21.982	0.031
606	2.525	19.04	0.469	22.933	0.033
607	2.442	18.411	0.45	22.423	0.031
608	2.443	18.376	0.454	22.22	0.031
609	2.495	18.756	0.466	22.997	0.033
610	2.486	18.749	0.461	22.743	0.032
611	2.48	18.678	0.458	22.514	0.031
612	2.45	18.432	0.456	22.499	0.03
613	2.448	18.433	0.457	22.413	0.031
614	2.461	18.571	0.45	22.083	0.031
615	2.441	18.4	0.452	22.4	0.031
616	2.491	18.794	0.458	22.527	0.032
617	2.451	18.468	0.455	22.417	0.031
618	2.447	18.435	0.457	22.332	0.03
619	2.474	18.61	0.466	22.803	0.032
620	2.499	18.838	0.455	22.403	0.031
621	2.49	18.728	0.462	22.505	0.031
622	2.442	18.437	0.45	22.333	0.031
623	2.496	18.815	0.456	22.264	0.032
624	2.458	18.542	0.45	22.299	0.031
625	2.424	18.264	0.448	21.999	0.03
626	2.406	18.084	0.44	21.683	0.03
627	2.467	18.597	0.453	22.305	0.031
628	2.437	18.386	0.449	22.109	0.031
629	2.521	18.981	0.476	23.223	0.033
630	2.447	18.43	0.459	22.687	0.031
631	2.409	18.152	0.442	21.768	0.03
632	2.491	18.767	0.459	22.544	0.032
633	2.431	18.297	0.449	22.061	0.031
634	2.527	19.033	0.461	22.689	0.033
635	2.413	18.16	0.446	22.221	0.03
636	2.518	18.96	0.471	22.992	0.032
637	2.423	18.259	0.45	22.276	0.031
638	2.448	18.403	0.451	22.286	0.03
639	2.421	18.234	0.442	22.0	0.031
640	2.477	18.673	0.459	22.574	0.032
641	2.515	18.951	0.465	22.948	0.032
642	2.413	18.167	0.444	22.013	0.03
643	2.422	18.248	0.447	22.046	0.03
644	2.504	18.822	0.466	22.633	0.031
645	2.482	18.634	0.459	22.534	0.031
646	2.472	18.64	0.454	22.397	0.032
647	2.452	18.478	0.442	21.791	0.03
648	2.45	18.428	0.455	22.644	0.032
649	2.426	18.285	0.448	22.205	0.03
650	2.489	18.794	0.444	22.127	0.032
651	2.483	18.738	0.457	22.677	0.032
652	2.474	18.654	0.453	22.505	0.032
653	2.464	18.586	0.461	22.602	0.032
654	2.452	18.447	0.452	22.2	0.03
655	2.468	18.568	0.458	22.795	0.032
656	2.456	18.492	0.456	22.561	0.031
657	2.477	18.635	0.469	23.156	0.032
658	2.442	18.417	0.446	21.863	0.031
659	2.5	18.834	0.462	22.688	0.032
660	2.416	18.182	0.445	22.028	0.03
661	2.462	18.562	0.454	22.604	0.032
662	2.449	18.459	0.447	22.111	0.031
663	2.429	18.322	0.45	22.084	0.03
664	2.421	18.224	0.46	22.651	0.031
665	2.456	18.51	0.447	22.202	0.031
666	2.482	18.744	0.453	22.511	0.032
667	2.441	18.384	0.447	21.973	0.031
668	2.445	18.42	0.451	22.1	0.031
669	2.516	18.972	0.47	23.073	0.033
670	2.442	18.387	0.451	22.313	0.031
671	2.51	18.918	0.463	22.863	0.032
672	2.512	18.955	0.466	22.893	0.032
673	2.482	18.704	0.464	22.731	0.031
674	2.498	18.833	0.471	23.122	0.032
675	2.435	18.334	0.451	22.316	0.031
676	2.484	18.685	0.464	22.822	0.032
677	2.492	18.743	0.479	23.356	0.032
678	2.498	18.808	0.467	23.142	0.034
679	2.492	18.785	0.456	22.613	0.032
680	2.43	18.289	0.446	22.094	0.03
681	2.484	18.734	0.451	22.272	0.032
682	2.523	18.989	0.471	23.154	0.033
683	2.483	18.718	0.457	22.357	0.031
684	2.467	18.575	0.464	22.772	0.031
685	2.471	18.619	0.46	22.598	0.031
686	2.472	18.597	0.473	23.136	0.032
687	2.405	18.138	0.444	22.094	0.031
688	2.552	19.216	0.47	22.969	0.032
689	2.419	18.206	0.447	22.055	0.031
690	2.461	18.529	0.459	22.406	0.03
691	2.404	18.119	0.435	21.763	0.031
692	2.487	18.733	0.463	22.695	0.032
693	2.447	18.441	0.458	22.489	0.031
694	2.492	18.815	0.451	22.352	0.032
695	2.407	18.145	0.452	22.451	0.031
696	2.409	18.141	0.448	22.112	0.03
697	2.525	19.056	0.464	22.779	0.033
698	2.505	18.889	0.457	22.676	0.032
699	2.464	18.571	0.457	22.46	0.031
700	2.484	18.706	0.462	22.728	0.032
701	2.442	18.375	0.453	22.399	0.031
702	2.48	18.665	0.46	22.504	0.031
703	2.457	18.529	0.45	22.145	0.031
704	2.484	18.72	0.458	22.421	0.032
705	2.454	18.481	0.455	22.44	0.031
706	2.414	18.221	0.443	22.019	0.031
707	2.473	18.621	0.462	22.814	0.032
708	2.471	18.665	0.461	22.85	0.032
709	2.424	18.231	0.453	22.31	0.03
710	2.402	18.08	0.445	22.015	0.03
711	2.481	18.686	0.455	22.35	0.031
712	2.478	18.684	0.471	23.096	0.033
713	2.457	18.506	0.45	22.176	0.031
714	2.482	18.673	0.464	22.779	0.032
715	2.484	18.73	0.466	22.815	0.032
716	2.459	18.522	0.471	22.966	0.032
717	2.465	18.575	0.454	22.395	0.032
718	2.485	18.71	0.465	22.93	0.033
719	2.479	18.649	0.451	22.405	0.031
720	2.489	18.794	0.465	22.834	0.033
721	2.438	18.404	0.449	22.29	0.031
722	2.455	18.489	0.453	22.421	0.031
723	2.456	18.489	0.464	22.639	0.031
724	2.488	18.747	0.466	22.743	0.032
725	2.451	18.509	0.446	22.03	0.031
726	2.49	18.788	0.461	22.678	0.032
727	2.416	18.192	0.441	21.914	0.031
728	2.475	18.649	0.458	22.406	0.031
729	2.566	19.317	0.477	23.33	0.033
730	2.389	18.007	0.439	21.796	0.03
731	2.452	18.476	0.45	22.122	0.031
732	2.411	18.155	0.446	21.912	0.03
733	2.447	18.446	0.465	22.581	0.031
734	2.472	18.635	0.47	22.822	0.032
735	2.527	19.023	0.485	23.581	0.033
736	2.532	19.099	0.468	23.08	0.032
737	2.508	18.931	0.451	22.394	0.032
738	2.485	18.734	0.471	22.952	0.031
739	2.496	18.781	0.462	22.694	0.031
740	2.381	17.936	0.43	21.422	0.03
741	2.51	18.92	0.464	22.961	0.033
742	2.425	18.283	0.452	22.194	0.031
743	2.445	18.454	0.446	22.062	0.031
744	2.444	18.387	0.453	22.156	0.031
745	2.481	18.682	0.457	22.481	0.031
746	2.548	19.205	0.471	23.01	0.033
747	2.452	18.491	0.456	22.444	0.031
748	2.468	18.602	0.46	22.513	0.032
749	2.488	18.709	0.47	23.039	0.031
750	2.442	18.411	0.458	22.546	0.031
751	2.473	18.649	0.452	22.23	0.032
752	2.524	19.024	0.463	22.723	0.032
753	2.539	19.135	0.465	22.945	0.034
754	2.492	18.801	0.462	22.724	0.032
755	2.448	18.442	0.457	22.525	0.031
756	2.596	19.566	0.483	23.581	0.035
757	2.397	18.061	0.451	22.213	0.03
758	2.466	18.57	0.453	22.372	0.032
759	2.479	18.668	0.458	22.605	0.032
760	2.439	18.387	0.451	22.293	0.031
761	2.358	17.731	0.432	21.387	0.028
762	2.462	18.55	0.46	22.49	0.031
763	2.518	18.99	0.469	22.834	0.032
764	2.496	18.794	0.464	22.708	0.032
765	2.473	18.591	0.451	22.152	0.031
766	2.417	18.238	0.448	22.023	0.031
767	2.491	18.792	0.462	22.74	0.033
768	2.551	19.179	0.473	23.195	0.033
769	2.474	18.641	0.459	22.639	0.031
770	2.456	18.496	0.455	22.319	0.031
771	2.522	18.948	0.471	22.95	0.032
772	2.505	18.876	0.468	22.945	0.032
773	2.563	19.323	0.485	23.493	0.034
774	2.465	18.576	0.466	22.713	0.032
775	2.521	18.987	0.467	22.646	0.032
776	2.542	19.186	0.468	22.923	0.033
777	2.4	18.055	0.443	22.032	0.03
778	2.516	18.945	0.463	22.836	0.033
779	2.485	18.73	0.456	22.274	0.032
780	2.486	18.743	0.456	22.573	0.032
781	2.475	18.669	0.45	22.509	0.032
782	2.531	19.09	0.467	22.805	0.034
783	2.499	18.831	0.457	22.332	0.031
784	2.422	18.244	0.453	22.459	0.031
785	2.511	18.969	0.468	23.071	0.033
786	2.527	19.06	0.479	23.375	0.033
787	2.468	18.646	0.454	22.449	0.032
788	2.421	18.225	0.449	22.19	0.031
789	2.455	18.504	0.458	22.416	0.031
790	2.515	18.955	0.463	22.876	0.033
791	2.505	18.874	0.468	22.945	0.033
792	2.406	18.108	0.442	21.833	0.031
793	2.503	18.883	0.457	22.504	0.032
794	2.442	18.404	0.459	22.521	0.031
795	2.489	18.749	0.464	22.663	0.033
796	2.493	18.804	0.467	23.033	0.033
797	2.46	18.547	0.463	22.731	0.032
798	2.496	18.82	0.459	22.703	0.032
799	2.423	18.248	0.446	22.074	0.03
800	2.454	18.487	0.458	22.351	0.031
801	2.445	18.453	0.461	22.757	0.031
802	2.408	18.101	0.45	22.252	0.03
803	2.441	18.379	0.449	22.043	0.03
804	2.423	18.223	0.452	22.229	0.03
805	2.524	19.002	0.465	22.882	0.032
806	2.483	18.719	0.458	22.639	0.032
807	2.502	18.834	0.462	22.656	0.032
808	2.455	18.5	0.457	22.546	0.032
809	2.495	18.796	0.465	22.625	0.032
810	2.436	18.357	0.453	22.289	0.031
811	2.382	17.935	0.443	21.836	0.029
812	2.407	18.134	0.44	21.892	0.03
813	2.433	18.321	0.452	22.293	0.031
814	2.481	18.713	0.46	22.55	0.032
815	2.505	18.877	0.462	22.914	0.033
816	2.463	18.555	0.453	22.306	0.031
817	2.416	18.227	0.448	22.162	0.03
818	2.583	19.453	0.484	23.478	0.033
819	2.487	18.715	0.462	22.473	0.031
820	2.485	18.757	0.455	22.44	0.032
821	2.412	18.156	0.456	22.397	0.03
822	2.395	18.076	0.439	21.805	0.03
823	2.467	18.633	0.454	22.214	0.031
824	2.388	17.991	0.434	21.434	0.029
825	2.476	18.672	0.471	23.091	0.032
826	2.508	18.905	0.465	22.77	0.032
827	2.488	18.775	0.449	22.291	0.032
828	2.458	18.516	0.455	22.459	0.032
829	2.474	18.621	0.455	22.708	0.032
830	2.412	18.15	0.458	22.592	0.031
831	2.461	18.521	0.468	22.775	0.032
832	2.445	18.418	0.462	22.606	0.031
833	2.433	18.306	0.443	22.055	0.031
834	2.472	18.609	0.456	22.554	0.031
835	2.49	18.747	0.468	22.728	0.032
836	2.473	18.66	0.447	22.149	0.033
837	2.487	18.716	0.456	22.526	0.032
838	2.463	18.546	0.461	22.442	0.031
839	2.471	18.624	0.458	22.513	0.031
840	2.517	18.948	0.473	23.031	0.033
841	2.512	18.93	0.454	22.454	0.033
842	2.444	18.411	0.46	22.573	0.031
843	2.5	18.797	0.461	22.426	0.032
844	2.527	19.049	0.468	22.864	0.031
845	2.543	19.123	0.47	23.222	0.033
846	2.519	18.963	0.462	22.409	0.032
847	2.47	18.624	0.456	22.606	0.032
848	2.476	18.649	0.454	22.313	0.031
849	2.486	18.758	0.457	22.669	0.032
850	2.503	18.854	0.462	22.708	0.032
851	2.483	18.746	0.449	22.322	0.032
852	2.381	17.938	0.439	21.913	0.03
853	2.51	18.883	0.468	22.859	0.032
854	2.446	18.436	0.45	22.231	0.031
855	2.496	18.824	0.458	22.703	0.032
856	2.413	18.161	0.457	22.469	0.031
857	2.436	18.33	0.455	22.36	0.031
858	2.545	19.171	0.475	23.108	0.032
859	2.416	18.204	0.449	22.059	0.03
860	2.52	18.997	0.473	23.084	0.032
861	2.446	18.418	0.445	22.003	0.031
862	2.441	18.403	0.45	22.102	0.03
863	2.531	19.101	0.454	22.444	0.033
864	2.423	18.253	0.452	22.325	0.03
865	2.42	18.189	0.454	22.298	0.03
866	2.405	18.107	0.447	22.067	0.03
867	2.461	18.534	0.451	22.366	0.032
868	2.449	18.439	0.466	22.899	0.032
869	2.451	18.45	0.455	22.53	0.031
870	2.487	18.733	0.466	22.655	0.032
871	2.494	18.781	0.45	22.142	0.031
872	2.441	18.377	0.446	22.184	0.031
873	2.549	19.262	0.472	23.022	0.033
874	2.413	18.157	0.457	22.248	0.03
875	2.529	19.092	0.467	23.084	0.033
876	2.426	18.282	0.452	22.264	0.031
877	2.513	18.961	0.462	22.682	0.033
878	2.465	18.544	0.451	22.408	0.031
879	2.444	18.407	0.455	22.432	0.031
880	2.432	18.312	0.448	22.123	0.031
881	2.377	17.872	0.449	22.122	0.029
882	2.364	17.816	0.444	21.996	0.03
883	2.486	18.743	0.471	23.055	0.033
884	2.482	18.692	0.464	22.742	0.032
885	2.416	18.213	0.443	22.016	0.031
886	2.501	18.849	0.464	22.879	0.033
887	2.469	18.587	0.467	22.886	0.031
888	2.523	19.025	0.453	22.468	0.032
889	2.528	19.045	0.467	22.846	0.033
890	2.458	18.468	0.458	22.331	0.031
891	2.576	19.392	0.476	23.115	0.033
892	2.553	19.224	0.46	22.702	0.033
893	2.54	19.136	0.474	23.146	0.034
894	2.499	18.832	0.466	22.705	0.032
895	2.48	18.69	0.465	22.741	0.032
896	2.503	18.859	0.466	22.764	0.032
897	2.489	18.773	0.455	22.449	0.032
898	2.459	18.507	0.46	22.665	0.031
899	2.507	18.92	0.471	23.286	0.034
900	2.456	18.325	0.495	22.804	0.033
901	2.514	18.942	0.463	22.857	0.033
902	2.386	17.949	0.439	21.783	0.03
903	2.464	18.551	0.461	22.618	0.032
904	2.437	18.338	0.453	22.267	0.03
905	2.448	18.463	0.456	22.544	0.031
906	2.529	19.085	0.462	22.761	0.033
907	2.509	18.892	0.486	23.338	0.032
908	2.478	18.657	0.465	22.866	0.032
909	2.5	18.847	0.469	22.955	0.033
910	2.349	17.685	0.432	21.626	0.028
911	2.462	18.544	0.457	22.421	0.032
912	2.493	18.76	0.461	22.685	0.032
913	2.411	18.158	0.453	22.39	0.031
914	2.439	18.448	0.458	22.592	0.032
915	2.508	18.887	0.462	22.783	0.033
916	2.457	18.523	0.465	22.75	0.033
917	2.547	19.186	0.483	23.524	0.033
918	2.409	18.129	0.458	22.408	0.031
919	2.537	19.147	0.47	22.935	0.033
920	2.409	18.137	0.448	22.142	0.031
921	2.49	18.758	0.466	22.984	0.032
922	2.475	18.599	0.458	22.408	0.032
923	2.443	18.386	0.447	22.038	0.03
924	2.403	18.128	0.445	22.051	0.03
925	2.517	18.984	0.459	22.704	0.033
926	2.463	18.577	0.455	22.203	0.031
927	2.497	18.824	0.462	22.887	0.032
928	2.485	18.762	0.45	22.118	0.032
929	2.482	18.726	0.467	22.915	0.033
930	2.557	19.259	0.475	23.248	0.033
931	2.404	18.098	0.445	22.061	0.03
932	2.463	18.566	0.447	22.077	0.031
933	2.484	18.726	0.454	22.462	0.032
934	2.481	18.664	0.448	22.156	0.032
935	2.485	18.705	0.459	22.621	0.032
936	2.509	18.89	0.468	22.936	0.032
937	2.501	18.852	0.464	22.811	0.032
938	2.433	18.35	0.448	22.128	0.03
939	2.437	18.362	0.445	22.08	0.031
940	2.456	18.537	0.452	22.239	0.031
941	2.461	18.53	0.469	23.133	0.032
942	2.396	18.072	0.447	22.075	0.031
943	2.449	18.471	0.448	22.077	0.031
944	2.523	19.013	0.465	22.935	0.033
945	2.476	18.675	0.454	22.495	0.032
946	2.469	18.631	0.456	22.476	0.031
947	2.538	19.118	0.474	23.252	0.033
948	2.467	18.566	0.448	22.037	0.031
949	2.422	18.261	0.445	22.132	0.032
950	2.443	18.416	0.445	22.147	0.031
951	2.467	18.545	0.456	22.551	0.032
952	2.434	18.347	0.462	22.734	0.032
953	2.534	19.088	0.476	23.41	0.034
954	2.483	18.689	0.46	22.694	0.033
955	2.452	18.496	0.467	22.932	0.032
956	2.432	18.307	0.462	22.747	0.031
957	2.494	18.767	0.457	22.553	0.032
958	2.456	18.505	0.457	22.452	0.032
959	2.412	18.171	0.447	22.037	0.031
960	2.435	18.341	0.454	22.32	0.031
961	2.411	18.156	0.446	21.919	0.029
962	2.47	18.627	0.455	22.523	0.032
963	2.532	19.048	0.473	23.082	0.032
964	2.49	18.762	0.471	22.777	0.031
965	2.473	18.626	0.446	22.042	0.031
966	2.361	17.765	0.446	22.188	0.03
967	2.425	18.286	0.454	22.346	0.031
968	2.396	18.052	0.44	21.927	0.03
969	2.461	18.524	0.457	22.593	0.031
970	2.477	18.657	0.467	22.941	0.032
971	2.428	18.282	0.451	22.155	0.03
972	2.458	18.531	0.455	22.463	0.031
973	2.388	18.002	0.432	21.48	0.03
974	2.519	18.989	0.47	22.875	0.032
975	2.42	18.258	0.448	21.994	0.031
976	2.465	18.574	0.46	22.695	0.031
977	2.555	19.273	0.471	23.098	0.033
978	2.476	18.667	0.451	22.21	0.032
979	2.472	18.647	0.459	22.574	0.032
980	2.487	18.746	0.466	22.863	0.032
981	2.504	18.884	0.454	22.472	0.033
982	2.468	18.577	0.468	22.804	0.032
983	2.504	18.893	0.462	22.829	0.032
984	2.453	18.512	0.451	22.282	0.031
985	2.452	18.468	0.456	22.468	0.031
986	2.466	18.612	0.455	22.461	0.032
987	2.481	18.689	0.463	22.656	0.032
988	2.558	19.247	0.475	23.086	0.033
989	2.442	18.376	0.455	22.435	0.031
990	2.437	18.384	0.455	22.504	0.032
991	2.521	18.966	0.468	23.168	0.033
992	2.483	18.718	0.462	22.718	0.032
993	2.53	19.083	0.466	22.676	0.032
994	2.435	18.301	0.457	22.405	0.03
995	2.516	18.976	0.458	22.593	0.032
996	2.401	18.073	0.44	21.781	0.03
997	2.473	18.63	0.458	22.641	0.032
998	2.462	18.547	0.455	22.566	0.032
999	2.492	18.724	0.46	22.505	0.032
1000	2.467	18.579	0.453	22.295	0.031
