MutationType	Signature A	Signature B	Signature C	Signature D	Signature E	Signature F	Signature G	Signature H	Signature I
A[C>A]A	2.46E-03	1.46E-06	3.57E-06	9.06E-04	1.02E-03	1.48E-03	1.83E-03	2.13E-03	2.27E-03
A[C>A]C	2.13E-07	2.17E-03	1.65E-03	1.57E-07	1.03E-06	4.40E-03	3.22E-03	2.11E-04	9.60E-04
A[C>A]G	1.13E-07	1.02E-04	1.64E-04	5.46E-07	9.76E-07	2.96E-07	2.11E-08	2.54E-04	1.48E-04
A[C>A]T	6.26E-04	1.34E-03	6.64E-04	3.42E-07	2.53E-07	3.72E-04	1.22E-03	1.38E-07	1.05E-06
A[C>G]A	5.50E-03	4.79E-03	4.14E-03	4.16E-03	9.09E-03	5.18E-03	1.88E-03	1.56E-03	4.07E-03
A[C>G]C	2.11E-07	3.79E-03	2.82E-03	6.88E-03	3.69E-03	5.98E-03	3.64E-04	1.62E-09	4.99E-03
A[C>G]G	4.44E-08	1.52E-07	5.65E-08	5.18E-08	1.50E-07	1.03E-07	2.03E-08	1.97E-08	5.88E-08
A[C>G]T	9.53E-08	8.77E-07	5.93E-07	5.17E-07	2.76E-07	4.94E-04	1.64E-03	4.54E-04	3.34E-07
A[C>T]A	7.50E-03	5.69E-03	1.52E-02	9.87E-03	1.52E-02	1.98E-02	6.98E-03	1.15E-02	1.80E-02
A[C>T]C	5.44E-03	1.07E-02	1.85E-02	1.49E-02	1.54E-02	9.05E-03	3.77E-03	7.83E-03	1.18E-02
A[C>T]G	8.20E-03	1.10E-02	5.35E-03	3.44E-03	4.37E-03	1.12E-02	3.70E-03	4.87E-03	3.53E-03
A[C>T]T	3.66E-03	1.79E-02	1.72E-02	1.13E-02	1.30E-02	1.18E-02	5.28E-03	9.31E-03	1.68E-02
A[T>A]A	2.38E-07	1.49E-03	2.79E-07	1.36E-07	7.56E-04	1.38E-03	3.29E-03	1.74E-03	1.06E-03
A[T>A]C	5.74E-03	5.34E-03	5.46E-03	3.98E-03	3.86E-03	1.68E-03	2.25E-03	0.00E+00	3.25E-03
A[T>A]G	2.49E-07	4.36E-03	1.71E-03	2.95E-05	3.55E-03	2.54E-03	1.64E-03	2.90E-03	3.94E-03
A[T>A]T	5.32E-07	9.35E-04	1.66E-03	1.18E-06	3.19E-03	3.16E-04	4.57E-04	3.97E-04	9.33E-04
A[T>C]A	7.32E-03	6.68E-03	1.93E-02	1.13E-02	1.31E-02	1.26E-02	8.99E-03	9.05E-03	7.70E-03
A[T>C]C	6.28E-03	4.75E-03	1.42E-02	3.31E-03	9.73E-03	9.98E-03	7.34E-03	1.07E-02	6.88E-03
A[T>C]G	1.26E-02	1.17E-02	1.12E-02	6.57E-03	1.27E-02	1.13E-02	5.24E-03	8.22E-03	1.30E-02
A[T>C]T	6.43E-03	2.17E-02	2.61E-02	9.26E-03	1.18E-02	1.44E-02	1.40E-02	1.30E-02	1.52E-02
A[T>G]A	1.03E-07	4.48E-03	1.50E-02	1.03E-02	3.57E-03	7.66E-03	4.42E-03	7.21E-04	9.29E-03
A[T>G]C	2.59E-07	2.76E-03	2.33E-03	1.46E-07	1.33E-03	2.68E-03	2.74E-03	2.67E-03	2.50E-06
A[T>G]G	4.08E-07	1.79E-04	5.60E-04	5.97E-04	3.96E-04	2.33E-07	1.00E-06	2.49E-04	4.27E-04
A[T>G]T	2.77E-07	2.46E-03	1.48E-03	2.42E-06	5.28E-03	6.26E-07	5.04E-04	3.04E-03	8.46E-04
C[C>A]A	3.57E-03	1.21E-03	1.81E-06	2.17E-07	8.55E-04	1.49E-03	9.31E-04	2.01E-04	5.28E-04
C[C>A]C	2.13E-04	5.52E-07	1.80E-06	2.39E-07	3.57E-04	2.94E-04	2.16E-13	7.20E-07	3.81E-04
C[C>A]G	2.61E-07	1.73E-07	2.69E-07	2.69E-04	1.19E-03	2.25E-07	2.35E-04	1.13E-06	9.80E-04
C[C>A]T	3.21E-07	7.07E-04	1.77E-07	4.19E-07	4.23E-07	1.32E-03	1.41E-03	1.29E-07	3.39E-07
C[C>G]A	1.49E-07	9.33E-03	5.09E-03	9.95E-03	3.24E-03	3.28E-03	9.36E-04	2.17E-03	1.51E-03
C[C>G]C	2.44E-03	4.20E-07	3.19E-07	6.15E-04	3.83E-07	3.00E-07	2.69E-08	1.71E-07	3.62E-07
C[C>G]G	4.44E-08	1.52E-07	5.65E-08	5.18E-08	1.50E-07	1.03E-07	2.03E-08	1.97E-08	5.88E-08
C[C>G]T	4.44E-08	1.52E-07	5.65E-08	5.18E-08	1.50E-07	1.03E-07	2.03E-08	1.97E-08	5.88E-08
C[C>T]A	1.07E-06	3.48E-03	7.65E-04	8.37E-04	2.03E-03	1.61E-03	1.02E-03	4.07E-04	4.49E-03
C[C>T]C	1.05E-07	4.50E-03	4.51E-03	1.70E-03	4.94E-03	5.95E-03	1.26E-03	2.52E-03	5.38E-03
C[C>T]G	6.06E-03	9.30E-03	6.16E-03	9.05E-03	1.28E-02	1.56E-02	8.86E-04	3.47E-03	7.78E-03
C[C>T]T	2.21E-03	2.66E-03	1.23E-02	1.12E-02	4.09E-03	5.52E-03	2.55E-03	1.83E-03	7.14E-03
C[T>A]A	5.60E-07	3.60E-04	1.92E-03	5.02E-07	2.42E-03	9.58E-04	2.67E-03	6.32E-04	9.08E-04
C[T>A]C	3.97E-03	6.86E-03	1.04E-02	7.59E-03	7.54E-03	8.43E-03	1.34E-03	3.28E-03	1.29E-02
C[T>A]G	5.32E-07	8.72E-03	1.00E-03	6.77E-03	1.29E-03	2.77E-03	9.86E-03	1.14E-03	3.31E-07
C[T>A]T	1.86E-07	4.80E-07	4.60E-04	3.00E-04	6.08E-04	2.09E-04	6.31E-04	1.27E-07	2.43E-07
C[T>C]A	3.07E-03	5.62E-03	1.17E-02	6.61E-03	2.87E-03	4.37E-03	2.25E-03	1.72E-03	9.10E-03
C[T>C]C	1.46E-06	3.95E-04	2.33E-03	2.81E-03	1.04E-41	3.99E-03	2.86E-03	3.28E-03	1.60E-03
C[T>C]G	3.74E-07	2.08E-04	8.63E-04	2.33E-03	1.80E-03	3.22E-03	1.50E-03	1.67E-07	5.20E-04
C[T>C]T	8.91E-07	1.09E-02	3.87E-03	5.74E-03	4.26E-03	8.29E-03	1.52E-03	1.40E-07	5.69E-03
C[T>G]A	6.03E-07	8.44E-04	2.45E-04	1.15E-03	1.41E-03	6.84E-03	4.31E-03	6.34E-04	2.41E-03
C[T>G]C	9.76E-07	7.10E-03	3.09E-03	1.03E-03	3.54E-03	1.69E-06	2.11E-03	8.56E-07	4.07E-03
C[T>G]G	2.30E-07	7.34E-03	5.91E-03	3.72E-03	3.59E-03	3.96E-03	2.02E-06	1.02E-07	3.52E-03
C[T>G]T	3.97E-04	1.68E-03	3.81E-04	1.67E-04	1.90E-07	2.00E-03	2.97E-03	6.10E-04	5.08E-07
G[C>A]A	3.14E-07	2.38E-06	1.19E-07	2.59E-07	3.67E-07	9.19E-04	3.08E-04	1.19E-07	2.22E-07
G[C>A]C	5.01E-03	1.98E-07	5.29E-07	4.61E-04	1.46E-03	1.54E-03	6.86E-11	1.14E-03	3.18E-06
G[C>A]G	3.09E-07	5.43E-03	4.10E-03	5.43E-03	2.04E-03	1.26E-02	9.70E-08	4.72E-08	3.86E-03
G[C>A]T	2.69E-03	1.52E-02	8.03E-03	2.43E-03	5.94E-03	4.88E-03	1.41E-03	2.17E-03	1.31E-02
G[C>G]A	2.69E-07	1.14E-06	3.44E-04	2.35E-07	7.96E-04	2.34E-07	9.75E-04	1.58E-04	8.65E-04
G[C>G]C	1.59E-07	5.95E-03	7.33E-03	3.88E-03	1.17E-03	5.03E-03	2.67E-03	1.72E-03	6.16E-03
G[C>G]G	2.99E-07	9.44E-04	3.89E-07	4.17E-04	4.67E-07	5.00E-04	6.26E-04	1.16E-07	1.37E-05
G[C>G]T	1.84E-07	8.48E-03	3.13E-03	7.27E-03	3.64E-03	4.18E-03	3.12E-03	1.22E-03	1.02E-03
G[C>T]A	4.54E-03	8.09E-03	7.35E-03	2.88E-03	8.02E-03	5.42E-03	5.69E-03	3.83E-03	9.04E-03
G[C>T]C	7.60E-03	4.31E-03	1.92E-07	2.10E-03	9.70E-07	1.04E-02	2.54E-03	3.67E-07	2.64E-07
G[C>T]G	4.36E-03	3.23E-04	1.01E-03	6.02E-04	1.56E-05	1.62E-02	2.87E-03	8.98E-08	2.33E-07
G[C>T]T	7.11E-03	2.30E-03	3.53E-03	1.60E-02	2.23E-03	3.94E-03	4.76E-03	1.99E-03	1.44E-02
G[T>A]A	2.13E-04	5.59E-04	1.79E-06	3.26E-07	2.81E-04	3.20E-04	2.45E-04	7.38E-07	4.19E-04
G[T>A]C	1.82E-07	6.13E-04	2.28E-07	6.68E-07	9.74E-07	2.93E-07	8.21E-05	6.06E-04	3.13E-07
G[T>A]G	3.35E-07	2.91E-03	1.43E-03	5.80E-03	3.85E-03	8.02E-04	1.01E-06	3.74E-04	1.61E-03
G[T>A]T	1.82E-07	8.96E-03	6.91E-03	3.50E-03	4.21E-06	1.91E-03	5.44E-04	8.69E-08	5.95E-03
G[T>C]A	3.21E-03	7.70E-03	1.24E-02	1.00E-02	1.54E-02	1.67E-02	1.24E-03	4.95E-03	1.37E-02
G[T>C]C	1.41E-07	6.90E-04	1.30E-07	1.12E-06	8.52E-04	4.13E-07	1.69E-03	8.63E-04	3.51E-07
G[T>C]G	4.41E-07	8.09E-03	5.69E-07	2.73E-07	8.86E-03	6.81E-03	5.19E-03	3.49E-03	1.19E-03
G[T>C]T	5.70E-03	1.06E-03	5.54E-03	3.48E-03	2.38E-02	6.12E-03	2.75E-03	2.24E-03	8.48E-03
G[T>G]A	2.58E-07	1.49E-03	8.15E-04	4.07E-07	2.20E-07	2.10E-03	2.58E-03	2.37E-03	1.54E-07
G[T>G]C	1.60E-07	3.68E-07	2.05E-07	2.73E-07	2.31E-07	4.96E-07	6.33E-04	2.50E-07	4.53E-07
G[T>G]G	1.72E-07	1.06E-03	4.77E-07	2.30E-07	4.56E-04	2.57E-03	2.75E-03	3.32E-04	3.17E-04
G[T>G]T	7.67E-04	3.94E-04	6.90E-04	1.37E-03	6.48E-07	1.00E-03	4.49E-04	1.47E-04	2.71E-03
T[C>A]A	3.77E-07	5.97E-03	5.34E-03	6.68E-03	2.39E-03	1.03E-02	1.23E-03	2.31E-07	4.82E-03
T[C>A]C	3.50E-07	8.43E-03	2.51E-03	5.49E-03	8.26E-03	1.23E-03	1.14E-03	3.23E-03	1.48E-02
T[C>A]G	4.44E-08	1.52E-07	5.65E-08	5.18E-08	1.50E-07	1.03E-07	2.03E-08	1.97E-08	5.88E-08
T[C>A]T	1.45E-07	1.34E-03	2.87E-04	3.39E-04	2.73E-03	1.27E-06	1.21E-08	1.68E-03	6.98E-04
T[C>G]A	2.71E-07	1.90E-03	1.75E-04	2.93E-04	2.35E-06	1.07E-03	1.29E-03	1.09E-07	1.50E-06
T[C>G]C	1.83E-07	2.08E-03	4.78E-07	1.61E-03	1.66E-03	1.29E-03	2.16E-03	1.83E-03	1.36E-03
T[C>G]G	4.44E-08	1.52E-07	5.65E-08	5.18E-08	1.50E-07	1.03E-07	2.03E-08	1.97E-08	5.88E-08
T[C>G]T	1.30E-07	6.11E-07	1.22E-07	2.06E-07	1.70E-07	2.41E-07	8.54E-04	2.49E-07	2.50E-07
T[C>T]A	4.12E-03	1.20E-02	1.27E-02	8.99E-03	1.32E-02	2.49E-02	4.26E-03	7.70E-03	1.36E-02
T[C>T]C	3.45E-07	7.44E-03	4.91E-07	5.00E-03	1.61E-02	1.05E-03	6.31E-03	3.78E-03	5.02E-03
T[C>T]G	2.04E-07	3.38E-07	1.72E-07	1.78E-07	2.67E-07	2.89E-07	1.71E-03	2.98E-07	3.16E-07
T[C>T]T	2.52E-07	1.04E-02	2.36E-03	7.24E-04	6.85E-03	3.79E-03	1.09E-02	3.57E-03	3.81E-03
T[T>A]A	3.26E-07	2.22E-07	3.86E-08	3.82E-04	1.13E-03	5.60E-04	1.08E-03	7.00E-04	1.25E-03
T[T>A]C	2.03E-07	4.05E-03	3.92E-04	1.72E-03	7.20E-04	1.01E-03	6.34E-04	3.25E-03	6.03E-04
T[T>A]G	2.46E-03	2.00E-03	1.00E-06	2.07E-04	6.22E-07	2.60E-03	2.04E-03	9.33E-08	7.74E-04
T[T>A]T	3.63E-07	5.67E-07	3.14E-03	1.16E-03	1.48E-03	1.40E-03	1.48E-04	1.13E-07	1.02E-03
T[T>C]A	4.03E-07	1.03E-02	6.71E-03	1.02E-02	1.23E-02	7.99E-03	4.75E-03	7.42E-03	8.34E-03
T[T>C]C	2.69E-07	2.46E-03	6.00E-03	7.23E-03	1.46E-02	9.54E-03	1.53E-03	3.69E-03	8.64E-04
T[T>C]G	3.02E-08	4.36E-03	9.16E-03	6.29E-03	1.49E-03	4.85E-03	2.48E-03	2.63E-03	5.22E-03
T[T>C]T	2.90E-03	9.83E-03	1.62E-02	1.79E-02	9.87E-03	1.28E-02	3.32E-03	0.00E+00	8.55E-03
T[T>G]A	4.31E-04	2.75E-04	1.47E-03	3.16E-04	1.78E-03	9.22E-04	6.56E-05	2.54E-04	2.28E-03
T[T>G]C	5.65E-03	2.24E-07	5.73E-04	2.04E-07	3.53E-07	6.47E-03	3.02E-03	1.44E-03	7.70E-04
T[T>G]G	2.04E-07	2.94E-04	2.40E-07	1.52E-04	2.17E-04	3.52E-04	2.18E-08	2.40E-07	1.47E-04
T[T>G]T	7.80E-04	1.81E-03	5.42E-05	4.23E-04	2.41E-06	7.06E-04	4.32E-04	4.30E-04	1.21E-06
