MutationType	Signature A	Signature B	Signature C	Signature D	Signature E	Signature F	Signature G	Signature H	Signature I
A[C>A]A	0.019165376673152212	0.006546713987959193	3.6915496754523885e-06	0.000905848406389498	0.0022689362360785344	1.6652730096972966e-06	0.0015632272807772597	0.0010227461357563237	0.017754996449563742
A[C>A]C	0.00032369814679587497	0.01881478481300976	0.0031170461521365803	2.930390797435166e-07	0.0009604381524284348	0.003118764701777943	0.009741573011328894	1.4989605901489592e-06	9.790125223890462e-07
A[C>A]G	0.00032785633079574134	3.200364825796623e-08	0.00016522291103782802	1.3635924926860876e-06	0.00014974353616377235	0.00010270408858400706	9.835313422462714e-07	2.6379373573718014e-06	1.916984055713112e-06
A[C>A]T	4.6753025973498446e-07	0.003396143634575787	0.0009912315228188843	6.156964442087492e-07	1.8472235047276737e-06	0.0018473077213834893	0.0003719195864177043	4.700762769853336e-07	0.0007983818981779006
A[C>G]A	0.006677494299062552	0.0032443796861363066	0.009801909640319555	0.02004713546889555	0.012583048815138486	0.01608177913268829	0.014680754893394264	0.021416149507433743	0.027909365261836485
A[C>G]C	1.6213478397516747e-09	0.0005378959192823897	0.0057812019810543624	0.020399337116266403	0.010351419049125555	0.006946909911224215	0.012511013570271772	0.005604864217470566	3.396013827400003e-07
A[C>G]G	9.442873178925018e-07	4.2709671720542805e-08	1.4957481604721592e-06	1.4959114890454965e-06	1.4511805949318013e-06	1.360142921795492e-06	1.491834762333567e-06	1.400760426564442e-06	2.2472779608226657e-06
A[C>G]T	0.0004548134311198321	0.008792007731973011	1.967522386913558e-06	1.3647069930230693e-06	1.4851959720295625e-06	1.4068824714573274e-06	0.000737425945337962	1.0299473041182834e-06	1.7145296443281645e-06
A[C>T]A	0.12409188342789408	0.07936955682835703	0.04491460092227121	0.09149241005408472	0.08101543681808562	0.055621499610225764	0.09453869460255016	0.04683837175336912	0.041943110350909106
A[C>T]C	0.055642378952861976	0.014026104708472119	0.08850059773111035	0.1105632127641977	0.05800782159282765	0.056390134183479775	0.02433912558769441	0.04151394985919682	0.06422788343056168
A[C>T]G	0.024303838269344846	0.07016523405841683	0.010051485469951315	0.005429590764729003	0.009854376029318948	0.02176488586823788	0.040848605922585726	0.012173578687288444	0.06464589002248483
A[C>T]T	0.04827669947728182	0.029640487601837177	0.05091675819322158	0.03072743732793961	0.0712546890615677	0.05019527729497082	0.03275671819560102	0.03333727804407096	0.01987606173873143
A[T>A]A	0.010311534939515327	0.02298345587521373	5.612458484722137e-07	1.3630607989478978e-07	0.001528992698959975	0.0015118266906594135	0.002014548526505193	0.0007589911385283418	7.261983932042854e-07
A[T>A]C	2.1004715880517645e-183	0.004778169520258612	0.013366927568367538	0.02041082736894667	0.007796386419254489	0.013131943795592342	0.0019169658070255957	0.012482819417987706	0.021116450441791345
A[T>A]G	0.014216967126386069	0.008516016357802744	0.0017131435626245313	3.0219954670943762e-05	0.005590150043285256	0.006119248602159798	0.002535517992443935	0.006308299080035623	8.309728549782648e-07
A[T>A]T	0.000968649262275706	0.0005755356026418043	0.0017050751459686763	1.994696275360181e-06	0.0009336609633678535	0.0009357700228785158	0.0003167962641312234	0.008710560641731232	2.4885648126123553e-06
A[T>C]A	0.09435966458482842	0.0653751886627188	0.07074359339263374	0.031227584898648866	0.012585530898284694	0.018742703406888273	0.03366474429981252	0.12072701594078414	0.07474709408414537
A[T>C]C	0.037588689511378046	0.030995651769055946	0.020000647957237806	0.004816503778022805	0.01395655568398772	0.007099948559389795	0.03594365997257234	0.014995618753076586	0.020200107855670012
A[T>C]G	0.08072702530966051	0.03182639421317017	0.02338954659110169	0.018872463508823496	0.030161369634276267	0.04617388434345953	0.021322089829840116	0.02688006838365637	0.14599598624192106
A[T>C]T	0.07230729184811574	0.08351984192952222	0.07951076368029492	0.03118942816606438	0.07374733403982192	0.12720416222623326	0.04131192060950007	0.03292806320412211	0.05596689064028797
A[T>G]A	0.00112574353750818	0.012499485564169285	0.05973840400616566	0.025332144396550238	0.03437463496464853	0.0070134830869243905	0.020764746551401227	0.003574231186892417	1.5640597688142883e-07
A[T>G]C	0.020574333710793074	0.009797495501871822	0.0023338952037118394	2.348334502023628e-07	3.510866562599488e-06	0.002808246254013923	0.003994308048066735	0.0013288598493437218	1.150470275057243e-06
A[T>G]G	0.0003464252653107733	1.100262361395617e-06	0.0005603494009943389	0.0006833405012923062	0.0004281733773048041	0.00018003304015889543	5.14931292005966e-07	0.0005389370611299559	2.11448760394383e-06
A[T>G]T	0.010253564681059545	0.000650979636445946	0.002511849354027081	2.866662746560779e-06	0.0008473188441903498	0.0024651936934687612	1.0337582656579604e-06	0.009721955134655137	1.3935796299283733e-06
C[C>A]A	0.0002027459117309937	0.0009329687354169863	2.5897798815464183e-06	4.6731002336302985e-07	0.0005286418512797696	0.0022040932799299593	0.0018303661200803286	0.0008557905583628781	0.035398678795213634
C[C>A]C	1.2998257391722447e-06	2.1624103850941575e-13	3.2791215161976113e-06	1.0105256606171624e-06	0.0005669798416926174	1.6656171753932631e-06	0.000447326789389005	0.000544710040658829	0.00021514431819089284
C[C>A]G	1.8561474298797495e-06	0.0005806266572163068	6.969319456138177e-07	0.0002727530589712153	0.0011543188622118357	3.380769910858707e-07	5.674782181453195e-07	0.0014511223079314145	2.1807648411925854e-06
C[C>A]T	5.605524961356905e-07	0.007116698436686997	8.678373417023049e-07	1.1026248289854308e-06	1.0802875068420586e-06	0.0010472222822081635	0.001325660904729713	1.1952212426295786e-06	2.1411148047310454e-06
C[C>G]A	0.006653593576904251	0.0009402303771491861	0.014836219717938625	0.026150022832853524	0.0021992507310281775	0.017314865162858198	0.00498029177171753	0.006289606845939256	2.1485905421444816e-07
C[C>G]C	5.600876607900997e-07	5.403995768951306e-08	1.389601169227368e-06	0.0006190033596917629	9.204401322637182e-07	8.69790444377919e-07	1.1992252117928889e-06	6.49080975446008e-07	0.011590022980535686
C[C>G]G	9.442873172058112e-07	4.2709673371465765e-08	1.4957481603017397e-06	1.4959114889548449e-06	1.4511805946477158e-06	1.3601429220644744e-06	1.4918347625792087e-06	1.4007604259136662e-06	2.247277960829617e-06
C[C>G]T	9.442873159089203e-07	4.270967648941538e-08	1.4957481599798837e-06	1.495911488783639e-06	1.4511805941111886e-06	1.3601429225724773e-06	1.49183476304313e-06	1.4007604246846046e-06	2.2472779608427454e-06
C[C>T]A	0.0010409838977528867	0.006014356287769642	0.0007653532370891026	0.0008382838845701462	0.00538679827995499	0.003482203921969338	0.0032892478830163366	0.002040626660807004	2.9157129973529873e-06
C[C>T]C	0.009922732138567408	0.002649822886085358	0.0247167441361874	0.002745049738559762	0.014226091443072355	0.01924564389563409	0.01150498083932627	0.009785032303465065	1.6096935121695904e-07
C[C>T]G	0.02334684904057198	0.0008863121124549989	0.03993769620461938	0.03360289604693048	0.028366601730326627	0.04603235539495665	0.04860877675003443	0.03990505979291681	0.06943966193258487
C[C>T]T	0.006306738721365789	0.00866849067617621	0.039739074885625905	0.032904422185359994	0.032685968446342736	0.005802343428648889	0.015155255235974665	0.017296767942016948	0.01361249435693674
C[T>A]A	0.001638476249574309	0.003628405177448692	0.002072048815260122	1.0226483190152566e-06	0.0010165680602890446	0.0005427135026120921	0.0014553446839797814	0.005770726799172893	1.9653383249683668e-06
C[T>A]C	0.012243357441766899	0.0017741235581487757	0.021694953236051154	0.030564340808558493	0.04104891700913283	0.022705001703088562	0.023641276495574945	0.02152090945054882	0.02246645799532171
C[T>A]G	0.0011416387522450223	0.029565658936795188	0.0013354550146441634	0.009879635210437623	3.307740465034278e-07	0.017903719185164167	0.002775345921305381	0.0012921224985743625	1.1874131306780057e-06
C[T>A]T	4.147220639541075e-07	0.003330798583493016	0.0008743428312809783	0.0003012416697695735	8.532705690779564e-07	1.109064931360146e-06	0.00020954766451013066	0.0006105855117718767	2.0512104779042396e-06
C[T>C]A	0.018718959196728377	0.00511803981630591	0.029397757428784282	0.025201678661621083	0.029402643912018057	0.014363118857449363	0.01089361151339574	0.0049675932306494815	0.013843701370515705
C[T>C]C	0.024037143549333926	0.012666474857492067	0.0032276932912610203	0.0046607498800518565	0.001597530021903779	0.00039828925807568704	0.005003428738709746	1.0435670241519232e-41	2.09261775645651e-06
C[T>C]G	2.502694885402913e-07	0.0070179354285320435	0.0008694469103832685	0.00292865077784711	0.0005215598308646644	0.00020843473814151863	0.005878773975506423	0.0017964334370197503	1.7125988355714089e-06
C[T>C]T	2.0328184656933931e-07	0.002960084468286048	0.007306934963670899	0.011051434816762355	0.008708976263811383	0.026149694214915725	0.02160888085094785	0.007313925554379187	1.4132090389520945e-06
C[T>G]A	0.0011661057599461882	0.01197671198475771	0.0002507011023232791	0.0012444454883025573	0.002413565001832955	0.0008458478770080039	0.011680721891679484	0.002016980067392541	1.9697782224773973e-06
C[T>G]C	1.1089140716578558e-06	0.005852284767442286	0.0030916734981653675	0.001565598240890802	0.004624893916754618	0.01433830956674581	2.971324517705214e-06	0.0061514756335585416	2.833480803712552e-06
C[T>G]G	1.8039525742239977e-07	2.7104932514396324e-06	0.011336379120150675	0.007501447532318286	0.00537461165179532	0.011292232465957152	0.01804369799715768	0.005479245473396646	7.072787044506622e-07
C[T>G]T	0.0007730066508115286	0.007834998274439613	0.0003816181751526874	0.00016760850460225662	1.267565249999571e-06	0.0016858069717019253	0.0020015092286116633	3.3454868680543017e-07	0.0003987059178316287
G[C>A]A	4.7484026842184184e-07	0.0011964788808279724	1.1692505861832777e-06	1.5215047319539966e-06	1.0435603001902902e-06	3.584603958661209e-06	0.0009207467545062827	1.6114032516670376e-06	2.4462266361937012e-06
G[C>A]C	0.0011430328582316554	6.864681050063741e-11	8.510738924335658e-07	0.000461221906021225	4.166422511448787e-06	2.9579966643092885e-07	0.0015461826890666845	0.001957960102898396	0.027335018182955726
G[C>A]G	6.061221875428371e-08	1.371662536180182e-07	0.006217578160553447	0.01596580952446227	0.003857474549821194	0.011204432369679084	0.024871498250823597	0.002046212724139609	6.84931333688154e-07
G[C>A]T	0.006797747860191976	0.002787090804876433	0.026079706628665086	0.004778227869941783	0.03851633995760346	0.028345524363937877	0.008583374006803462	0.013558279163364216	0.015705623418682015
G[C>G]A	0.0002591297313589126	0.0025275626923822497	0.00034483263256041707	9.279767180623035e-07	0.0008663136554867941	1.6446875404114833e-06	5.6995901631937e-07	0.0017962277692404303	2.309694722589614e-06
G[C>G]C	0.006927023427975822	0.006328172330738154	0.01731315653804144	0.013440494621698811	0.018081890967316647	0.009700519753828615	0.013238659137691735	0.0016716278508466741	4.1514636916119833e-07
G[C>G]G	4.341735047241703e-07	0.0020086819597819596	1.133433486817013e-06	0.0007641537122085637	1.4581644570842403e-05	0.0009458573942570179	0.0005017670282736729	8.513536829877498e-07	1.6958940470890319e-06
G[C>G]T	0.004588232650285375	0.004247783176767899	0.012115834456656016	0.03022362949175082	0.001024452764756722	0.021198415164226363	0.009956351155342654	0.008372065197519261	3.255281032426888e-07
G[C>T]A	0.024528370116912203	0.028705247641654535	0.016105966729144675	0.005641697221608318	0.023537180916381288	0.015406134830870758	0.017397928162195285	0.02673743837704683	0.019974756310079417
G[C>T]C	7.214268598851546e-07	0.004922952876662319	3.327808308469326e-07	0.0030806742840126943	5.350445220964242e-07	0.004314834301683102	0.011646877955544421	1.5603993509738673e-06	0.029805521021255162
G[C>T]G	1.7043558056217467e-07	0.024678070033129575	0.0010120194258688878	0.0006018772795441149	2.3339812040849958e-07	0.00032407433982698745	0.020694507453838298	1.9282503282802063e-05	0.025251430375472422
G[C>T]T	0.008171304838246986	0.03527126660406249	0.005836580348114198	0.05547135472547124	0.021589634809474196	0.005606944467405537	0.0053520867830011065	0.004378068088883769	0.021598383813651315
G[T>A]A	1.1554546486944762e-06	0.00046763446100655826	3.3335826364104216e-06	1.0085857531276992e-06	0.000613195307690061	0.0005598807705420785	0.0004930442630059623	0.0002829575226989771	0.00021532054150686928
G[T>A]C	0.002656069632199598	8.623436309002429e-05	7.376637132821284e-07	1.557840127014066e-06	9.71333015494402e-07	0.0006140092199455252	1.189435291354405e-06	2.66572001543508e-06	2.0367327896435127e-06
G[T>A]G	0.0003737763674489718	1.210149146803093e-06	0.0014336607277078029	0.008315175893324745	0.002500911595669109	0.006811747653695424	0.0008062618874586242	0.008574131916149096	1.7990602851514964e-06
G[T>A]T	1.69194365736832e-07	0.0010443051851990266	0.011886826289428946	0.005551569389093854	0.012082906447476298	0.01741650831047145	0.0019118523815249923	5.7748528306235354e-06	1.190147369850805e-06
G[T>C]A	0.017121416602325107	0.0018040901539379045	0.022887603349549104	0.015904962569460498	0.05932763098131871	0.02007267216660582	0.059588010311033564	0.0571221965156496	0.01956852474165863
G[T>C]C	0.003491323985982574	0.01321857584835393	3.3394508075831624e-07	1.513957335899655e-06	1.0423566806559952e-06	0.000714109097072879	7.636594290138012e-07	0.0008530546966533608	1.4014937750202856e-06
G[T>C]G	0.020870159178057412	0.022371823501012907	1.1252335287996384e-06	4.897304555911747e-07	0.0011923574483427345	0.01161511277105149	0.009849839527128692	0.00995017750192134	1.0078693340806139e-06
G[T>C]T	0.005007152840446917	0.014261676258500004	0.01772611659855655	0.012240986180892435	0.019814166830667806	0.0016192039158359902	0.0187940172792024	0.0643558807535363	0.01957650463560697
G[T>G]A	0.014457552101747985	0.006852003038462522	0.0008158534414774575	9.87731773831138e-07	3.1579520212157556e-07	0.0026720114049913223	0.002096318855442001	3.704825824325983e-07	1.7609730456631056e-06
G[T>G]C	6.983750122489575e-07	0.005713737749735801	1.2447080152210562e-06	1.2886955389391045e-06	1.758134657147651e-06	1.2644584098758727e-06	1.5400906609882997e-06	7.564742389670963e-07	2.090469301851192e-06
G[T>G]G	0.00043325934955847425	0.005317709522148036	1.3937064243826354e-06	3.7734527282108703e-07	0.0003934351502240334	0.0019690478337577085	0.0037798297645649796	0.0008950945738871496	1.4996952908053635e-06
G[T>G]T	0.00014803731400803063	0.0005813381093515202	0.0009253671078337249	0.0024288319768522556	0.003995168187673761	0.00039527571447997236	0.001002862415876318	8.353510668962079e-07	0.0007687297464049885
T[C>A]A	3.355643858095615e-07	0.0021738049574141754	0.010099928559668228	0.014179741749846216	0.00671611574059946	0.009930322738153783	0.027563882893655543	0.002390710016461976	1.0535688944259055e-06
T[C>A]C	0.009818903125374858	0.0026418051811407123	0.0037894398549093364	0.011986482144135443	0.032626474292243884	0.01268363646377214	0.0017461936946794772	0.017284399951646066	1.127268302227573e-06
T[C>A]G	9.442873175290699e-07	4.270967259429608e-08	1.4957481603819646e-06	1.495911488997519e-06	1.4511805947814485e-06	1.3601429219378512e-06	1.4918347624635735e-06	1.400760426220018e-06	2.2472779608263443e-06
T[C>A]T	0.007358258634546436	1.2089701331598453e-08	0.0002875402613343928	0.0003398728619070785	0.0006988739878920949	0.0013470291108866894	2.2687998162430946e-06	0.0027301752062091063	1.6819173235736893e-06
T[C>G]A	3.638900016437721e-07	0.0026136268528000324	0.00017639777518938573	0.00029422292393678896	3.3613473939331184e-06	0.00569181922258165	0.0012847706761427054	3.1022353239579376e-06	1.5848802314132926e-06
T[C>G]C	0.010536008188870044	0.004697010342866676	7.180530677132594e-07	0.001609625653445311	0.001356748296735402	0.0028912247114911936	0.0015463209084135017	0.0025333634105956238	1.0060497746510453e-06
T[C>G]G	9.442873158978513e-07	4.2709676516027115e-08	1.495748159977137e-06	1.4959114887821779e-06	1.4511805941066091e-06	1.3601429225768133e-06	1.4918347630470894e-06	1.4007604246741148e-06	2.2472779608428572e-06
T[C>G]T	9.851243925565363e-07	0.006198171546511665	1.3093159750401675e-06	1.2916789272877686e-06	1.4169120346855084e-06	1.3460214074318133e-06	1.0990696323506144e-06	7.016063470780594e-07	2.1096702412226094e-06
T[C>T]A	0.026392629772279817	0.021016463795069894	0.03648499882070021	0.07744023507850076	0.054823486632498725	0.05241196908736341	0.04544653327878452	0.0891035178451516	0.013608705404701767
T[C>T]C	0.014794956732280502	0.024536283968273377	5.587182392198186e-07	0.009545995241718806	0.008985855225303449	0.01073719078591929	0.0010503069062542344	0.03869427128777167	6.448410733513825e-07
T[C>T]G	8.767418437344093e-07	0.02769257970599808	1.232674848831945e-06	1.0361425281987976e-06	1.1651392340536802e-06	9.199015341267517e-07	1.033768496156893e-06	7.607313308229447e-07	1.8684874549970183e-06
T[C>T]T	0.007806963557743825	0.03329302758836412	0.0023627655372462776	0.0007237024103228774	0.0038061740727849624	0.02285837050802937	0.003803327704422994	0.0076310493485403285	7.21181417756804e-07
T[T>A]A	0.0021549073847581786	0.004125379323692177	3.8649758002969566e-08	0.0005273148245289885	0.00194652314857013	3.992739230889623e-07	0.0007507086111468204	0.00113231199221723	1.9521234842587478e-06
T[T>A]C	0.014327730064975105	0.0007039302242452092	0.00039272308158561884	0.0017226455590579363	0.0006055396505724904	0.006179222148499726	0.0010094823338605509	0.0007208240188210719	1.29715330269116e-06
T[T>A]G	3.187328628427581e-07	0.004045096882076798	1.615152322631297e-06	0.00020830605680319258	0.000775136609324964	0.001995240934598562	0.005243379349521756	1.7747894153293234e-06	0.002461072999231131
T[T>A]T	1.8620112187634228e-07	0.00029309838714899894	0.004002134372164481	0.0023120354379954377	0.0010250108864303844	1.3857913663209138e-06	0.0014064691103456307	0.0014764299603040086	2.0517161710504574e-06
T[T>C]A	0.033422928770535903	0.028064803859326443	0.02541050413665969	0.03455060334988866	0.03814334399674299	0.019989181833704427	0.034887888055395395	0.04065051665811434	4.033043700693308e-07
T[T>C]C	0.011590046115615985	0.0022349613859780613	0.011889301122632912	0.01634417396677051	0.001285000516493458	0.003606171689806212	0.012314344934981377	0.024916096387955475	5.576714291549809e-07
T[T>C]G	0.012097850727144543	0.0057665035888613825	0.03656557830840681	0.017601759108280317	0.015515964651594362	0.006433752798499103	0.014279770671187512	0.0016909314434561708	4.347014957915922e-08
T[T>C]T	6.415189524199094e-221	0.011966541683516848	0.03383265072333336	0.03048995825776955	0.012818958512413743	0.02660207380923686	0.03814962377484549	0.02456963492319756	0.058508621207623346
T[T>G]A	0.00025459829582241727	9.546247241418827e-05	0.0016862072118821562	0.0003166929887766728	0.0022853465459724827	0.00027579854804363153	0.00130015849752637	0.00569652852431711	0.0004342219946411576
T[T>G]C	0.002471434694370128	0.007033706978848127	0.0005753804522547006	3.872516816369918e-07	0.0007730192870266565	5.279361929338649e-07	0.007894032603546913	5.962585507835128e-07	0.02216255741026127
T[T>G]G	1.2069537012274789e-06	3.733213845250884e-08	7.605217058446872e-07	0.00015352971693910806	0.00014861167462931288	0.00043204055277215646	0.00035263252756397777	0.00021731957632526705	1.9029327292081866e-06
T[T>G]T	0.0007431529032495813	0.000843253305090723	5.45935975583296e-05	0.00042334820872903486	1.6803750803386004e-06	0.0033858133773788613	0.000706561447491824	4.010853556429378e-06	0.0007886584710023588
