MutationType	Signature A	Signature B	Signature C	Signature D	Signature E	Signature F	Signature G	Signature H	Signature I
A[C>A]A	0.022672567927395776	0.006503612898011896	0.032602907079597176	0.05148300548796696	0.02214185724535729	0.040101558368535566	0.015010154503676817	0.021574808628755507	0.04703774432951398
A[C>A]C	0.018224142580309154	0.02381479370435826	0.024921862055829823	0.022350183085769297	0.026977101564338413	0.016214241964109	0.024936798033996947	0.015405342323901068	0.03300317096000751
A[C>A]G	1.3083306370155493e-06	1.2526944481565343e-06	1.3183524159721937e-06	1.2923830159539603e-06	1.2979689560892992e-06	1.2958684203118027e-06	1.2891958269787245e-06	1.2236962003310484e-06	1.3039834566452818e-06
A[C>A]T	0.004068356225033299	0.0050557851922047765	0.0010506562393100196	0.004928808654657276	0.0079301122497834	0.0029192887796148756	0.00905694280651299	0.005799979940890536	0.008491655126647641
A[C>G]A	0.013398985349726727	0.010840362646934254	0.0061046515215016865	0.022361032163713445	0.0074582916227668924	0.016417553615257666	0.010886952112510364	0.016799997399778555	0.015125999181011183
A[C>G]C	0.0005216968175311456	0.0031650855260126165	0.0012384321694087095	1.2738456229699786e-06	0.00042566070693458104	7.55004013621042e-07	9.740165745931614e-07	0.00034587774486655333	0.002116909918855375
A[C>G]G	1.3083306370155493e-06	1.2526944481565343e-06	1.3183524159721937e-06	1.2923830159539603e-06	1.2979689560892992e-06	1.2958684203118027e-06	1.2891958269787245e-06	1.2236962003310484e-06	1.3039834566452818e-06
A[C>G]T	0.007392394657042592	0.0005047838901447677	0.008169784561760625	0.0020254368212168517	0.001062230614529765	4.839416821436802e-07	0.0014950868380741453	0.0010556385228643107	0.0016425486919218193
A[C>T]A	0.060158175693128035	0.13209653159609908	0.04702876655328786	0.06672939200097643	0.07184295329935109	0.08925959759736268	0.07485032859166711	0.05694549777818094	0.05178850826629247
A[C>T]C	0.0032866259605121633	0.0008609032148137595	1.0719793914319897e-06	0.006197116275891328	0.023250335284374455	0.007695432378232565	0.0023931817496067897	0.013217755326542159	0.002903223709461565
A[C>T]G	0.01358455606583344	0.015341649107289317	0.0071419270497461865	0.008027639804689363	0.009006780685406566	0.0059627194915778635	0.01973198552758258	0.019293980193816736	0.019919758118970104
A[C>T]T	0.041712577981040194	0.03821597320565189	0.028539364605646055	0.035617304428137375	0.03273944569854059	0.05190478911604676	0.038256683527892674	0.04061905800071648	0.01798357410159602
A[T>A]A	1.5015297222971315e-06	6.16188997853274e-07	0.0029016506103373093	0.0024217399622452605	0.0027204413167679514	0.0011161205634826407	0.00361463844460848	0.0009398417642447494	0.002065182017981933
A[T>A]C	0.00833820529121229	0.00028570536586139844	0.0057138196942512825	0.0049277159345018865	0.0036652204779581234	0.0015060897720585902	0.010959071060759745	0.00436404807261224	0.011598945457812204
A[T>A]G	0.04208832286154486	0.01840280679389067	0.01902673174176607	0.020542671123629105	0.0162304064102602	0.027122354430096772	0.01360158024159172	0.0186068070167515	0.04817903223367988
A[T>A]T	0.003891113132271716	1.2260104736253572e-06	7.400212139796763e-07	0.0036088409382927854	0.000700421936688979	3.5868557528507424e-06	8.414326750107171e-07	0.0005539274146570426	0.00041008825356018215
A[T>C]A	0.060457269314032405	0.07200945792173445	0.03907311462612202	0.04769243447571152	0.0537717639939563	0.02290403895597315	0.026423461978691144	0.058536945451659904	0.06966978687429824
A[T>C]C	0.017760542810215583	0.060965543964827215	0.027286171539622497	0.05213480583506373	0.025594408834794757	0.06884352185442258	0.03759955470683826	0.05266282401857751	0.02467091200505417
A[T>C]G	0.014791486636439016	0.007878495398966338	0.015640748881965334	0.00955411690733045	0.013956991345500186	0.026003556008175326	0.01822643559810743	0.01649002801297929	0.007273418522818102
A[T>C]T	0.0740711773582747	0.05797230846667226	0.14174345983389228	0.03533125178110443	0.0573399138237691	0.03481724407013333	0.07628656765560624	0.03138482201117594	0.10312712933213813
A[T>G]A	1.3083306370155493e-06	1.2526944481565343e-06	1.3183524159721937e-06	1.2923830159539603e-06	1.2979689560892992e-06	1.2958684203118027e-06	1.2891958269787245e-06	1.2236962003310484e-06	1.3039834566452818e-06
A[T>G]C	0.014921624424970324	0.02430914836874101	0.011774225871767945	0.02472073918119832	0.032886669910505706	0.02321404650846881	0.01616032065576846	0.00668255526185291	0.016390756034829333
A[T>G]G	0.001046465007717488	8.59965637573336e-07	0.0009839154611318132	6.945092001966487e-07	9.929872602580922e-07	7.787495370990369e-07	0.003537673092779887	8.29697813815332e-07	9.19058170862929e-07
A[T>G]T	1.3083306370155493e-06	1.2526944481565343e-06	1.3183524159721937e-06	1.2923830159539603e-06	1.2979689560892992e-06	1.2958684203118027e-06	1.2891958269787245e-06	1.2236962003310484e-06	1.3039834566452818e-06
C[C>A]A	5.026229144400118e-07	0.0014630756170693926	0.0021163436562357018	0.001064947591999481	0.00046079614787545583	0.0010540556218070379	0.002264670958022239	7.000347236331636e-07	1.2371416981684976e-06
C[C>A]C	1.3083306370155493e-06	1.2526944481565343e-06	1.3183524159721937e-06	1.2923830159539603e-06	1.2979689560892992e-06	1.2958684203118027e-06	1.2891958269787245e-06	1.2236962003310484e-06	1.3039834566452818e-06
C[C>A]G	1.3083306370155493e-06	1.2526944481565343e-06	1.3183524159721937e-06	1.2923830159539603e-06	1.2979689560892992e-06	1.2958684203118027e-06	1.2891958269787245e-06	1.2236962003310484e-06	1.3039834566452818e-06
C[C>A]T	0.004132375820500114	0.0025360668071793854	0.006001863646916556	0.0038253191031035094	0.004824770935988203	0.005745167869302148	1.7494127753943144e-06	0.0023604286730585858	0.0011377883133580602
C[C>G]A	0.00030145724207522064	0.0008685472201285774	9.703545469519468e-07	1.2745856673567388e-06	0.0012944628918465657	0.0006907647317050125	1.5948230930377916e-06	0.0005270517600550378	1.4451222207532641e-06
C[C>G]C	1.3083306370155493e-06	1.2526944481565343e-06	1.3183524159721937e-06	1.2923830159539603e-06	1.2979689560892992e-06	1.2958684203118027e-06	1.2891958269787245e-06	1.2236962003310484e-06	1.3039834566452818e-06
C[C>G]G	1.3083306370155493e-06	1.2526944481565343e-06	1.3183524159721937e-06	1.2923830159539603e-06	1.2979689560892992e-06	1.2958684203118027e-06	1.2891958269787245e-06	1.2236962003310484e-06	1.3039834566452818e-06
C[C>G]T	1.1641982427781355e-06	0.00037776893084591316	0.001021205045027388	1.1782184572620495e-06	1.1858877512713441e-06	3.888434139143144e-06	0.0016983344431294551	8.062445037439694e-07	0.0008599083217690608
C[C>T]A	0.016041066587791634	0.012670737106584083	0.00735615692626059	0.006464977668610362	0.015424562171344464	0.026651844114237645	0.011968555698788508	0.012801666249483142	0.012981842388138848
C[C>T]C	0.021990691245544196	0.0159404729183696	0.008594441262452197	0.01254864113773679	0.00887035011772679	0.01079762937806482	0.014608513258247736	0.007337879203670852	0.0030697448537590783
C[C>T]G	0.01450635992897529	0.017198927154139267	0.013888305812381062	0.008028981260208611	0.01534389564956071	0.007573912255568731	0.009245633764146869	0.011560974296508078	0.013982782516498184
C[C>T]T	0.027936905025292644	0.005934253441195287	0.04605012755766233	0.01701140045563257	0.04832761997048879	0.03908687783542244	0.03167443110363834	0.015385015718350447	0.026552529856044213
C[T>A]A	0.0009068108513526359	0.0015068325408597683	0.008641923194957242	0.01120462987315995	0.004286589856758927	0.0027561933680487435	0.0004989795166986956	0.004127673747328212	0.008739324643464871
C[T>A]C	0.023887791293152685	0.012273212785012285	0.011289909274874138	0.025950166526324932	0.027693954451344295	0.029176739954201954	0.014797414270525047	0.02780368173563711	0.023615621363004713
C[T>A]G	0.0021200513518531737	0.025038822780036926	0.013897864878933127	0.027830275120468928	0.013970840719570322	0.021253367325882157	0.014435977486445201	0.016224865555044765	0.012535717238261258
C[T>A]T	0.00266939179187213	4.0503958028630883e-07	1.093464825455567e-06	0.0015222503508347152	0.0020074817378739405	0.0014040758102796176	0.00040816154539994747	0.00043487432226004956	0.0006301422174359821
C[T>C]A	0.02689016692462702	0.034921507847209834	0.03945798778229728	0.0613498799061245	0.04029484145023277	0.025524915325792277	0.023766510314572914	0.0177726180540518	0.0513392620798928
C[T>C]C	0.02768527593191545	0.05227005347650107	0.048062637130342145	0.027712139771721645	0.03905456282872906	0.038026375879807575	0.05224363129422931	0.04317120085071817	0.03405187263808476
C[T>C]G	1.4278481306248088e-06	1.0214894707899605e-05	0.00048641165272899495	7.913414777861759e-07	0.0009732997952497533	0.001251447779273021	0.001760621961282864	0.0009157054019389214	0.002017414709660403
C[T>C]T	0.00041709490708541743	0.0024852060959599845	0.0018949236903613483	0.01226364444193748	0.009165564282647322	0.002367928616838377	0.005921104739935173	0.00048099702038383475	0.0023102285828358778
C[T>G]A	1.2953941564107672e-06	1.0371683987721801e-06	1.8697535725874339e-06	0.0003944419848434792	1.4387996067620617e-06	0.0008912782009270505	9.788849575393627e-07	0.0005706371917147103	0.00039285591661370476
C[T>G]C	0.003200937868221824	0.002834998917802415	0.009767287403574382	0.0014036858414825772	0.0013787690282672117	0.0009273736217925545	0.0014249503067823635	0.0007953859882533425	0.0010494380808155066
C[T>G]G	0.0025165605571445546	0.0038158514730964573	3.5353327550371094e-07	0.007028468275310309	0.010123363624257434	0.002284652642951101	6.844923908859352e-06	0.003771490974937293	0.00014301920967335293
C[T>G]T	1.3083306370155493e-06	1.2526944481565343e-06	1.3183524159721937e-06	1.2923830159539603e-06	1.2979689560892992e-06	1.2958684203118027e-06	1.2891958269787245e-06	1.2236962003310484e-06	1.3039834566452818e-06
G[C>A]A	0.005369347348346792	1.0122228996521732e-06	0.0022709052674740487	0.0008678214839677933	0.0005308515375250588	0.004244039309591471	0.008716199659043997	0.0016484592214419725	1.4534530770254598e-06
G[C>A]C	8.950897181348502e-07	0.001892062720419543	0.002007019644140432	0.0013897328880206781	0.0017567729795792486	0.0011790476577823008	7.577244175657016e-07	6.742911804884432e-07	0.0016423345342148348
G[C>A]G	1.3083306370155493e-06	1.2526944481565343e-06	1.3183524159721937e-06	1.2923830159539603e-06	1.2979689560892992e-06	1.2958684203118027e-06	1.2891958269787245e-06	1.2236962003310484e-06	1.3039834566452818e-06
G[C>A]T	0.020936164020075077	0.029474620586566684	0.0233421659134833	0.009979752112619873	0.02134430698095127	0.0232930324878442	0.01377243656028004	0.017119310822575676	0.020786295159270003
G[C>G]A	0.0046822083681742075	0.001839185178588387	0.0029779092056642946	0.0005850653784962101	0.011205719581182893	1.4380121547366618e-05	0.009889614634749173	0.00011826222176338947	0.0014213284912132642
G[C>G]C	0.008252533345531355	0.004532748406706094	0.021585740433457172	0.012814298784690335	0.011076796620684016	0.010866211680563571	0.017356017644495327	0.030174764041403658	0.006627914267582021
G[C>G]G	1.3083306370155493e-06	1.2526944481565343e-06	1.3183524159721937e-06	1.2923830159539603e-06	1.2979689560892992e-06	1.2958684203118027e-06	1.2891958269787245e-06	1.2236962003310484e-06	1.3039834566452818e-06
G[C>G]T	0.008177005524942204	0.003284394859470311	0.015018606814869148	0.005642838554387152	0.011526308075508607	0.020549395148934793	0.008130369369543665	0.005888825573928946	0.011354515328828784
G[C>T]A	1.8052597001757905e-06	0.007172611098703245	0.011101901199687271	0.005689525671652073	0.010645149304167536	0.008343357172038343	0.007752980384473747	0.011691608579570675	0.011760199392415318
G[C>T]C	3.601007626916423e-06	0.001949927934113425	0.002947841786722311	1.0054355471586798e-06	9.01869298118571e-07	0.0008472601900523585	0.0007948215737463332	0.0006171250158746965	8.719823136440216e-07
G[C>T]G	1.3083306370155493e-06	1.2526944481565343e-06	1.3183524159721937e-06	1.2923830159539603e-06	1.2979689560892992e-06	1.2958684203118027e-06	1.2891958269787245e-06	1.2236962003310484e-06	1.3039834566452818e-06
G[C>T]T	0.033488388140580375	0.03467021197457219	0.045488934293200944	0.009416002265183014	0.018564360313532254	0.02189609944031992	0.02819391051536355	0.038101767942242605	0.025730118065642668
G[T>A]A	1.3083306370155493e-06	1.2526944481565343e-06	1.3183524159721937e-06	1.2923830159539603e-06	1.2979689560892992e-06	1.2958684203118027e-06	1.2891958269787245e-06	1.2236962003310484e-06	1.3039834566452818e-06
G[T>A]C	0.010841031432154554	0.017516513171150796	0.006721327847128818	0.006925085063219526	0.016111813311281725	0.002895890827173685	0.008821295775353455	0.010795425118990645	0.016441960020745654
G[T>A]G	1.3083306370155493e-06	1.2526944481565343e-06	1.3183524159721937e-06	1.2923830159539603e-06	1.2979689560892992e-06	1.2958684203118027e-06	1.2891958269787245e-06	1.2236962003310484e-06	1.3039834566452818e-06
G[T>A]T	0.002035165164225163	0.00022595714726550162	0.0019608678594750365	0.0007539680450173618	0.0009119183317369607	0.0019990663153581644	0.008029966120334152	8.062492335176122e-06	0.005322894871368862
G[T>C]A	0.0023241626205531573	0.0031620975958750667	1.2621340134967937e-06	0.0007713190699969945	0.012637203571076283	0.005843340522767234	0.002689003486582286	0.0035252337410587777	0.0030121560601244534
G[T>C]C	0.013919919547599925	0.014849192492357726	0.013767182303628962	0.01881910762571396	0.025871963435987595	0.015313614244197093	0.015219963146602506	0.013153119368665568	0.00588430318254995
G[T>C]G	0.02342351655797027	0.02670488594667705	0.032985859755184956	0.02203937297172186	0.012935767529033347	0.01286010769828449	0.04486530229794857	0.03534728732839505	0.02282583921257602
G[T>C]T	2.2645812573608542e-06	0.003503835919367586	9.35344136063365e-07	0.0008384971554658227	0.0010959534309492175	0.0024813008741489447	0.0016006937457199773	0.008630723330114694	0.0035382280855823715
G[T>G]A	1.3083306370155493e-06	1.2526944481565343e-06	1.3183524159721937e-06	1.2923830159539603e-06	1.2979689560892992e-06	1.2958684203118027e-06	1.2891958269787245e-06	1.2236962003310484e-06	1.3039834566452818e-06
G[T>G]C	7.40465670728762e-07	3.939559930988829e-07	0.001255200504717747	0.0016354657914095304	0.001745968386306326	0.0015774442763787908	0.000789401761460275	0.0057378381820458145	1.0989935375182642e-06
G[T>G]G	1.3083306370155493e-06	1.2526944481565343e-06	1.3183524159721937e-06	1.2923830159539603e-06	1.2979689560892992e-06	1.2958684203118027e-06	1.2891958269787245e-06	1.2236962003310484e-06	1.3039834566452818e-06
G[T>G]T	0.0013621790051768865	3.4941950270055652e-06	9.916025594868521e-07	9.795632725345806e-07	0.0030995622265151575	0.0019431447673151836	0.0032895560072399048	0.0008250753192585363	1.3563316954203038e-06
T[C>A]A	7.60899774114226e-07	0.0006810849068397997	0.0011980052050162985	0.0013412743481146028	0.0018017494004846305	0.002720678025976966	0.002486143559255441	0.003324080641667819	0.00042593027522900916
T[C>A]C	0.007982035036976483	0.008789313982754511	0.014843729447021507	0.035924462387371695	0.019272801484279924	0.011662313417042543	0.007210540835151058	0.010755249600056305	0.00821895369593973
T[C>A]G	1.3083306370155493e-06	1.2526944481565343e-06	1.3183524159721937e-06	1.2923830159539603e-06	1.2979689560892992e-06	1.2958684203118027e-06	1.2891958269787245e-06	1.2236962003310484e-06	1.3039834566452818e-06
T[C>A]T	0.007036672560410421	0.0029142511749938814	0.006550029395325488	0.012701326615063496	0.001173863416029982	0.007208060758664874	0.0017055103750382536	0.004321931780577784	5.253153561902666e-06
T[C>G]A	8.222808146630263e-07	0.0017392329154483958	0.001424369311435258	9.388777095439242e-07	8.905849571065321e-07	9.031460181128029e-07	1.2306084225919341e-06	0.0016301553003585868	1.0740390537109892e-06
T[C>G]C	0.000847076012403274	0.0011604534112498828	0.005364726689735331	7.78102516582087e-07	0.000774012609312462	0.0006908882197996043	0.0014707328976553383	0.0018387558278268818	0.0005924791176037849
T[C>G]G	1.3083306370155493e-06	1.2526944481565343e-06	1.3183524159721937e-06	1.2923830159539603e-06	1.2979689560892992e-06	1.2958684203118027e-06	1.2891958269787245e-06	1.2236962003310484e-06	1.3039834566452818e-06
T[C>G]T	0.007444119220624116	0.00769825176926908	0.02003134550934753	0.01099559028326657	0.005659607343518155	0.008007389558111542	0.00818654962814797	0.009167324658803305	0.003323901470974637
T[C>T]A	0.13091641649691926	0.05566315141113776	0.015337956890043228	0.057753801225559565	0.044872364966403094	0.048355037121556935	0.05340734728791804	0.05727920859321183	0.053297068842367026
T[C>T]C	0.02497682892896096	0.015539836330547762	0.02096180794090021	0.02154608678954383	0.027833560887992978	0.027092764267768927	0.053793929076093046	0.015718126782601663	0.02562942824350739
T[C>T]G	1.3083306370155493e-06	1.2526944481565343e-06	1.3183524159721937e-06	1.2923830159539603e-06	1.2979689560892992e-06	1.2958684203118027e-06	1.2891958269787245e-06	1.2236962003310484e-06	1.3039834566452818e-06
T[C>T]T	0.002552922684533983	0.0006113467150758843	1.7931128521668499e-06	0.0005772617879141543	1.610301651375908e-06	0.0053043453184205185	1.3348175905324292e-06	0.08801042153597725	0.0037344614357536715
T[T>A]A	0.013724036308641899	0.009231310759862795	0.019161394562675568	0.014727376972222553	0.008221175271349456	0.006731656950924304	0.011891991274454072	0.020220312384022943	0.008073923546520909
T[T>A]C	0.009244016090959713	0.014392104966871695	0.015357092734675743	0.022147590912161536	0.021355299400984466	0.031572261160734555	0.01729340637322122	0.008002641761092241	0.005308550482290276
T[T>A]G	0.0007241047592506855	0.0010824076977328663	1.1790323251364298e-06	7.262839112076756e-07	8.564353945698399e-07	1.1369736805558168e-06	1.0175821511946083e-06	0.0021715700151893006	2.2873431891718663e-06
T[T>A]T	0.002409309427849502	0.004694127811650672	0.0021467528390600272	0.004534435790349687	0.0037453700481993204	0.003587405161614394	0.00606937090721924	3.3688913495404226e-06	0.008304533341434849
T[T>C]A	0.0481740038397888	0.03541279378207121	0.023012102198321584	0.04841467337060947	0.02938625055143943	0.03156200234213434	0.04563740650504912	0.02479517418560131	0.02899581894394942
T[T>C]C	3.173568996544447e-07	0.0034468023960086275	0.004980525793173977	0.01495815758983764	0.004515219354477779	0.01781906322410825	0.0016369872279917575	0.008619934123889877	0.015031236854146049
T[T>C]G	0.0010484383365294643	0.0007297983507374134	1.2794370058737296e-06	0.0029591689576701934	0.001699753675983954	0.0004423558340257421	0.0033677681096970493	5.276305252853982e-06	0.0008731244382808182
T[T>C]T	0.0066922586571640606	0.014493015396523628	0.014230001882616358	5.201316944200038e-08	0.008071363210194717	0.0037834089071511396	0.0035854557930272714	0.012340043014801143	0.019493851423954617
T[T>G]A	0.0005351720766091963	1.454646714524846e-06	0.0008463644015790793	0.0009547461149810666	0.0004247848107873093	0.0013803485391426758	0.0013042258160751382	0.00033248460078847666	1.3257181256935358e-06
T[T>G]C	0.0017974728217986118	0.0005364424445738887	0.010128153795429274	0.005047848435839089	0.005926072693027894	0.0024238578877754787	0.009600068589597147	0.0007303058923819669	0.0019101607101860312
T[T>G]G	1.3083306370155493e-06	1.2526944481565343e-06	1.3183524159721937e-06	1.2923830159539603e-06	1.2979689560892992e-06	1.2958684203118027e-06	1.2891958269787245e-06	1.2236962003310484e-06	1.3039834566452818e-06
T[T>G]T	0.0014510070962458902	9.781932187909407e-07	0.0014846927448223595	0.0009547209494660982	0.0009757663331294392	5.22629206889839e-06	0.0016530171302496833	1.3799844365322014e-06	0.0015862524342101047
