MutationType	Signature A	Signature B	Signature C	Signature D	Signature E	Signature F	Signature G	Signature H	Signature I
A[C>A]A	1.41E-02	3.36E-03	1.24E-02	5.05E-03	9.27E-03	6.44E-03	8.84E-03	8.99E-03	4.34E-03
A[C>A]C	6.80E-03	5.04E-03	5.32E-03	5.35E-03	4.42E-03	5.27E-03	7.16E-03	7.49E-03	9.87E-03
A[C>A]G	1.73E-08	1.04E-08	1.95E-08	2.04E-08	1.36E-08	1.35E-08	1.09E-08	1.74E-08	1.09E-08
A[C>A]T	2.29E-03	2.20E-03	3.44E-03	2.20E-03	2.14E-03	7.69E-03	3.22E-03	1.04E-03	7.90E-03
A[C>G]A	4.14E-03	3.83E-03	4.34E-03	7.21E-03	8.32E-03	2.88E-03	4.41E-03	4.01E-03	2.93E-03
A[C>G]C	1.16E-07	2.46E-03	1.46E-03	5.18E-07	5.21E-04	4.24E-04	3.42E-04	1.24E-03	4.17E-07
A[C>G]G	1.73E-08	1.04E-08	1.95E-08	2.04E-08	1.36E-08	1.35E-08	1.09E-08	1.74E-08	1.09E-08
A[C>G]T	1.32E-07	5.04E-04	1.14E-03	1.14E-03	3.41E-03	6.95E-04	1.05E-03	4.90E-03	1.08E-03
A[C>T]A	2.08E-02	2.16E-02	1.23E-02	7.63E-03	1.49E-02	6.95E-03	1.38E-02	1.36E-02	1.32E-02
A[C>T]C	7.69E-03	8.36E-04	2.08E-03	4.09E-03	3.29E-03	8.17E-03	5.79E-03	4.73E-07	2.39E-03
A[C>T]G	3.73E-03	5.22E-03	2.55E-03	3.92E-03	4.74E-03	4.68E-03	5.62E-03	3.69E-03	4.99E-03
A[C>T]T	1.48E-02	8.18E-03	8.67E-03	7.67E-03	6.18E-03	7.70E-03	1.17E-02	1.10E-02	8.37E-03
A[T>A]A	7.45E-04	2.80E-07	1.39E-03	2.42E-03	7.00E-07	2.72E-03	9.40E-04	2.90E-03	3.25E-03
A[T>A]C	1.50E-03	2.83E-04	5.67E-03	4.93E-03	2.83E-03	2.55E-03	2.02E-03	3.89E-03	4.92E-03
A[T>A]G	1.19E-02	5.27E-03	1.14E-02	6.28E-03	1.01E-02	7.65E-03	9.51E-03	6.05E-03	3.99E-03
A[T>A]T	1.74E-06	3.36E-07	4.09E-04	2.91E-03	2.57E-03	7.00E-04	5.53E-04	2.09E-07	2.14E-07
A[T>C]A	5.99E-03	8.13E-03	1.65E-02	7.68E-03	8.86E-03	1.12E-02	1.21E-02	1.53E-02	1.11E-02
A[T>C]C	1.61E-02	1.83E-02	6.66E-03	1.46E-02	6.56E-03	1.18E-02	1.36E-02	9.87E-03	6.11E-03
A[T>C]G	9.83E-03	3.33E-03	4.68E-03	4.81E-03	3.82E-03	6.25E-03	9.87E-03	6.28E-03	1.12E-02
A[T>C]T	1.13E-02	9.46E-03	1.23E-02	1.20E-02	1.00E-02	1.52E-02	1.05E-02	2.40E-02	1.04E-02
A[T>G]A	1.73E-08	1.04E-08	1.95E-08	2.04E-08	1.36E-08	1.35E-08	1.09E-08	1.74E-08	1.09E-08
A[T>G]C	8.86E-03	9.01E-03	5.88E-03	8.08E-03	4.37E-03	1.13E-02	3.31E-03	5.97E-03	7.95E-03
A[T>G]G	3.10E-07	2.22E-07	2.09E-07	1.22E-07	5.52E-04	1.86E-07	1.86E-07	9.80E-04	1.87E-03
A[T>G]T	1.73E-08	1.04E-08	1.95E-08	2.04E-08	1.36E-08	1.35E-08	1.09E-08	1.74E-08	1.09E-08
C[C>A]A	7.55E-04	1.46E-03	3.73E-07	7.70E-04	1.74E-07	4.59E-04	1.99E-07	2.12E-03	1.71E-03
C[C>A]C	1.73E-08	1.04E-08	1.95E-08	2.04E-08	1.36E-08	1.35E-08	1.09E-08	1.74E-08	1.09E-08
C[C>A]G	1.73E-08	1.04E-08	1.95E-08	2.04E-08	1.36E-08	1.35E-08	1.09E-08	1.74E-08	1.09E-08
C[C>A]T	4.84E-03	2.54E-03	1.14E-03	2.76E-03	2.47E-03	3.26E-03	1.29E-03	5.61E-03	1.07E-06
C[C>G]A	6.89E-04	5.85E-04	2.78E-07	3.05E-07	3.01E-04	1.29E-03	5.26E-04	1.53E-07	5.00E-07
C[C>G]C	1.73E-08	1.04E-08	1.95E-08	2.04E-08	1.36E-08	1.35E-08	1.09E-08	1.74E-08	1.09E-08
C[C>G]G	1.73E-08	1.04E-08	1.95E-08	2.04E-08	1.36E-08	1.35E-08	1.09E-08	1.74E-08	1.09E-08
C[C>G]T	3.06E-06	3.77E-04	8.59E-04	2.45E-07	2.78E-07	2.06E-07	1.98E-07	6.67E-04	1.70E-03
C[C>T]A	7.33E-03	6.09E-03	5.60E-03	3.27E-03	8.35E-03	7.26E-03	3.57E-03	3.86E-03	4.72E-03
C[C>T]C	4.51E-03	5.29E-03	2.10E-03	6.41E-03	4.82E-03	4.58E-03	2.91E-03	4.91E-03	7.16E-03
C[C>T]G	3.24E-03	4.80E-03	4.35E-03	3.39E-03	2.65E-03	4.39E-03	7.81E-03	5.98E-03	3.66E-03
C[C>T]T	7.66E-03	3.40E-03	1.04E-02	5.95E-03	8.54E-03	1.22E-02	4.31E-03	6.98E-03	8.96E-03
C[T>A]A	2.75E-03	9.88E-04	4.60E-03	7.59E-03	9.06E-04	2.49E-03	2.27E-03	7.60E-03	4.95E-04
C[T>A]C	9.77E-03	6.64E-03	6.63E-03	9.29E-03	6.24E-03	4.76E-03	8.40E-03	4.76E-03	6.65E-03
C[T>A]G	1.03E-02	9.98E-03	6.29E-03	6.91E-03	1.39E-03	4.74E-03	5.42E-03	5.60E-03	5.73E-03
C[T>A]T	9.21E-04	1.74E-07	4.36E-04	1.52E-03	2.16E-03	1.49E-03	4.34E-04	5.32E-07	4.07E-04
C[T>C]A	1.02E-02	8.95E-03	5.88E-03	6.03E-03	9.38E-03	7.01E-03	4.35E-03	1.10E-02	5.46E-03
C[T>C]C	9.23E-03	1.35E-02	8.79E-03	4.85E-03	8.92E-03	8.90E-03	5.78E-03	1.34E-02	1.06E-02
C[T>C]G	1.25E-03	8.95E-06	1.21E-03	2.87E-07	7.52E-07	9.72E-04	9.08E-04	4.83E-04	8.89E-04
C[T>C]T	1.70E-03	1.61E-03	1.19E-03	6.68E-03	4.15E-04	7.51E-03	4.80E-04	1.89E-03	4.85E-03
C[T>G]A	8.90E-04	1.55E-07	3.92E-04	3.93E-04	1.46E-07	1.70E-07	5.70E-04	4.99E-07	1.32E-07
C[T>G]C	9.26E-04	1.92E-03	1.05E-03	1.00E-03	2.75E-03	1.38E-03	7.94E-04	9.14E-03	6.33E-04
C[T>G]G	1.79E-03	2.47E-03	1.43E-04	2.89E-03	1.85E-03	5.55E-03	3.77E-03	1.45E-07	6.19E-06
C[T>G]T	1.73E-08	1.04E-08	1.95E-08	2.04E-08	1.36E-08	1.35E-08	1.09E-08	1.74E-08	1.09E-08
G[C>A]A	2.95E-03	5.86E-07	7.15E-07	5.78E-04	2.70E-03	5.30E-04	1.65E-03	1.55E-03	4.77E-03
G[C>A]C	7.97E-04	1.27E-03	1.16E-03	9.14E-04	2.34E-07	8.90E-04	1.82E-07	2.01E-03	2.53E-07
G[C>A]G	1.73E-08	1.04E-08	1.95E-08	2.04E-08	1.36E-08	1.35E-08	1.09E-08	1.74E-08	1.09E-08
G[C>A]T	7.61E-03	1.02E-02	6.38E-03	3.82E-03	8.43E-03	1.09E-02	5.89E-03	8.38E-03	4.55E-03
G[C>G]A	1.28E-05	1.84E-03	1.13E-03	5.84E-04	3.06E-03	5.33E-03	1.17E-04	1.96E-03	3.90E-03
G[C>G]C	4.35E-03	2.14E-03	2.59E-03	4.28E-03	3.08E-03	8.95E-03	8.99E-03	7.21E-03	4.91E-03
G[C>G]G	1.73E-08	1.04E-08	1.95E-08	2.04E-08	1.36E-08	1.35E-08	1.09E-08	1.74E-08	1.09E-08
G[C>G]T	8.73E-03	1.66E-03	4.60E-03	3.48E-03	3.87E-03	6.08E-03	4.88E-03	5.49E-03	4.53E-03
G[C>T]A	4.07E-03	3.69E-03	5.58E-03	3.57E-03	1.72E-06	4.51E-03	3.91E-03	5.20E-03	3.93E-03
G[C>T]C	8.46E-04	1.30E-03	1.74E-07	1.24E-07	2.94E-06	2.36E-07	4.77E-04	1.57E-03	7.93E-04
G[C>T]G	1.73E-08	1.04E-08	1.95E-08	2.04E-08	1.36E-08	1.35E-08	1.09E-08	1.74E-08	1.09E-08
G[C>T]T	7.00E-03	7.58E-03	7.77E-03	4.98E-03	6.11E-03	6.65E-03	1.02E-02	1.33E-02	1.22E-02
G[T>A]A	1.73E-08	1.04E-08	1.95E-08	2.04E-08	1.36E-08	1.35E-08	1.09E-08	1.74E-08	1.09E-08
G[T>A]C	2.38E-03	5.72E-03	6.58E-03	4.86E-03	3.27E-03	5.70E-03	5.34E-03	5.16E-03	4.58E-03
G[T>A]G	1.73E-08	1.04E-08	1.95E-08	2.04E-08	1.36E-08	1.35E-08	1.09E-08	1.74E-08	1.09E-08
G[T>A]T	2.00E-03	2.25E-04	3.93E-03	7.53E-04	2.03E-03	5.97E-04	7.35E-06	1.96E-03	4.20E-03
G[T>C]A	3.75E-03	3.16E-03	2.18E-03	7.71E-04	2.32E-03	7.58E-03	1.64E-03	4.47E-07	2.69E-03
G[T>C]C	5.14E-03	5.08E-03	2.94E-03	7.17E-03	3.94E-03	8.75E-03	4.89E-03	6.08E-03	4.48E-03
G[T>C]G	4.77E-03	8.01E-03	7.57E-03	7.30E-03	4.98E-03	3.26E-03	8.33E-03	8.68E-03	9.18E-03
G[T>C]T	1.63E-03	3.01E-03	2.07E-03	5.59E-04	1.60E-06	1.10E-03	3.62E-03	3.78E-07	1.14E-03
G[T>G]A	1.73E-08	1.04E-08	1.95E-08	2.04E-08	1.36E-08	1.35E-08	1.09E-08	1.74E-08	1.09E-08
G[T>G]C	1.32E-03	1.88E-07	1.95E-07	1.16E-03	2.61E-07	8.87E-04	2.28E-03	9.60E-04	7.89E-04
G[T>G]G	1.73E-08	1.04E-08	1.95E-08	2.04E-08	1.36E-08	1.35E-08	1.09E-08	1.74E-08	1.09E-08
G[T>G]T	1.05E-03	2.00E-06	4.38E-07	4.56E-07	1.09E-03	2.20E-03	8.24E-04	2.06E-07	2.85E-03
T[C>A]A	1.55E-03	6.77E-04	4.20E-04	1.11E-03	4.29E-07	1.32E-03	1.95E-03	7.94E-04	1.15E-03
T[C>A]C	6.51E-03	3.86E-03	3.55E-03	9.76E-03	5.10E-03	8.05E-03	4.40E-03	6.04E-03	3.06E-03
T[C>A]G	1.73E-08	1.04E-08	1.95E-08	2.04E-08	1.36E-08	1.35E-08	1.09E-08	1.74E-08	1.09E-08
T[C>A]T	4.74E-03	2.23E-03	2.67E-06	3.95E-03	2.87E-03	1.17E-03	1.93E-03	6.55E-03	1.70E-03
T[C>G]A	2.33E-07	1.10E-03	2.46E-07	1.35E-07	1.72E-07	2.38E-07	1.09E-03	1.42E-03	2.55E-07
T[C>G]C	6.90E-04	8.32E-04	5.92E-04	4.50E-07	4.14E-04	7.73E-04	1.38E-03	2.86E-03	1.47E-03
T[C>G]G	1.73E-08	1.04E-08	1.95E-08	2.04E-08	1.36E-08	1.35E-08	1.09E-08	1.74E-08	1.09E-08
T[C>G]T	3.66E-03	2.63E-03	2.47E-03	5.95E-03	3.01E-03	2.28E-03	3.81E-03	7.26E-03	6.00E-03
T[C>T]A	1.44E-02	1.21E-02	1.29E-02	1.28E-02	1.37E-02	1.40E-02	1.16E-02	4.18E-03	7.73E-03
T[C>T]C	9.89E-03	4.62E-03	8.78E-03	7.19E-03	9.77E-03	9.49E-03	6.66E-03	4.77E-03	7.75E-03
T[C>T]G	1.73E-08	1.04E-08	1.95E-08	2.04E-08	1.36E-08	1.35E-08	1.09E-08	1.74E-08	1.09E-08
T[C>T]T	2.80E-03	6.10E-04	2.47E-03	5.76E-04	1.84E-03	1.14E-06	1.52E-02	5.62E-07	6.18E-07
T[T>A]A	3.74E-03	2.25E-03	4.65E-03	4.73E-03	3.90E-03	6.39E-03	5.38E-03	5.57E-03	4.61E-03
T[T>A]C	7.77E-03	5.51E-03	3.02E-03	6.06E-03	3.57E-03	7.85E-03	5.30E-03	6.24E-03	1.05E-02
T[T>A]G	1.32E-07	1.08E-03	1.19E-06	1.88E-07	7.22E-04	1.48E-07	1.17E-03	1.00E-07	1.43E-07
T[T>A]T	2.52E-03	2.96E-03	5.44E-03	2.32E-03	1.58E-03	2.91E-03	1.38E-06	2.15E-03	4.01E-03
T[T>C]A	1.22E-02	8.95E-03	9.02E-03	1.36E-02	1.26E-02	8.05E-03	8.65E-03	6.40E-03	1.23E-02
T[T>C]C	1.17E-02	2.50E-03	9.92E-03	7.12E-03	2.11E-07	2.31E-03	4.42E-03	4.19E-03	1.22E-03
T[T>C]G	4.41E-04	7.28E-04	8.72E-04	1.94E-03	1.05E-03	1.70E-03	2.37E-06	6.18E-07	3.37E-03
T[T>C]T	3.78E-03	1.05E-02	1.09E-02	5.20E-08	4.78E-03	5.28E-03	7.99E-03	6.56E-03	3.02E-03
T[T>G]A	1.38E-03	2.57E-07	4.15E-07	9.54E-04	3.50E-04	4.24E-04	3.32E-04	8.45E-04	9.76E-04
T[T>G]C	1.70E-03	5.35E-04	9.34E-04	2.80E-03	1.31E-03	4.93E-03	7.30E-04	6.70E-03	6.28E-03
T[T>G]G	1.73E-08	1.04E-08	1.95E-08	2.04E-08	1.36E-08	1.35E-08	1.09E-08	1.74E-08	1.09E-08
T[T>G]T	4.03E-06	2.47E-07	1.59E-03	9.54E-04	1.45E-03	9.74E-04	8.00E-07	1.48E-03	1.13E-03
