MutationType	Signature A	Signature B	Signature C	Signature D	Signature E	Signature F	Signature G	Signature H	Signature I	Signature J
A[C>A]A	0.021327967211174838	0.031581848692465365	0.02109342859471492	0.021815254747463902	0.02701645025566681	0.02162049713784363	0.03241119215176965	0.03180731211705555	0.015777469868816764	0.03558721255548189
A[C>A]C	0.02481485602071394	0.028722097263551516	0.028443572641710504	0.026406111263030455	0.02226706515352516	0.01328411558988464	0.0037012180151770016	0.014483720389192725	0.030802194356408272	0.00524590023720496
A[C>A]G	0.0005434239054386199	0.00043000525183701144	0.0004849665587021012	0.0011366781664519895	0.0005285608017738043	0.0004676065732488444	0.0005098087491956268	0.0007130566888930881	0.000871202289330083	0.0005891579985900077
A[C>A]T	0.0029402047851055067	0.0	0.0	0.005346991439377788	0.004997047137576737	9.05378600305351e-09	0.03039142509292921	0.0028983184363782976	0.007152161553028887	9.277101259028458e-05
A[C>G]A	0.014336759962374174	0.011199613664075644	0.014067295962598883	0.015206752526547835	0.014477942429884306	0.016373352457626722	0.007512066493658978	0.01300076233048577	0.00711279647205882	0.01532011434560429
A[C>G]C	0.0002927995601445941	0.00033436836451247184	0.000728770743080694	0.0010713071893334093	0.000348956278331413	6.067059179225909e-05	0.010998134228166978	0.0030716027661384674	0.0006869776040954807	0.0012516244991952873
A[C>G]G	0.0005955971760877145	0.00045965097811957576	0.0007783590563085932	0.0007919588608315425	0.00048687938446565523	0.0004813220771893647	0.0003979169731825688	0.0007632709035717701	0.0005256692253775047	0.0005343015647594813
A[C>G]T	0.002804297352468979	1.562212456777728e-05	0.019922035396654207	0.0015527550927287618	0.0006493295636311193	0.0011883668071562652	0.0003724743037591452	0.0013593946374367903	0.00010241162525135275	0.0007294133341260006
A[C>T]A	0.07910982212895697	0.09058614891930625	0.06786513300639835	0.07186879220696167	0.06690373717298279	0.034973212398579645	0.07450082652020437	0.07641624725905845	0.08281979759654476	0.045616193825145944
A[C>T]C	8.027164268272864e-05	0.0002640803143088235	7.52536443686102e-31	0.00098732335791507	0.003987946510029194	1.893239305344444e-07	0.0030728132663444445	0.0013659384945129212	0.0003457739676153231	0.10985183518312369
A[C>T]G	0.01115312461098217	0.01311898786184412	0.013716514142561021	0.013689084518696798	0.014337423941442932	0.002724744846604692	0.012490022888847147	0.01424673005992838	0.015537985383461957	0.015629087539951625
A[C>T]T	0.03360142608359474	0.04522137477909158	0.056859789521610436	0.03688889646749239	0.025149141298388945	0.036067581774635725	0.02549067867187992	0.03713182712059416	0.029280786427198623	0.03555642623081062
A[T>A]A	0.0011152049888458885	0.000939723340717868	0.0004806612058040904	0.0023219133935907937	0.0011680558172832054	0.0005247675447711262	0.0034050664411723413	0.0033777077631048824	0.000738222092057148	0.0013065116789517544
A[T>A]C	0.0004986516746027427	0.0004297324999020901	0.003779461441542755	0.001781172824087548	0.026097502709249328	0.0007122325944688599	0.004517453170889886	0.014568330323578684	0.017827400930308615	0.0033013389685089623
A[T>A]G	0.02544254013051841	0.023646567293407878	0.026873340654730325	0.029826673869844646	0.025637671315875125	0.007030369728544894	0.018074886228887723	0.024494314009749545	0.02134037238407742	0.030987711954799425
A[T>A]T	0.0010545611333328167	0.0005060847894579356	0.0002099659657672143	0.000399711435980645	0.0010854348958119163	0.0002950024755259681	3.7188040230930556e-05	0.0005465622215006507	0.01414993591760101	0.0003155421148847926
A[T>C]A	0.052871048809683366	0.04351800327656148	0.04907157169289825	0.05987497617675827	0.04250829574682015	0.06245141059355264	0.04695968204160825	0.04066965825598182	0.060832854582418217	0.02966588498869084
A[T>C]C	0.03904757384075401	0.04966390781680306	0.019238250805928583	0.03040478926243477	0.022883944402076757	0.06441561836109061	0.05664382715846672	0.04074304331426307	0.051105535651065334	0.02999045881208942
A[T>C]G	0.011519513423767197	0.03505415517781943	0.009497919668960915	0.013801482509533947	0.007833901368268947	0.019267629328955777	0.01081083007285033	0.01428086511196679	0.014928099408832954	0.0032439098914641296
A[T>C]T	0.07206875779242887	0.0512099623412528	0.08745918726233794	0.05797687265680814	0.07015556048163502	0.08030987504815157	0.06180683106157834	0.0578528045307828	0.021261563721848675	0.06458795430590199
A[T>G]A	0.0004937154127985717	0.0005890220582635688	0.000584616098867399	0.000648806729735676	0.0006040442611056683	0.0004278812667852166	0.0008652560113824705	0.0005589171919398756	0.0007453726212443345	0.0010077165175000368
A[T>G]C	0.02366209299331816	0.017628821037557814	0.026710892656149683	0.020651110036086086	0.011540787625007726	0.006955385944302431	0.012740349209964367	0.020217630229773943	0.0028820947840783313	0.03056167773564645
A[T>G]G	0.0008614073106965032	0.00024000538640317563	0.0008595607697292071	0.0010394785104004105	0.0029249597848127057	0.0	0.0016764679370901347	0.002158080297852219	0.000351054709417561	0.0014970932797950922
A[T>G]T	0.0005462907298195964	0.0003740804199084043	0.000818986091098127	0.0006810208334948112	0.0006188210500910257	0.00038172141534063625	0.0008010122456443953	0.0006028589007608673	0.0006877676578235117	0.0007541379723728571
C[C>A]A	0.0012043515608285232	0.0006423080907889974	0.00040429726180561746	0.00033931263773061217	0.0011158552516944147	0.0001211038711613517	0.0004594987061080015	0.0007345883908113321	0.0010441871124065721	0.006978725411485507
C[C>A]C	0.00040088304511115043	0.00053970596822778	0.0007880610195631085	0.000700779810403917	0.00023835717209132228	0.000841827939336612	0.0007432428919113606	0.0005962865085978047	0.0005867461690378958	0.000947964400002392
C[C>A]G	0.0006938999648873189	0.0006026088030882098	0.0005569612254681298	0.0004744704446284628	0.0003645026728018418	0.0004264803571479859	0.0008077192386032475	0.0006683454148937115	0.0004540346488816282	0.0005912564141916534
C[C>A]T	0.003988317438196226	0.005973010738933661	0.0018905919740408784	0.016038396354041813	0.001494677764097238	0.0015223322096276823	0.0003391074411481818	0.00020436356516646733	0.0012218394187388944	0.004066090676125441
C[C>G]A	0.0004933622348681439	0.0012012712975905334	0.0005220008310855308	0.00019432908313513604	0.00029066902686400415	0.0008961613217917557	0.002201253955666462	0.0016933711259209479	0.0012655282696914633	0.0004892273404085404
C[C>G]C	0.00048430534535466444	0.0006418190316944707	0.0009180663311544241	0.0008188496237853066	0.0006080110718848903	0.0005386316722878336	0.00035265969850817455	0.00024776062999623354	0.0006171092835384327	0.0005911423495916039
C[C>G]G	0.0006380552862018594	0.0003665790196136791	0.0004459188147271599	0.0008480195563980576	0.0006701720763412205	0.00016468416566324754	0.0007748151139334805	0.0006046503896680688	0.0010149023897724303	0.0004908842817393153
C[C>G]T	0.0010893289067119517	0.00206532826302465	0.00043904627045646783	0.00030509120789272827	0.0002664341871106953	0.00023761877631936297	0.00035017632807052675	0.0019526534920563054	0.0005473203808899832	0.00048771428948395025
C[C>T]A	0.018051402704247453	0.012019497931256805	0.010040374575225138	0.022776020977665568	0.015503706130077045	0.006025388446562347	0.007770364702677011	0.014170650143038616	0.011922329728611045	0.021140154872479167
C[C>T]C	0.012326945280011613	0.014895738108141205	0.02066643552907848	0.007895491465557295	0.016463870356199686	0.004430959319563093	0.00793356330532143	0.012001382095160464	0.012906917636117453	0.0235014341661516
C[C>T]G	0.013096815110898866	0.012209391310818218	0.01281978290068583	0.01345479323548271	0.01416577505439539	0.011756306594851223	0.00913149170547934	0.013135118173386893	0.013241821049465707	0.012669570104882783
C[C>T]T	0.023133610829942742	0.02411321039157377	0.03044398729182407	0.018781272410691427	0.03852569592871165	0.017181039852675224	0.029249571807999503	0.030839411206290322	0.018912033278355028	0.02696528003910844
C[T>A]A	0.0016294300264612421	0.0017032917151252119	0.00983677675077736	0.0010121428979032563	0.0008356179460486525	0.021865561447923045	5.5784332290550923e-05	0.00048723874874810483	2.5873743806386637e-09	0.0038245905824040452
C[T>A]C	0.025550407952055137	0.01662314760693702	0.026520735802458652	0.02225514637564849	0.01932495176466024	0.024080938230770454	0.019219730182667667	0.022359693579597772	0.023221652650490903	0.0038295253300171823
C[T>A]G	0.015475879544161643	0.01461848942551451	0.017240058659563094	0.011227194953116516	0.01037530986488372	0.030575296744444258	0.006075227989442793	0.007889256065219615	0.014893029624123451	0.01119680118952011
C[T>A]T	0.0006779898100671832	0.0020781051330231296	0.0003947534921892468	0.0008926304314410801	0.0008994310417068522	0.00014210884387818147	0.0021790715197650547	0.0022881715251810847	0.004872963525973585	5.022984143518644e-05
C[T>C]A	0.0341146407285533	0.0395857490111238	0.02109179758270332	0.042161489531346526	0.04021573656477053	0.020510016396714344	0.02564717949556819	0.03812061634503358	0.047657866420830156	0.05031409167451883
C[T>C]C	0.03334454249985	0.04494267069695332	0.03329206905447209	0.033616870022138576	0.03951148662524785	0.04310719512344564	0.034273286139206965	0.038138363138720856	0.03504364336883088	0.034177761485495034
C[T>C]G	0.0022723004679635296	0.000978012734068895	0.0008378607191578559	8.664064559769265e-05	0.003827594608005333	0.004818746725338352	0.0012287223159979425	7.841420763524878e-125	0.0007112758846158349	0.0028037336215917825
C[T>C]T	0.005337245614570541	0.0015671877475653651	8.026852887255109e-72	0.00012881688508753985	0.017346481794272315	2.0784269001403146e-05	0.0006332088239578942	0.0014440609515309001	0.01276959299681971	0.014135017667939549
C[T>G]A	0.0003891355592548002	0.0007870878456520531	0.0005849930712752544	0.0004198190082603012	0.0008601758526890263	0.00015894204392215614	0.0002519486105064928	0.0008388472572166614	0.0009527969851392777	0.000650657815728036
C[T>G]C	0.0014082055114001458	0.00039542032109981986	0.000371704142154137	0.0024573963111337075	0.005548544434706578	0.00012865985283874438	0.0033187475025706764	0.002269023890257329	2.880464524724655e-05	0.004962619105647049
C[T>G]G	0.002805876482991801	0.0020464609174672597	3.665901123459117e-05	0.007002922960676844	0.0025272252741655498	0.0010351052338501748	0.01485934126595653	0.00906442994937742	0.00037961837242003293	0.001056793120913492
C[T>G]T	0.0004298262696496871	0.0014235573794840488	0.0014754415739795012	0.0007020023455795397	4.052724930942168e-05	0.00021143965989818152	0.0009480929362761315	0.00022106180168457868	0.0013639733730270674	0.0008208226407214519
G[C>A]A	0.0024478437082143846	1.5927750765194006e-06	0.0005935148683129674	0.002215516354375112	0.008306606419864374	0.0001375376771599028	0.0005279561918775347	0.0031859176034776497	0.004547782677227808	0.0003114251593806838
G[C>A]C	9.267579834421894e-05	0.005788576553685886	0.0010411373922791698	0.00011751641454126463	0.0006675037224046365	5.707267889694262e-97	0.0008424181077896897	0.0034383636310439444	0.0006848626380931863	0.00692452074018513
G[C>A]G	0.000703959751176438	0.0005211540732795094	0.0004292716894948415	0.0009239332522441785	0.0007950686742721035	0.0006805481938538197	0.00028456879817505363	0.000800772402385904	0.00041769622043500684	0.0004293819524922599
G[C>A]T	0.028941684481012232	0.01372218241282393	0.011375664979600601	0.023689071337442042	0.02192649951083445	0.002549034060041172	0.041318752472929716	0.019094452735227713	0.033748432859304664	0.024485740943795003
G[C>G]A	7.161102980063568e-05	0.002299704589266533	0.028334759450804835	0.0004611209710019357	0.0024889528341260256	0.0028311485762064223	0.0014763210776830176	0.010533638723676918	0.001312218137982346	0.0013244463312415597
G[C>G]C	0.014416664709175513	0.009187728484412055	0.01043413506733041	0.016941362231879246	0.012562040409125522	0.020121191239427516	0.012568012895889956	0.010358715728920734	0.011582085854453885	0.0014855625802409236
G[C>G]G	0.00064278064306101	0.0005924630250670128	0.000501055555050359	0.0004258930049992556	0.0004299958060404751	0.0004903016096945382	0.0008865732734627178	0.0011002755893537255	0.0005494156256651598	0.0006284339871939971
G[C>G]T	0.005188326560569261	0.018249106214463996	0.015943571271089148	0.011811545032944567	0.01288262395261471	1.6345642995930527e-184	0.0007327035311248372	0.01578361295980502	0.00408989004463596	0.0038677355636493826
G[C>T]A	0.00048649631469047317	0.03330960815833485	0.0022681404074443943	0.009079657032155587	0.005927752703477873	0.008402935816908307	0.005860254520929107	0.0025159621351678054	2.9556450990323664e-108	0.010475547891949693
G[C>T]C	0.0010861098433809543	0.00028996346643361543	0.0005184778015865891	0.0004177041727473283	0.00042681385490067625	2.6602067689064966e-05	0.003943495214477852	0.0025600163340269086	0.0003938490962062625	0.0011283166741061965
G[C>T]G	0.0004005158228232483	0.00046594406100912693	0.0005990293762766431	0.0009161137933295652	0.0003365156942866319	0.0005199202142717177	0.0008699097661784259	0.0005457286537311516	0.000530639034287025	0.0006090624855994858
G[C>T]T	0.02619461039339869	0.025011052646055597	0.027036059521957062	0.01745846099160554	0.02932589971453442	0.055039695032294035	0.021443342974716013	0.031830968582312914	0.02901901870020085	0.020861577770892006
G[T>A]A	0.0004844687123559049	0.0005198919695312747	0.0005636173593938921	0.00040005563413271516	0.0007995331755062593	0.0004826253975810849	0.0006870933909483298	0.0009909533959944334	0.0006543802479513811	0.0009519157181119599
G[T>A]C	0.007775016990879217	0.010456394165131219	0.014451109747467262	0.009828373287275911	0.010717631288856895	0.008141047049241037	0.019979202874038017	0.011777512909325358	0.008967035919534586	0.0013747758250692325
G[T>A]G	0.0006497395747337715	0.00042243377578539973	0.0004697332984463173	0.000851850682005854	0.0003526128044355278	0.0004965533364688579	0.0006250670672794017	0.0004919915825203876	0.0005043874496354646	0.000627139900568868
G[T>A]T	0.00015482722207304654	0.003485398607704234	0.0012073041188178082	0.00028277568894107577	0.004492117226939438	0.00011527941087139908	0.0025429631423203787	0.004288397236553748	3.6984456716647605e-05	0.007913796548506078
G[T>C]A	0.009014078638165402	0.00036269997962615436	0.0013437670175732049	0.02037890293525377	0.00013333268095888753	0.00042613109072241575	0.003887347822110583	0.006042250155935885	0.01759253803581591	0.0023472968254360954
G[T>C]C	0.013938129450620805	0.023760177019144166	0.007183751485951335	0.02040597910970013	0.012370812883493893	0.010152960495237662	0.013158238946349004	0.012109119355456766	0.016163106868749045	0.01074591951807247
G[T>C]G	0.024455491308103247	0.026331430313303282	0.027342421989935035	0.023160141439338235	0.025729070346280854	0.02286762365998456	0.020966586406191378	0.02348050233251018	0.024105045390025975	0.025411326657695868
G[T>C]T	0.004692610956776701	0.0007150831572604057	0.0003393703218020381	0.002402501203166025	0.0071252466622091564	0.0031198222136418785	0.007621906023197579	0.0026248455149569766	0.0008730499216134448	0.00016466192335021112
G[T>G]A	0.0008837664610533304	0.0006664441111869733	0.0007513837737772127	0.0007556090811462681	0.0005269010088030418	0.00025536136297279	0.0008216180529289564	0.00048315199616154764	0.0004888568568399641	0.0003648535165071788
G[T>G]C	0.0015938775848462923	0.0014328178632709407	0.003740408045344939	0.001279286313822131	0.001960084401333268	0.00025667712807914405	0.00018815780860057847	0.0020674808435998545	0.0005634475910667179	0.00546317315595877
G[T>G]G	0.00039065960483224935	0.0008193643024360579	0.0006009155725201691	0.0005987630443597346	0.0005788252380801912	0.0002960119263012819	0.0007513192840125628	0.00042262189075580763	0.0007662181366801901	0.0005449498474435798
G[T>G]T	0.000736753885399295	0.00018365307325031498	0.0012062285928415655	0.00274468642677053	0.0030632791091366445	0.0004755839678815801	0.00037531087390817224	0.0016486466185792281	0.00022006473171834917	0.0011372287113558643
T[C>A]A	0.0020790622527128723	0.004141354536565571	0.0006609086325485018	0.004759619995062126	0.005764977634951703	0.0035607099311940646	0.0015764972546664065	0.0026056069188494023	6.814633768817983e-06	0.020073548765001843
T[C>A]C	0.012004580179042847	0.015523976002636518	0.012103970933216504	0.014987619386738177	0.015595233115453919	0.007964183283707772	0.012418137229541378	0.014854724161617145	0.01617952426474638	0.013191502055279953
T[C>A]G	0.0004923180522986047	0.00059648838754046	0.00022761090625411892	0.0004481966102550324	0.00032408187146187157	0.0005042611876622634	0.0009677828759236648	0.0007556413807640889	0.0009589210265905968	0.0005634544748212091
T[C>A]T	0.0165496255829993	4.842652528204319e-05	0.0026146294654799964	0.00011769696338733583	0.0011712200908998707	0.0004893656101666453	0.00110171527318883	0.014848431282182877	0.011256619036289599	0.0008114946330512517
T[C>G]A	0.001393491447617245	0.0009538036228015626	0.001666369035700217	0.0006544373996958565	0.0008180886780090648	0.003907898693920832	0.000320959216016813	0.0003849108815315212	0.0003494555989590228	0.0002440827434673759
T[C>G]C	0.00153986416327831	0.00042957195215794413	0.004982982030453563	0.0008070200847972207	0.002454972879536951	0.0004085707491505115	0.00035176635320969136	0.0014043338850004206	0.0004388792728770288	0.00021532302650773702
T[C>G]G	0.0007248743448741458	0.0005259651263576275	0.00047074936740986806	0.00047632326352768715	0.0005199413601526412	0.0009726438603124348	0.000462434695253254	0.00047937033459444835	0.0005312031780578811	0.0007835936407514811
T[C>G]T	0.00582733041081725	0.010127595181599554	0.01485330643595435	0.014643165689810339	0.012170265883005748	0.001197220120206905	0.014078162713331288	0.010404970937436059	0.0038861681150927753	0.00010331987567098623
T[C>T]A	0.07134000455448969	0.03837024336972805	0.05651793901052207	0.058266214936138705	0.04449592405482013	0.06966025493916797	0.07686310013070388	0.07164318248276144	0.06392359410786116	0.03346632944823687
T[C>T]C	0.02273980377134216	0.02259803243123551	0.034852686267763104	0.022752695849925668	0.028999127759745506	0.02736801918964429	0.023122305146543023	0.023978548646283612	0.004524704385885984	0.030866634116821917
T[C>T]G	0.0005923800890117526	0.00030531757803024036	0.0007325328983930137	0.0007520388938627336	0.0003496754308271893	0.0007702384211000781	0.00039080367719093105	0.0007576925450426872	0.0006347818813894163	0.000640318851429867
T[C>T]T	0.0013021443911571313	0.00025887040725587385	2.631142128077249e-05	0.0002525174149912734	0.0006708478994749826	0.11904631401533633	0.00014696914676271542	0.00033774372370166966	0.005070640664445321	0.0007872571773082809
T[T>A]A	0.014375442372032102	0.011347927826168645	0.015102741578933331	0.011875116140164163	0.009947579000883514	0.019567848361988473	0.008512006154127196	0.012481699299748088	0.016963502816371514	0.010346931878361592
T[T>A]C	0.017742526884572552	0.023288966532488253	0.012344960667407642	0.012097396474314329	0.011507888985768567	2.7681076316041354e-24	0.04071041029849133	0.014946192441930623	0.013707886445182792	0.011781578398132531
T[T>A]G	0.0007319971682664147	0.00017607887966027445	0.0008141200042253126	0.0003724321634733981	0.0005034904098154953	0.004019816376170281	0.00023978475181107736	0.0005195954772532513	0.0006439828047369036	0.0004048356653251681
T[T>A]T	0.0005250278591827256	8.389378563489917e-05	0.0002847544020499343	0.0004290362662098116	0.008097898870822467	0.005345353673631674	0.0005637739346082154	0.001077130933134194	5.048831349131715e-05	0.021317844446018426
T[T>C]A	0.046857714885340455	0.03965363996972131	0.03657297000649366	0.05373848669791395	0.03191714009552194	0.023536486470344734	0.013626622434275846	0.013957572892421763	0.019843215270028573	0.015906421621600372
T[T>C]C	0.001819464557911437	0.002758980645297984	0.001193916074981164	0.001134188560622736	0.004525061967913475	0.0010085067546982882	6.921000938690775e-182	0.014421870377230165	0.06758036040068113	0.007935373281070402
T[T>C]G	0.0022852842404979764	4.801271977805721e-05	0.001489132462980457	0.0034672468923280905	0.0004027957107080698	0.004636710071757411	0.0006829008222043937	0.0007475083649942707	0.003935507412279286	0.002818419378153978
T[T>C]T	0.0074650590731791654	0.0006093683290016251	0.00010765707442129964	0.0009140394574685027	0.006403034556980465	0.002464631051206813	0.046398653810911406	0.005003544864305343	3.921733081631717e-05	0.005803907094326023
T[T>G]A	0.00010007164202710455	0.0008153513078636034	0.0008065655735330756	0.0014734965849468244	0.006863530100024313	0.0021323871839629928	0.0020845245199128297	0.003454533931051374	0.0014453700066821657	0.0011185695580240098
T[T>G]C	0.005084650030622627	1.042918094901093e-38	0.0008113013157407425	0.006062399539552924	0.013291575933346579	0.0016908185047039403	0.0024766364255301935	0.0032873256496915642	0.001962287715953569	0.0006457260443418169
T[T>G]G	0.0004946423264499155	0.0006477093581187274	0.0007685633402715647	0.0007420393202507122	0.0006030019653582974	0.0009210000581954882	0.0008161625594637421	0.00047381497112760414	0.0005423229713822204	0.000500565164441575
T[T>G]T	0.0006712734202592291	0.0003420475870346186	0.0005558385656539907	0.0004699427284538622	0.0034466565235294283	0.00013127793245892893	0.0007375370746985305	0.001699856963809257	0.004218055221230364	0.00012811346428083417
