Samples	Signature A	Signature B	Signature C	Signature D
Sample1	332	0	406	267
Sample2	776	224	0	0
Sample3	1000	0	0	0
Sample4	358	629	0	0
Sample5	299	371	366	0
Sample6	408	608	0	0
Sample7	601	0	0	414
Sample8	628	0	208	149
Sample9	744	248	0	0
Sample10	685	307	0	0
Sample11	304	490	231	0
Sample12	426	283	261	0
Sample13	988	0	0	0
Sample14	545	255	0	183
Sample15	394	641	0	0
Sample16	350	680	0	0
Sample17	514	0	469	0
Sample18	614	0	0	401
Sample19	728	280	0	0
Sample20	810	174	0	0
Sample21	726	254	0	0
Sample22	689	325	0	0
Sample23	0	765	0	251
Sample24	300	545	170	0
Sample25	740	260	0	0
Sample26	384	0	398	205
Sample27	715	293	0	0
Sample28	731	269	0	0
Sample29	410	0	562	0
Sample30	662	0	0	322
Sample31	834	0	0	166
Sample32	840	0	0	140
Sample33	615	0	0	371
Sample34	794	206	0	0
Sample35	773	227	0	0
Sample36	780	228	0	0
Sample37	761	231	0	0
Sample38	867	0	0	125
Sample39	0	467	289	269
Sample40	800	200	0	0
Sample41	403	577	0	0
Sample42	768	212	0	0
Sample43	410	0	562	0
Sample44	299	675	0	0
Sample45	337	647	0	0
Sample46	359	677	0	0
Sample47	807	201	0	0
Sample48	410	0	562	0
Sample49	787	213	0	0
Sample50	781	227	0	0
Sample51	725	283	0	0
Sample52	858	0	0	169
Sample53	410	0	562	0
Sample54	758	221	0	0
Sample55	650	330	0	0
Sample56	573	245	0	156
Sample57	764	236	0	0
Sample58	733	282	0	0
Sample59	334	655	0	0
Sample60	775	204	0	0
Sample61	1008	0	0	0
Sample62	362	624	0	0
Sample63	981	0	0	0
Sample64	307	674	0	0
Sample65	452	535	0	0
Sample66	852	0	0	163
Sample67	763	227	0	0
Sample68	284	696	0	0
Sample69	832	0	0	148
Sample70	673	319	0	0
Sample71	792	222	0	0
Sample72	689	278	0	0
Sample73	740	268	0	0
Sample74	758	227	0	0
Sample75	751	263	0	0
Sample76	712	273	0	0
Sample77	236	778	0	0
Sample78	409	575	0	0
Sample79	327	651	0	0
Sample80	410	0	562	0
Sample81	680	345	0	0
Sample82	720	0	264	0
Sample83	348	668	0	0
Sample84	461	573	0	0
Sample85	219	766	0	0
Sample86	404	611	0	0
Sample87	861	0	0	117
Sample88	618	405	0	0
Sample89	791	223	0	0
Sample90	754	246	0	0
Sample91	806	0	0	220
Sample92	627	0	254	127
Sample93	765	243	0	0
Sample94	762	267	0	0
Sample95	778	214	0	0
Sample96	980	0	0	0
Sample97	868	0	0	132
Sample98	519	274	0	225
Sample99	441	532	0	0
Sample100	759	0	233	0
Sample101	1000	0	0	0
Sample102	348	619	0	0
Sample103	763	222	0	0
Sample104	375	282	335	0
Sample105	345	640	0	0
Sample106	801	207	0	0
Sample107	866	0	0	148
Sample108	823	0	0	177
Sample109	691	289	0	0
Sample110	252	749	0	0
Sample111	605	0	0	408
Sample112	726	282	0	0
Sample113	410	0	562	0
Sample114	394	574	0	0
Sample115	640	0	238	143
Sample116	739	269	0	0
Sample117	801	207	0	0
Sample118	1015	0	0	0
Sample119	312	398	0	298
Sample120	768	217	0	0
Sample121	725	267	0	0
Sample122	656	363	0	0
Sample123	449	0	576	0
Sample124	253	714	0	0
Sample125	344	624	0	0
Sample126	627	227	0	161
Sample127	446	0	514	0
Sample128	672	0	222	124
Sample129	761	211	0	0
Sample130	980	0	0	0
Sample131	720	265	0	0
Sample132	836	0	0	144
Sample133	780	228	0	0
Sample134	876	0	0	113
Sample135	662	0	230	123
Sample136	755	253	0	0
Sample137	784	204	0	0
Sample138	322	662	0	0
Sample139	422	364	229	0
Sample140	450	224	0	334
Sample141	871	0	0	118
Sample142	419	240	0	337
Sample143	672	0	309	0
Sample144	205	780	0	0
Sample145	317	651	0	0
Sample146	786	228	0	0
Sample147	407	629	0	0
Sample148	773	227	0	0
Sample149	521	0	506	0
Sample150	742	0	0	243
Sample151	840	0	0	140
Sample152	727	281	0	0
Sample153	661	224	0	151
Sample154	0	587	388	0
Sample155	705	0	287	0
Sample156	781	227	0	0
Sample157	776	224	0	0
Sample158	724	268	0	0
Sample159	988	0	0	0
Sample160	328	641	0	0
Sample161	709	299	0	0
Sample162	321	687	0	0
Sample163	748	260	0	0
Sample164	985	0	0	0
Sample165	780	209	0	0
Sample166	701	299	0	0
Sample167	699	0	0	287
Sample168	0	441	530	0
Sample169	0	716	262	0
Sample170	738	262	0	0
Sample171	801	207	0	0
Sample172	314	665	0	0
Sample173	326	651	0	0
Sample174	756	252	0	0
Sample175	265	717	0	0
Sample176	366	305	337	0
Sample177	332	641	0	0
Sample178	718	290	0	0
Sample179	702	0	172	118
Sample180	488	0	530	0
Sample181	748	244	0	0
Sample182	0	480	249	279
Sample183	749	243	0	0
Sample184	354	620	0	0
Sample185	575	0	0	439
Sample186	704	296	0	0
Sample187	711	309	0	0
Sample188	361	663	0	0
Sample189	719	0	0	269
Sample190	795	191	0	0
Sample191	752	240	0	0
Sample192	692	0	183	117
Sample193	410	0	562	0
Sample194	285	735	0	0
Sample195	834	0	0	166
Sample196	411	0	621	0
Sample197	326	641	0	0
Sample198	739	253	0	0
Sample199	736	254	0	0
Sample200	728	307	0	0
Sample201	992	0	0	0
Sample202	315	653	0	0
Sample203	395	272	0	351
Sample204	747	241	0	0
Sample205	317	664	0	0
Sample206	694	343	0	0
Sample207	776	224	0	0
Sample208	981	0	0	0
Sample209	0	732	0	287
Sample210	320	659	0	0
Sample211	410	0	562	0
Sample212	322	651	0	0
Sample213	225	750	0	0
Sample214	795	205	0	0
Sample215	632	0	0	382
Sample216	446	343	0	205
Sample217	302	666	0	0
Sample218	851	0	0	137
Sample219	190	0	432	377
Sample220	0	788	0	221
Sample221	0	700	329	0
Sample222	889	0	0	127
Sample223	313	655	0	0
Sample224	220	755	0	0
Sample225	732	260	0	0
Sample226	668	0	189	122
Sample227	660	0	242	113
Sample228	585	250	0	139
Sample229	618	0	0	400
Sample230	742	258	0	0
Sample231	0	775	0	188
Sample232	742	272	0	0
Sample233	405	0	569	0
Sample234	880	0	0	128
Sample235	861	0	0	124
Sample236	712	310	0	0
Sample237	410	0	562	0
Sample238	408	0	634	0
Sample239	752	264	0	0
Sample240	842	0	0	158
Sample241	986	0	0	0
Sample242	0	0	668	322
Sample243	0	697	278	0
Sample244	732	260	0	0
Sample245	708	305	0	0
Sample246	826	0	0	160
Sample247	805	209	0	0
Sample248	801	0	0	214
Sample249	733	246	0	0
Sample250	377	653	0	0
Sample251	608	0	0	409
Sample252	767	241	0	0
Sample253	686	0	193	100
Sample254	736	244	0	0
Sample255	271	723	0	0
Sample256	410	0	562	0
Sample257	770	0	222	0
Sample258	645	363	0	0
Sample259	800	192	0	0
Sample260	844	0	0	141
Sample261	602	0	0	406
Sample262	193	793	0	0
Sample263	251	723	0	0
Sample264	801	207	0	0
Sample265	591	0	0	426
Sample266	734	245	0	0
Sample267	457	291	252	0
Sample268	858	0	0	131
Sample269	459	337	0	217
Sample270	190	0	432	377
Sample271	760	248	0	0
Sample272	591	0	0	394
Sample273	301	684	0	0
Sample274	700	300	0	0
Sample275	756	271	0	0
Sample276	510	498	0	0
Sample277	758	229	0	0
Sample278	723	262	0	0
Sample279	659	0	242	124
Sample280	738	242	0	0
Sample281	794	224	0	0
Sample282	0	657	320	0
Sample283	760	232	0	0
Sample284	237	738	0	0
Sample285	350	0	438	202
Sample286	0	680	335	0
Sample287	781	227	0	0
Sample288	638	338	0	0
Sample289	801	226	0	0
Sample290	332	697	0	0
Sample291	254	710	0	0
Sample292	810	198	0	0
Sample293	560	0	0	439
Sample294	834	0	0	166
Sample295	752	0	240	0
Sample296	269	404	346	0
Sample297	743	249	0	0
Sample298	407	0	616	0
Sample299	863	0	0	145
Sample300	714	302	0	0
Sample301	323	658	0	0
Sample302	732	260	0	0
Sample303	816	184	0	0
Sample304	721	287	0	0
Sample305	393	636	0	0
Sample306	320	657	0	0
Sample307	646	0	221	152
Sample308	800	219	0	0
Sample309	769	239	0	0
Sample310	773	219	0	0
Sample311	603	0	263	119
Sample312	720	0	0	268
Sample313	410	0	562	0
Sample314	612	0	0	405
Sample315	764	236	0	0
Sample316	784	216	0	0
Sample317	705	309	0	0
Sample318	0	0	659	321
Sample319	846	0	0	154
Sample320	411	275	0	331
Sample321	859	0	0	121
Sample322	253	731	0	0
Sample323	801	207	0	0
Sample324	298	679	0	0
Sample325	863	0	0	137
Sample326	722	296	0	0
Sample327	619	0	236	145
Sample328	0	802	186	0
Sample329	0	735	293	0
Sample330	716	0	269	0
Sample331	0	757	0	216
Sample332	441	244	0	323
Sample333	356	629	0	0
Sample334	778	208	0	0
Sample335	0	797	0	217
Sample336	408	287	0	324
Sample337	710	305	0	0
Sample338	0	0	700	284
Sample339	743	271	0	0
Sample340	865	0	0	143
Sample341	614	0	236	186
Sample342	370	353	0	267
Sample343	752	275	0	0
Sample344	776	224	0	0
Sample345	340	635	0	0
Sample346	238	746	0	0
Sample347	683	296	0	0
Sample348	375	638	0	0
Sample349	414	328	0	230
Sample350	851	0	0	128
Sample351	733	253	0	0
Sample352	613	0	0	405
Sample353	0	0	693	299
Sample354	279	702	0	0
Sample355	551	275	0	142
Sample356	859	0	0	131
Sample357	876	0	0	139
Sample358	654	0	0	347
Sample359	464	572	0	0
Sample360	1015	0	0	0
Sample361	754	0	254	0
Sample362	775	217	0	0
Sample363	727	292	0	0
Sample364	460	523	0	0
Sample365	763	252	0	0
Sample366	852	0	0	165
Sample367	394	634	0	0
Sample368	762	230	0	0
Sample369	989	0	0	0
Sample370	778	208	0	0
Sample371	843	0	0	157
Sample372	878	0	0	130
Sample373	383	356	277	0
Sample374	767	233	0	0
Sample375	423	288	0	309
Sample376	0	793	191	0
Sample377	476	351	0	196
Sample378	377	591	0	0
Sample379	768	246	0	0
Sample380	0	585	229	202
Sample381	755	245	0	0
Sample382	331	501	0	185
Sample383	850	0	0	172
Sample384	706	322	0	0
Sample385	652	195	0	181
Sample386	319	463	252	0
Sample387	784	235	0	0
Sample388	714	294	0	0
Sample389	802	217	0	0
Sample390	575	401	0	0
Sample391	213	752	0	0
Sample392	992	0	0	0
Sample393	190	0	432	377
Sample394	477	0	487	0
Sample395	479	502	0	0
Sample396	743	265	0	0
Sample397	860	0	0	119
Sample398	669	0	232	125
Sample399	724	244	0	0
Sample400	396	639	0	0
Sample401	410	0	562	0
Sample402	746	240	0	0
Sample403	985	0	0	0
Sample404	764	249	0	0
Sample405	801	207	0	0
Sample406	351	637	0	0
Sample407	352	301	309	0
Sample408	517	469	0	0
Sample409	0	674	308	0
Sample410	854	0	0	138
Sample411	366	368	286	0
Sample412	701	284	0	0
Sample413	386	595	0	0
Sample414	342	686	0	0
Sample415	570	412	0	0
Sample416	436	0	583	0
Sample417	542	247	0	191
Sample418	410	0	562	0
Sample419	762	230	0	0
Sample420	580	0	0	433
Sample421	283	692	0	0
Sample422	361	339	0	304
Sample423	750	239	0	0
Sample424	347	639	0	0
Sample425	792	208	0	0
Sample426	769	223	0	0
Sample427	595	0	0	408
Sample428	744	0	235	0
Sample429	731	269	0	0
Sample430	410	0	562	0
Sample431	763	237	0	0
Sample432	732	276	0	0
Sample433	190	0	432	377
Sample434	789	203	0	0
Sample435	476	351	0	196
Sample436	753	255	0	0
Sample437	759	0	249	0
Sample438	478	268	0	239
Sample439	311	662	0	0
Sample440	343	673	0	0
Sample441	698	0	280	0
Sample442	755	226	0	0
Sample443	623	377	0	0
Sample444	707	309	0	0
Sample445	856	0	0	157
Sample446	792	200	0	0
Sample447	204	616	0	199
Sample448	985	0	0	0
Sample449	238	733	0	0
Sample450	738	0	241	0
Sample451	685	329	0	0
Sample452	423	274	0	311
Sample453	686	0	172	120
Sample454	253	579	0	182
Sample455	279	744	0	0
Sample456	710	271	0	0
Sample457	760	0	0	259
Sample458	793	215	0	0
Sample459	704	288	0	0
Sample460	432	251	0	335
Sample461	722	286	0	0
Sample462	797	203	0	0
Sample463	379	588	0	0
Sample464	742	230	0	0
Sample465	738	242	0	0
Sample466	743	257	0	0
Sample467	342	421	257	0
Sample468	870	0	0	111
Sample469	855	0	0	137
Sample470	736	264	0	0
Sample471	497	531	0	0
Sample472	409	626	0	0
Sample473	695	323	0	0
Sample474	711	310	0	0
Sample475	0	0	766	204
Sample476	334	259	425	0
Sample477	740	249	0	0
Sample478	755	225	0	0
Sample479	745	270	0	0
Sample480	292	688	0	0
Sample481	738	248	0	0
Sample482	979	0	0	0
Sample483	744	270	0	0
Sample484	778	208	0	0
Sample485	784	202	0	0
Sample486	989	0	0	0
Sample487	357	626	0	0
Sample488	766	0	242	0
Sample489	780	192	0	0
Sample490	801	207	0	0
Sample491	211	768	0	0
Sample492	0	561	263	193
Sample493	691	332	0	0
Sample494	0	731	238	0
Sample495	712	269	0	0
Sample496	345	419	0	208
Sample497	342	310	340	0
Sample498	279	733	0	0
Sample499	760	232	0	0
Sample500	0	309	509	195
Sample501	0	0	718	290
Sample502	775	217	0	0
Sample503	663	350	0	0
Sample504	699	319	0	0
Sample505	866	0	0	150
Sample506	413	561	0	0
Sample507	862	0	0	118
Sample508	719	281	0	0
Sample509	0	529	255	230
Sample510	449	317	0	218
Sample511	440	281	0	294
Sample512	763	262	0	0
Sample513	867	0	0	121
Sample514	621	0	0	405
Sample515	748	252	0	0
Sample516	335	337	0	336
Sample517	791	217	0	0
Sample518	794	191	0	0
Sample519	845	0	0	155
Sample520	778	214	0	0
Sample521	632	0	210	150
Sample522	536	226	0	217
Sample523	360	619	0	0
Sample524	706	0	302	0
Sample525	582	0	0	426
Sample526	757	222	0	0
Sample527	340	285	0	383
Sample528	410	0	562	0
Sample529	755	224	0	0
Sample530	355	357	273	0
Sample531	680	194	0	118
Sample532	557	0	0	456
Sample533	704	0	275	0
Sample534	321	645	0	0
Sample535	716	308	0	0
Sample536	655	345	0	0
Sample537	755	237	0	0
Sample538	722	270	0	0
Sample539	404	0	318	292
Sample540	319	371	0	325
Sample541	674	318	0	0
Sample542	197	777	0	0
Sample543	662	0	201	137
Sample544	761	0	219	0
Sample545	398	235	0	393
Sample546	418	616	0	0
Sample547	821	0	0	158
Sample548	360	0	524	142
Sample549	0	445	555	0
Sample550	869	0	0	119
Sample551	760	219	0	0
Sample552	760	240	0	0
Sample553	754	0	230	0
Sample554	767	0	233	0
Sample555	335	650	0	0
Sample556	771	249	0	0
Sample557	736	251	0	0
Sample558	850	0	0	135
Sample559	678	322	0	0
Sample560	748	0	0	229
Sample561	190	0	432	377
Sample562	877	0	0	131
Sample563	256	728	0	0
Sample564	859	0	0	120
Sample565	746	0	268	0
Sample566	771	248	0	0
Sample567	843	0	0	130
Sample568	0	0	692	277
Sample569	445	549	0	0
Sample570	782	0	210	0
Sample571	985	0	0	0
Sample572	523	228	0	221
Sample573	331	273	420	0
Sample574	719	261	0	0
Sample575	356	0	220	441
Sample576	190	0	432	377
Sample577	818	0	0	182
Sample578	721	293	0	0
Sample579	319	664	0	0
Sample580	850	0	0	131
Sample581	783	0	225	0
Sample582	346	354	0	304
Sample583	850	0	0	142
Sample584	322	645	0	0
Sample585	190	0	432	377
Sample586	846	0	0	154
Sample587	0	720	0	305
Sample588	786	206	0	0
Sample589	413	601	0	0
Sample590	356	618	0	0
Sample591	751	229	0	0
Sample592	328	707	0	0
Sample593	0	475	329	168
Sample594	572	415	0	0
Sample595	665	0	191	152
Sample596	383	333	0	306
Sample597	0	558	254	196
Sample598	618	273	0	144
Sample599	779	213	0	0
Sample600	392	226	0	387
Sample601	870	0	0	122
Sample602	608	0	242	158
Sample603	392	442	0	174
Sample604	797	217	0	0
Sample605	732	284	0	0
Sample606	818	0	0	200
Sample607	651	223	0	153
Sample608	787	197	0	0
Sample609	744	241	0	0
Sample610	243	565	0	206
Sample611	746	262	0	0
Sample612	516	266	0	199
Sample613	740	260	0	0
Sample614	326	343	0	338
Sample615	844	0	0	141
Sample616	721	258	0	0
Sample617	0	796	0	219
Sample618	777	223	0	0
Sample619	798	191	0	0
Sample620	869	0	0	111
Sample621	734	258	0	0
Sample622	773	219	0	0
Sample623	604	238	0	187
Sample624	250	722	0	0
Sample625	466	337	0	191
Sample626	685	339	0	0
Sample627	434	249	0	337
Sample628	452	342	0	223
Sample629	737	271	0	0
Sample630	459	0	504	0
Sample631	725	261	0	0
Sample632	744	264	0	0
Sample633	371	597	0	0
Sample634	329	645	0	0
Sample635	850	0	0	135
Sample636	796	192	0	0
Sample637	851	0	0	164
Sample638	763	237	0	0
Sample639	670	0	193	115
Sample640	428	552	0	0
Sample641	736	256	0	0
Sample642	778	211	0	0
Sample643	399	276	0	339
Sample644	456	572	0	0
Sample645	852	0	0	129
Sample646	205	603	0	205
Sample647	309	676	0	0
Sample648	0	612	196	194
Sample649	700	300	0	0
Sample650	685	323	0	0
Sample651	837	0	0	155
Sample652	728	290	0	0
Sample653	725	0	267	0
Sample654	455	572	0	0
Sample655	743	249	0	0
Sample656	820	180	0	0
Sample657	818	0	0	167
Sample658	549	0	492	0
Sample659	477	331	0	166
Sample660	0	547	248	222
Sample661	288	679	0	0
Sample662	309	660	0	0
Sample663	642	222	0	151
Sample664	790	195	0	0
Sample665	383	295	0	338
Sample666	250	755	0	0
Sample667	467	0	565	0
Sample668	989	0	0	0
Sample669	435	258	0	314
Sample670	520	495	0	0
Sample671	304	690	0	0
Sample672	781	227	0	0
Sample673	775	217	0	0
Sample674	508	234	0	266
Sample675	843	0	0	142
Sample676	439	285	0	292
Sample677	1015	0	0	0
Sample678	511	256	0	241
Sample679	772	0	0	203
Sample680	850	0	0	129
Sample681	741	259	0	0
Sample682	699	293	0	0
Sample683	724	261	0	0
Sample684	786	206	0	0
Sample685	296	715	0	0
Sample686	624	0	247	137
Sample687	666	0	220	122
Sample688	799	193	0	0
Sample689	801	207	0	0
Sample690	0	649	211	157
Sample691	736	0	235	0
Sample692	718	0	290	0
Sample693	749	237	0	0
Sample694	795	205	0	0
Sample695	759	241	0	0
Sample696	985	0	0	0
Sample697	401	576	0	0
Sample698	815	0	0	166
Sample699	0	744	264	0
Sample700	403	631	0	0
Sample701	784	231	0	0
Sample702	720	293	0	0
Sample703	452	326	0	235
Sample704	805	209	0	0
Sample705	403	565	0	0
Sample706	736	0	264	0
Sample707	872	0	0	117
Sample708	389	598	0	0
Sample709	264	0	524	213
Sample710	772	0	206	0
Sample711	328	659	0	0
Sample712	0	254	516	211
Sample713	989	0	0	0
Sample714	418	597	0	0
Sample715	728	299	0	0
Sample716	725	275	0	0
Sample717	410	0	562	0
Sample718	0	722	258	0
Sample719	457	577	0	0
Sample720	603	0	209	173
Sample721	787	200	0	0
Sample722	222	537	256	0
Sample723	732	281	0	0
Sample724	1015	0	0	0
Sample725	326	675	0	0
Sample726	252	715	0	0
Sample727	730	258	0	0
Sample728	731	285	0	0
Sample729	386	320	280	0
Sample730	362	621	0	0
Sample731	410	624	0	0
Sample732	763	229	0	0
Sample733	732	254	0	0
Sample734	705	278	0	0
Sample735	746	254	0	0
Sample736	770	0	230	0
Sample737	476	506	0	0
Sample738	322	697	0	0
Sample739	722	265	0	0
Sample740	689	291	0	0
Sample741	766	222	0	0
Sample742	353	389	0	274
Sample743	758	227	0	0
Sample744	848	0	0	140
Sample745	689	331	0	0
Sample746	804	0	0	176
Sample747	0	462	336	216
Sample748	271	709	0	0
Sample749	769	212	0	0
Sample750	296	502	230	0
Sample751	772	246	0	0
Sample752	410	0	562	0
Sample753	696	290	0	0
Sample754	745	241	0	0
Sample755	866	0	0	119
Sample756	776	224	0	0
Sample757	316	667	0	0
Sample758	307	678	0	0
Sample759	646	203	0	173
Sample760	751	0	234	0
Sample761	780	228	0	0
Sample762	721	279	0	0
Sample763	752	233	0	0
Sample764	407	563	0	0
Sample765	868	0	0	132
Sample766	859	0	0	121
Sample767	484	498	0	0
Sample768	752	263	0	0
Sample769	746	0	0	235
Sample770	710	268	0	0
Sample771	890	0	0	136
Sample772	747	0	237	0
Sample773	681	299	0	0
Sample774	634	0	209	137
Sample775	722	0	0	256
Sample776	410	0	562	0
Sample777	0	541	256	217
Sample778	732	0	260	0
Sample779	277	702	0	0
Sample780	694	320	0	0
Sample781	701	312	0	0
Sample782	864	0	0	116
Sample783	720	280	0	0
Sample784	592	0	0	422
Sample785	767	251	0	0
Sample786	821	0	0	164
Sample787	758	0	250	0
Sample788	283	699	0	0
Sample789	359	614	0	0
Sample790	768	232	0	0
Sample791	1008	0	0	0
Sample792	538	0	345	151
Sample793	387	0	449	187
Sample794	716	0	0	251
Sample795	721	296	0	0
Sample796	390	370	0	228
Sample797	674	0	190	136
Sample798	388	634	0	0
Sample799	281	693	0	0
Sample800	850	0	0	142
Sample801	1000	0	0	0
Sample802	0	582	387	0
Sample803	858	0	0	150
Sample804	871	0	0	147
Sample805	861	0	0	120
Sample806	859	0	0	131
Sample807	805	209	0	0
Sample808	592	378	0	0
Sample809	258	723	0	0
Sample810	674	0	199	112
Sample811	794	206	0	0
Sample812	690	336	0	0
Sample813	772	207	0	0
Sample814	733	253	0	0
Sample815	747	253	0	0
Sample816	261	719	0	0
Sample817	730	304	0	0
Sample818	0	0	719	274
Sample819	634	349	0	0
Sample820	741	0	0	235
Sample821	797	222	0	0
Sample822	681	0	179	124
Sample823	1000	0	0	0
Sample824	861	0	0	120
Sample825	435	545	0	0
Sample826	0	656	318	0
Sample827	749	259	0	0
Sample828	810	0	0	198
Sample829	729	263	0	0
Sample830	0	534	277	198
Sample831	858	0	0	121
Sample832	405	622	0	0
Sample833	766	226	0	0
Sample834	720	293	0	0
Sample835	410	0	562	0
Sample836	620	0	238	127
Sample837	294	694	0	0
Sample838	862	0	0	117
Sample839	793	225	0	0
Sample840	189	0	433	386
Sample841	421	560	0	0
Sample842	861	0	0	158
Sample843	410	0	562	0
Sample844	992	0	0	0
Sample845	290	676	0	0
Sample846	430	287	0	298
Sample847	685	0	0	316
Sample848	1008	0	0	0
Sample849	386	286	0	341
Sample850	467	0	532	0
Sample851	483	280	251	0
Sample852	669	0	339	0
Sample853	339	648	0	0
Sample854	579	389	0	0
Sample855	410	0	562	0
Sample856	805	209	0	0
Sample857	0	240	486	254
Sample858	788	192	0	0
Sample859	419	238	0	351
Sample860	856	0	0	136
Sample861	776	224	0	0
Sample862	750	258	0	0
Sample863	865	0	0	127
Sample864	720	280	0	0
Sample865	237	730	0	0
Sample866	868	0	0	132
Sample867	870	0	0	130
Sample868	318	263	382	0
Sample869	426	0	348	246
Sample870	832	0	0	182
Sample871	538	481	0	0
Sample872	410	0	562	0
Sample873	367	667	0	0
Sample874	805	209	0	0
Sample875	646	0	316	0
Sample876	758	221	0	0
Sample877	410	0	562	0
Sample878	0	822	0	193
Sample879	367	276	338	0
Sample880	0	0	766	204
Sample881	632	383	0	0
Sample882	744	273	0	0
Sample883	401	352	232	0
Sample884	737	0	278	0
Sample885	725	275	0	0
Sample886	773	242	0	0
Sample887	669	323	0	0
Sample888	979	0	0	0
Sample889	312	668	0	0
Sample890	805	209	0	0
Sample891	754	246	0	0
Sample892	782	198	0	0
Sample893	682	310	0	0
Sample894	476	273	0	239
Sample895	391	249	0	376
Sample896	256	721	0	0
Sample897	844	0	0	128
Sample898	190	0	432	377
Sample899	870	0	0	122
Sample900	323	644	0	0
Sample901	800	218	0	0
Sample902	826	0	0	174
Sample903	777	0	0	197
Sample904	790	0	224	0
Sample905	685	315	0	0
Sample906	651	336	0	0
Sample907	841	0	0	138
Sample908	678	344	0	0
Sample909	762	252	0	0
Sample910	0	506	287	213
Sample911	779	213	0	0
Sample912	754	225	0	0
Sample913	324	657	0	0
Sample914	360	354	267	0
Sample915	754	0	226	0
Sample916	434	264	0	301
Sample917	762	252	0	0
Sample918	987	0	0	0
Sample919	609	0	0	377
Sample920	333	641	0	0
Sample921	632	392	0	0
Sample922	729	279	0	0
Sample923	701	0	178	106
Sample924	0	261	536	184
Sample925	838	0	0	185
Sample926	980	0	0	0
Sample927	768	232	0	0
Sample928	0	779	197	0
Sample929	708	306	0	0
Sample930	513	311	0	151
Sample931	410	0	562	0
Sample932	732	260	0	0
Sample933	478	318	0	225
Sample934	0	0	602	412
Sample935	988	0	0	0
Sample936	489	284	0	245
Sample937	344	346	0	313
Sample938	844	0	0	141
Sample939	787	198	0	0
Sample940	351	314	0	334
Sample941	410	0	562	0
Sample942	275	0	450	290
Sample943	337	701	0	0
Sample944	787	0	248	0
Sample945	759	226	0	0
Sample946	566	0	0	442
Sample947	389	300	0	327
Sample948	846	0	0	139
Sample949	663	0	0	311
Sample950	410	0	562	0
Sample951	657	0	221	130
Sample952	355	356	0	289
Sample953	764	236	0	0
Sample954	727	265	0	0
Sample955	710	0	267	0
Sample956	851	0	0	134
Sample957	0	575	279	161
Sample958	726	288	0	0
Sample959	787	0	232	0
Sample960	384	268	0	367
Sample961	719	301	0	0
Sample962	627	0	234	131
Sample963	329	452	0	237
Sample964	410	0	562	0
Sample965	382	600	0	0
Sample966	291	507	217	0
Sample967	352	0	451	177
Sample968	252	756	0	0
Sample969	514	283	0	177
Sample970	261	723	0	0
Sample971	190	0	432	377
Sample972	680	328	0	0
Sample973	410	0	562	0
Sample974	792	216	0	0
Sample975	410	0	562	0
Sample976	317	670	0	0
Sample977	719	289	0	0
Sample978	720	266	0	0
Sample979	0	305	497	180
Sample980	336	407	268	0
Sample981	769	209	0	0
Sample982	766	226	0	0
Sample983	785	238	0	0
Sample984	801	207	0	0
Sample985	303	685	0	0
Sample986	400	627	0	0
Sample987	315	373	320	0
Sample988	756	258	0	0
Sample989	798	194	0	0
Sample990	608	376	0	0
Sample991	978	0	0	0
Sample992	791	217	0	0
Sample993	836	0	0	172
Sample994	811	207	0	0
Sample995	733	294	0	0
Sample996	760	0	232	0
Sample997	756	236	0	0
Sample998	495	311	0	202
Sample999	337	644	0	0
Sample1000	980	0	0	0
Sample1001	617	0	251	158
Sample1002	801	199	0	0
Sample1003	710	269	0	0
Sample1004	281	696	0	0
Sample1005	758	220	0	0
Sample1006	766	242	0	0
Sample1007	759	241	0	0
Sample1008	370	616	0	0
Sample1009	772	0	228	0
Sample1010	881	0	0	134
Sample1011	749	0	266	0
Sample1012	532	0	485	0
Sample1013	776	224	0	0
Sample1014	308	673	0	0
Sample1015	655	345	0	0
Sample1016	723	291	0	0
Sample1017	300	340	0	378
Sample1018	357	342	301	0
Sample1019	687	281	0	0
Sample1020	801	207	0	0
Sample1021	410	265	0	333
Sample1022	732	254	0	0
Sample1023	410	0	562	0
Sample1024	435	279	0	302
Sample1025	756	244	0	0
Sample1026	420	0	615	0
Sample1027	739	269	0	0
Sample1028	408	414	0	197
Sample1029	323	657	0	0
Sample1030	856	0	0	129
Sample1031	410	0	562	0
Sample1032	439	376	0	197
Sample1033	364	0	299	342
Sample1034	722	299	0	0
Sample1035	639	0	224	122
Sample1036	301	678	0	0
Sample1037	337	692	0	0
Sample1038	388	241	0	379
Sample1039	432	0	576	0
Sample1040	822	0	0	186
Sample1041	661	325	0	0
Sample1042	764	224	0	0
Sample1043	410	0	562	0
Sample1044	0	0	677	317
Sample1045	680	0	193	116
Sample1046	753	274	0	0
Sample1047	657	362	0	0
Sample1048	980	0	0	0
Sample1049	779	0	199	0
Sample1050	828	0	0	157
Sample1051	299	674	0	0
Sample1052	235	744	0	0
Sample1053	992	0	0	0
Sample1054	618	245	0	152
Sample1055	396	640	0	0
Sample1056	709	299	0	0
Sample1057	768	224	0	0
Sample1058	403	569	0	0
Sample1059	559	0	0	459
Sample1060	571	0	0	434
Sample1061	505	312	0	170
Sample1062	675	0	0	312
Sample1063	295	679	0	0
Sample1064	856	0	0	144
Sample1065	766	219	0	0
Sample1066	264	701	0	0
Sample1067	787	192	0	0
Sample1068	789	219	0	0
Sample1069	410	0	562	0
Sample1070	0	651	177	179
Sample1071	307	469	240	0
Sample1072	703	305	0	0
Sample1073	0	809	0	209
Sample1074	625	350	0	0
Sample1075	719	281	0	0
Sample1076	813	195	0	0
Sample1077	832	0	0	168
Sample1078	816	0	0	169
Sample1079	401	0	618	0
Sample1080	275	700	0	0
Sample1081	756	0	252	0
Sample1082	808	184	0	0
Sample1083	769	239	0	0
Sample1084	603	242	0	190
Sample1085	816	176	0	0
Sample1086	788	198	0	0
Sample1087	782	204	0	0
Sample1088	416	280	289	0
Sample1089	850	0	0	131
Sample1090	0	712	323	0
Sample1091	699	301	0	0
Sample1092	769	239	0	0
Sample1093	838	0	0	142
Sample1094	766	226	0	0
Sample1095	562	0	0	438
Sample1096	740	245	0	0
Sample1097	765	0	221	0
Sample1098	797	211	0	0
Sample1099	631	344	0	0
Sample1100	380	329	0	298
Sample1101	776	243	0	0
Sample1102	565	0	0	431
Sample1103	656	0	0	352
Sample1104	446	267	0	268
Sample1105	748	0	260	0
Sample1106	661	339	0	0
Sample1107	656	336	0	0
Sample1108	675	0	189	121
Sample1109	635	0	336	0
Sample1110	859	0	0	141
Sample1111	518	464	0	0
Sample1112	755	226	0	0
Sample1113	604	0	419	0
Sample1114	573	301	0	152
Sample1115	797	183	0	0
Sample1116	416	0	584	0
Sample1117	530	0	478	0
Sample1118	706	273	0	0
Sample1119	435	530	0	0
Sample1120	770	238	0	0
Sample1121	0	477	284	271
Sample1122	512	268	0	221
Sample1123	356	630	0	0
Sample1124	765	235	0	0
Sample1125	710	314	0	0
Sample1126	782	233	0	0
Sample1127	626	358	0	0
Sample1128	733	259	0	0
Sample1129	340	642	0	0
Sample1130	395	0	232	358
Sample1131	801	207	0	0
Sample1132	410	380	0	232
Sample1133	743	284	0	0
Sample1134	293	675	0	0
Sample1135	382	321	0	311
Sample1136	0	564	260	192
Sample1137	770	230	0	0
Sample1138	739	275	0	0
Sample1139	585	0	300	142
Sample1140	444	524	0	0
Sample1141	410	0	562	0
Sample1142	410	0	562	0
Sample1143	434	587	0	0
Sample1144	476	351	0	196
Sample1145	597	0	0	399
Sample1146	739	287	0	0
Sample1147	291	684	0	0
Sample1148	804	188	0	0
Sample1149	739	297	0	0
Sample1150	785	207	0	0
Sample1151	342	659	0	0
Sample1152	390	250	0	375
Sample1153	410	0	562	0
Sample1154	269	704	0	0
Sample1155	696	0	0	291
Sample1156	989	0	0	0
Sample1157	743	243	0	0
Sample1158	677	331	0	0
Sample1159	270	705	0	0
Sample1160	385	294	0	328
Sample1161	821	0	0	193
Sample1162	785	200	0	0
Sample1163	513	261	0	199
Sample1164	798	210	0	0
Sample1165	307	675	0	0
Sample1166	845	0	0	140
Sample1167	404	288	0	304
Sample1168	613	395	0	0
Sample1169	872	0	0	136
Sample1170	336	378	265	0
Sample1171	308	659	0	0
Sample1172	748	244	0	0
Sample1173	963	0	0	0
Sample1174	869	0	0	119
Sample1175	728	280	0	0
Sample1176	692	316	0	0
Sample1177	978	0	0	0
Sample1178	347	633	0	0
Sample1179	766	226	0	0
Sample1180	766	220	0	0
Sample1181	805	209	0	0
Sample1182	0	813	0	209
Sample1183	778	222	0	0
Sample1184	755	0	253	0
Sample1185	980	0	0	0
Sample1186	847	0	0	145
Sample1187	771	250	0	0
Sample1188	735	279	0	0
Sample1189	327	512	0	178
Sample1190	825	0	0	155
Sample1191	356	629	0	0
Sample1192	285	697	0	0
Sample1193	0	338	690	0
Sample1194	263	713	0	0
Sample1195	773	227	0	0
Sample1196	794	206	0	0
Sample1197	377	300	0	321
Sample1198	701	318	0	0
Sample1199	801	207	0	0
Sample1200	330	650	0	0
Sample1201	285	697	0	0
Sample1202	809	0	0	191
Sample1203	740	268	0	0
Sample1204	775	217	0	0
Sample1205	615	397	0	0
Sample1206	791	201	0	0
Sample1207	747	245	0	0
Sample1208	485	0	539	0
Sample1209	782	190	0	0
Sample1210	855	0	0	130
Sample1211	629	356	0	0
Sample1212	744	256	0	0
Sample1213	870	0	0	130
Sample1214	375	611	0	0
Sample1215	686	0	180	112
Sample1216	743	284	0	0
Sample1217	759	226	0	0
Sample1218	421	236	0	356
Sample1219	377	605	0	0
Sample1220	787	198	0	0
Sample1221	0	672	0	298
Sample1222	811	214	0	0
Sample1223	547	265	0	182
Sample1224	707	0	283	0
Sample1225	724	291	0	0
Sample1226	840	0	0	186
Sample1227	988	0	0	0
Sample1228	514	0	449	0
Sample1229	307	669	0	0
Sample1230	692	0	0	292
Sample1231	450	583	0	0
Sample1232	988	0	0	0
Sample1233	777	203	0	0
Sample1234	740	275	0	0
Sample1235	0	572	192	249
Sample1236	774	206	0	0
Sample1237	805	209	0	0
Sample1238	396	578	0	0
Sample1239	805	187	0	0
Sample1240	0	703	284	0
Sample1241	403	366	0	203
Sample1242	759	241	0	0
Sample1243	247	734	0	0
Sample1244	823	0	0	200
Sample1245	295	684	0	0
Sample1246	835	0	0	173
Sample1247	792	189	0	0
Sample1248	343	685	0	0
Sample1249	774	218	0	0
Sample1250	195	784	0	0
Sample1251	847	0	0	138
Sample1252	511	247	0	229
Sample1253	716	292	0	0
Sample1254	736	256	0	0
Sample1255	758	227	0	0
Sample1256	676	0	190	142
Sample1257	759	241	0	0
Sample1258	724	255	0	0
Sample1259	757	251	0	0
Sample1260	0	621	363	0
Sample1261	375	294	0	349
Sample1262	859	0	0	121
Sample1263	773	219	0	0
Sample1264	718	304	0	0
Sample1265	792	188	0	0
Sample1266	295	679	0	0
Sample1267	374	601	0	0
Sample1268	845	0	0	173
Sample1269	829	0	0	163
Sample1270	408	573	0	0
Sample1271	715	300	0	0
Sample1272	757	0	0	217
Sample1273	773	242	0	0
Sample1274	485	247	0	269
Sample1275	263	718	0	0
Sample1276	404	288	0	323
Sample1277	410	0	562	0
Sample1278	273	711	0	0
Sample1279	841	0	0	145
Sample1280	417	206	0	363
Sample1281	385	265	0	358
Sample1282	608	371	0	0
Sample1283	327	466	0	209
Sample1284	776	224	0	0
Sample1285	0	687	314	0
Sample1286	539	0	425	0
Sample1287	833	0	0	147
Sample1288	353	628	0	0
Sample1289	773	216	0	0
Sample1290	693	315	0	0
Sample1291	544	304	0	171
Sample1292	872	0	0	136
Sample1293	704	288	0	0
Sample1294	682	331	0	0
Sample1295	625	375	0	0
Sample1296	542	246	0	220
Sample1297	447	234	0	327
Sample1298	0	627	338	0
Sample1299	317	701	0	0
Sample1300	761	239	0	0
Sample1301	705	303	0	0
Sample1302	0	0	704	317
Sample1303	518	0	474	0
Sample1304	452	0	556	0
Sample1305	661	0	0	351
Sample1306	629	236	0	169
Sample1307	708	310	0	0
Sample1308	317	656	0	0
Sample1309	795	197	0	0
Sample1310	600	0	383	0
Sample1311	293	693	0	0
Sample1312	0	636	0	338
Sample1313	524	273	0	171
Sample1314	765	220	0	0
Sample1315	367	278	0	357
Sample1316	410	0	562	0
Sample1317	758	250	0	0
Sample1318	784	196	0	0
Sample1319	410	0	562	0
Sample1320	1008	0	0	0
Sample1321	313	655	0	0
Sample1322	410	263	0	342
Sample1323	578	0	0	423
Sample1324	282	686	0	0
Sample1325	854	0	0	146
Sample1326	529	446	0	0
Sample1327	337	630	0	0
Sample1328	355	316	309	0
Sample1329	796	212	0	0
Sample1330	838	0	0	147
Sample1331	293	673	0	0
Sample1332	568	0	0	439
Sample1333	703	305	0	0
Sample1334	0	761	0	212
Sample1335	309	679	0	0
Sample1336	744	241	0	0
Sample1337	778	222	0	0
Sample1338	370	631	0	0
Sample1339	992	0	0	0
Sample1340	330	650	0	0
Sample1341	765	251	0	0
Sample1342	408	627	0	0
Sample1343	741	0	240	0
Sample1344	315	223	479	0
Sample1345	808	219	0	0
Sample1346	985	0	0	0
Sample1347	685	289	0	0
Sample1348	860	0	0	128
Sample1349	282	691	0	0
Sample1350	649	0	332	0
Sample1351	0	832	0	199
Sample1352	780	228	0	0
Sample1353	622	0	0	394
Sample1354	353	629	0	0
Sample1355	309	670	0	0
Sample1356	784	201	0	0
Sample1357	827	0	0	158
Sample1358	593	0	0	422
Sample1359	784	208	0	0
Sample1360	871	0	0	118
Sample1361	345	635	0	0
Sample1362	262	718	0	0
Sample1363	350	625	0	0
Sample1364	677	0	177	125
Sample1365	707	327	0	0
Sample1366	649	0	247	122
Sample1367	874	0	0	145
Sample1368	639	0	219	150
Sample1369	0	816	0	187
Sample1370	734	246	0	0
Sample1371	738	270	0	0
Sample1372	635	346	0	0
Sample1373	324	704	0	0
Sample1374	785	207	0	0
Sample1375	688	312	0	0
Sample1376	825	0	0	163
Sample1377	751	241	0	0
Sample1378	788	192	0	0
Sample1379	865	0	0	122
Sample1380	472	273	0	273
Sample1381	383	601	0	0
Sample1382	0	405	581	0
Sample1383	799	0	0	187
Sample1384	608	270	0	156
Sample1385	366	616	0	0
Sample1386	726	282	0	0
Sample1387	741	259	0	0
Sample1388	766	242	0	0
Sample1389	787	221	0	0
Sample1390	221	768	0	0
Sample1391	423	604	0	0
Sample1392	493	497	0	0
Sample1393	436	544	0	0
Sample1394	989	0	0	0
Sample1395	787	228	0	0
Sample1396	694	188	0	118
Sample1397	786	206	0	0
Sample1398	981	0	0	0
Sample1399	759	241	0	0
Sample1400	770	0	222	0
Sample1401	757	243	0	0
Sample1402	625	0	417	0
Sample1403	380	595	0	0
Sample1404	710	271	0	0
Sample1405	743	249	0	0
Sample1406	0	1014	0	0
Sample1407	748	0	244	0
Sample1408	262	719	0	0
Sample1409	798	210	0	0
Sample1410	776	224	0	0
Sample1411	493	292	0	197
Sample1412	0	263	558	180
Sample1413	801	207	0	0
Sample1414	784	216	0	0
Sample1415	375	597	0	0
Sample1416	351	643	0	0
Sample1417	636	0	220	136
Sample1418	764	0	236	0
Sample1419	337	631	0	0
Sample1420	742	0	276	0
Sample1421	737	289	0	0
Sample1422	542	0	0	454
Sample1423	388	249	0	333
Sample1424	548	240	0	192
Sample1425	745	263	0	0
Sample1426	343	630	0	0
Sample1427	801	207	0	0
Sample1428	0	622	359	0
Sample1429	989	0	0	0
Sample1430	379	656	0	0
Sample1431	878	0	0	136
Sample1432	697	0	174	121
Sample1433	410	0	562	0
Sample1434	298	689	0	0
Sample1435	879	0	0	113
Sample1436	751	228	0	0
Sample1437	786	228	0	0
Sample1438	791	194	0	0
Sample1439	410	0	562	0
Sample1440	737	276	0	0
Sample1441	358	677	0	0
Sample1442	771	244	0	0
Sample1443	776	204	0	0
Sample1444	280	686	0	0
Sample1445	324	650	0	0
Sample1446	746	280	0	0
Sample1447	410	564	0	0
Sample1448	778	208	0	0
Sample1449	839	0	0	153
Sample1450	851	0	0	164
Sample1451	550	245	0	206
Sample1452	856	0	0	144
Sample1453	732	254	0	0
Sample1454	482	317	0	220
Sample1455	766	234	0	0
Sample1456	792	200	0	0
Sample1457	777	0	203	0
Sample1458	0	608	210	200
Sample1459	752	256	0	0
Sample1460	270	711	0	0
Sample1461	980	0	0	0
Sample1462	324	692	0	0
Sample1463	389	0	456	184
Sample1464	838	0	0	162
Sample1465	849	0	0	124
Sample1466	770	222	0	0
Sample1467	313	704	0	0
Sample1468	772	255	0	0
Sample1469	822	0	0	178
Sample1470	703	297	0	0
Sample1471	470	501	0	0
Sample1472	337	647	0	0
Sample1473	0	760	0	256
Sample1474	0	637	386	0
Sample1475	780	200	0	0
Sample1476	292	696	0	0
Sample1477	545	280	0	164
Sample1478	770	230	0	0
Sample1479	667	0	191	127
Sample1480	776	203	0	0
Sample1481	584	0	0	424
Sample1482	765	227	0	0
Sample1483	739	240	0	0
Sample1484	830	0	0	148
Sample1485	780	228	0	0
Sample1486	867	0	0	133
Sample1487	539	449	0	0
Sample1488	775	233	0	0
Sample1489	753	232	0	0
Sample1490	844	0	0	134
Sample1491	0	797	0	214
Sample1492	431	596	0	0
Sample1493	604	250	0	182
Sample1494	0	747	0	271
Sample1495	784	208	0	0
Sample1496	551	435	0	0
Sample1497	745	281	0	0
Sample1498	805	187	0	0
Sample1499	981	0	0	0
Sample1500	416	559	0	0
Sample1501	263	711	0	0
Sample1502	578	0	0	441
Sample1503	766	251	0	0
Sample1504	820	0	0	198
Sample1505	704	288	0	0
Sample1506	376	267	0	375
Sample1507	438	0	428	152
Sample1508	0	557	265	181
Sample1509	721	271	0	0
Sample1510	792	200	0	0
Sample1511	713	314	0	0
Sample1512	410	0	562	0
Sample1513	739	276	0	0
Sample1514	788	192	0	0
Sample1515	764	236	0	0
Sample1516	838	0	0	162
Sample1517	495	525	0	0
Sample1518	701	319	0	0
Sample1519	410	0	562	0
Sample1520	271	554	0	192
Sample1521	759	0	241	0
Sample1522	295	706	0	0
Sample1523	796	218	0	0
Sample1524	374	0	268	374
Sample1525	1018	0	0	0
Sample1526	864	0	0	115
Sample1527	835	0	0	150
Sample1528	374	329	0	311
Sample1529	721	271	0	0
Sample1530	334	634	0	0
Sample1531	694	193	0	139
Sample1532	762	230	0	0
Sample1533	190	0	432	377
Sample1534	379	408	0	207
Sample1535	722	299	0	0
Sample1536	859	0	0	149
Sample1537	879	0	0	136
Sample1538	682	326	0	0
Sample1539	750	0	265	0
Sample1540	767	212	0	0
Sample1541	858	0	0	142
Sample1542	0	1015	0	0
Sample1543	416	552	0	0
Sample1544	767	225	0	0
Sample1545	672	342	0	0
Sample1546	563	245	0	159
Sample1547	786	0	206	0
Sample1548	0	606	190	217
Sample1549	785	187	0	0
Sample1550	859	0	0	121
Sample1551	0	561	235	212
Sample1552	190	0	432	377
Sample1553	344	637	0	0
Sample1554	257	730	0	0
Sample1555	364	313	0	338
Sample1556	344	0	469	150
Sample1557	735	245	0	0
Sample1558	704	0	177	119
Sample1559	302	678	0	0
Sample1560	729	271	0	0
Sample1561	868	0	0	112
Sample1562	788	192	0	0
Sample1563	367	657	0	0
Sample1564	190	0	432	377
Sample1565	300	665	0	0
Sample1566	324	663	0	0
Sample1567	515	256	0	238
Sample1568	801	207	0	0
Sample1569	423	585	0	0
Sample1570	338	692	0	0
Sample1571	862	0	0	153
Sample1572	310	703	0	0
Sample1573	830	0	0	170
Sample1574	459	367	0	185
Sample1575	410	0	562	0
Sample1576	468	336	0	208
Sample1577	306	674	0	0
Sample1578	267	706	0	0
Sample1579	844	0	0	171
Sample1580	777	231	0	0
Sample1581	748	0	0	217
Sample1582	863	0	0	145
Sample1583	795	197	0	0
Sample1584	402	632	0	0
Sample1585	855	0	0	130
Sample1586	305	682	0	0
Sample1587	731	254	0	0
Sample1588	321	398	0	295
Sample1589	550	0	474	0
Sample1590	378	602	0	0
Sample1591	819	0	0	196
Sample1592	363	612	0	0
Sample1593	673	354	0	0
Sample1594	732	0	252	0
Sample1595	678	0	0	298
Sample1596	710	308	0	0
Sample1597	304	662	0	0
Sample1598	777	0	223	0
Sample1599	741	0	0	265
Sample1600	738	289	0	0
Sample1601	772	236	0	0
Sample1602	851	0	0	135
Sample1603	1008	0	0	0
Sample1604	0	657	379	0
Sample1605	337	640	0	0
Sample1606	294	680	0	0
Sample1607	766	0	234	0
Sample1608	733	259	0	0
Sample1609	747	245	0	0
Sample1610	788	238	0	0
Sample1611	0	603	433	0
Sample1612	758	270	0	0
Sample1613	710	298	0	0
Sample1614	771	243	0	0
Sample1615	311	654	0	0
Sample1616	753	273	0	0
Sample1617	361	621	0	0
Sample1618	410	0	562	0
Sample1619	0	804	0	198
Sample1620	190	0	432	377
Sample1621	747	237	0	0
Sample1622	729	0	263	0
Sample1623	464	261	259	0
Sample1624	299	725	0	0
Sample1625	772	236	0	0
Sample1626	349	0	279	380
Sample1627	0	600	172	235
Sample1628	304	470	252	0
Sample1629	783	217	0	0
Sample1630	371	605	0	0
Sample1631	437	0	377	200
Sample1632	648	0	0	368
Sample1633	514	0	469	0
Sample1634	807	193	0	0
Sample1635	758	242	0	0
Sample1636	761	0	0	206
Sample1637	532	455	0	0
Sample1638	763	223	0	0
Sample1639	992	0	0	0
Sample1640	850	0	0	136
Sample1641	786	222	0	0
Sample1642	436	362	0	177
Sample1643	706	307	0	0
Sample1644	340	626	0	0
Sample1645	410	0	562	0
Sample1646	733	293	0	0
Sample1647	391	279	0	348
Sample1648	404	572	0	0
Sample1649	0	635	381	0
Sample1650	334	645	0	0
Sample1651	432	399	0	163
Sample1652	612	0	0	401
Sample1653	319	669	0	0
Sample1654	717	301	0	0
Sample1655	371	610	0	0
Sample1656	410	0	562	0
Sample1657	688	304	0	0
Sample1658	780	250	0	0
Sample1659	773	217	0	0
Sample1660	1008	0	0	0
Sample1661	718	301	0	0
Sample1662	280	693	0	0
Sample1663	658	350	0	0
Sample1664	843	0	0	142
Sample1665	851	0	0	121
Sample1666	0	367	417	234
Sample1667	0	843	0	172
Sample1668	463	510	0	0
Sample1669	288	680	0	0
Sample1670	500	482	0	0
Sample1671	805	209	0	0
Sample1672	514	0	469	0
Sample1673	723	285	0	0
Sample1674	801	207	0	0
Sample1675	783	209	0	0
Sample1676	316	657	0	0
Sample1677	424	602	0	0
Sample1678	779	221	0	0
Sample1679	373	596	0	0
Sample1680	381	278	0	353
Sample1681	753	232	0	0
Sample1682	614	409	0	0
Sample1683	327	648	0	0
Sample1684	605	0	0	376
Sample1685	330	652	0	0
Sample1686	514	0	469	0
Sample1687	802	187	0	0
Sample1688	985	0	0	0
Sample1689	857	0	0	143
Sample1690	737	255	0	0
Sample1691	0	255	570	197
Sample1692	716	264	0	0
Sample1693	746	268	0	0
Sample1694	207	772	0	0
Sample1695	339	688	0	0
Sample1696	395	599	0	0
Sample1697	776	224	0	0
Sample1698	476	351	0	196
Sample1699	431	604	0	0
Sample1700	855	0	0	145
Sample1701	1008	0	0	0
Sample1702	605	238	0	137
Sample1703	585	274	0	170
Sample1704	761	256	0	0
Sample1705	375	598	0	0
Sample1706	534	448	0	0
Sample1707	857	0	0	151
Sample1708	410	0	562	0
Sample1709	719	296	0	0
Sample1710	587	0	278	127
Sample1711	821	0	0	179
Sample1712	762	0	217	0
Sample1713	410	0	562	0
Sample1714	294	419	267	0
