Samples	Signature A	Signature B	Signature C	Signature D	Signature E	Signature F
Sample1	2.52E+00	1.46E+01	1.11E+01	2.35E+01	0.00E+00	6.81E+00
Sample2	2.47E+00	1.00E+00	0.00E+00	6.66E+00	1.13E+01	8.45E+00
Sample3	2.19E+00	0.00E+00	1.32E+00	8.60E+00	8.66E+00	1.05E+01
Sample4	1.40E+00	3.20E+00	1.75E+00	2.71E+00	5.18E+00	2.25E+00
Sample5	2.50E+00	5.71E+00	0.00E+00	2.60E+00	2.40E+00	7.80E+00
Sample6	1.90E+00	2.84E+00	1.57E+00	2.00E+00	1.36E+00	1.84E+00
Sample7	2.94E+00	1.86E+01	5.31E+00	1.18E+01	5.45E+00	1.14E+01
Sample8	3.08E+00	0.00E+00	3.43E+00	5.43E+00	8.93E+00	3.69E+00
Sample9	7.97E+00	2.53E+00	6.80E+00	3.52E+00	2.20E+00	9.07E+00
Sample10	1.80E+00	4.49E+00	1.96E+00	5.91E+00	1.00E+01	5.42E+00
Sample11	5.80E+00	7.84E+00	2.64E+00	0.00E+00	4.07E+00	3.49E+00
Sample12	1.66E+00	1.00E+01	1.80E+00	1.00E+00	7.34E+00	9.43E+00
Sample13	3.26E+00	0.00E+00	2.18E+00	3.40E+00	5.81E+00	4.63E+00
Sample14	4.66E+00	4.42E+00	5.60E+00	4.67E+00	8.51E+00	8.46E+00
Sample15	8.00E-01	6.14E+00	3.29E+00	0.00E+00	5.45E+00	5.18E+00
Sample16	2.00E+00	3.02E+00	4.15E+00	0.00E+00	1.40E+00	2.53E+00
Sample17	6.00E+00	0.00E+00	7.40E+00	0.00E+00	0.00E+00	1.40E+00
Sample18	8.67E+00	2.44E+01	7.64E+00	1.53E+01	1.04E+01	5.62E+00
Sample19	0.00E+00	0.00E+00	5.10E+00	9.36E+00	1.01E+01	9.32E+00
Sample20	1.00E+00	0.00E+00	2.20E+00	5.40E+00	6.48E+00	3.40E+00
Sample21	1.80E+00	0.00E+00	3.51E+00	3.16E+00	4.99E+00	6.52E+00
Sample22	3.03E+00	0.00E+00	1.10E+00	7.04E+00	9.32E+00	4.51E+00
Sample23	4.72E+00	1.18E+01	7.17E+00	8.44E+00	0.00E+00	8.00E-01
Sample24	0.00E+00	1.03E+01	4.31E+00	0.00E+00	3.20E+00	8.38E+00
Sample25	2.59E+00	2.13E+00	2.28E+00	1.01E+01	8.36E+00	3.30E+00
Sample26	7.17E+00	8.00E-01	1.81E+00	2.00E-01	7.71E+00	1.03E+01
Sample27	2.00E-01	3.34E+00	2.52E+00	3.70E+00	8.71E+00	8.87E+00
Sample28	5.83E-01	0.00E+00	1.44E+00	9.40E+00	9.71E+00	2.58E+00
Sample29	8.00E-01	0.00E+00	0.00E+00	0.00E+00	0.00E+00	8.00E-01
Sample30	2.82E+00	1.11E+01	3.94E+00	6.94E+00	9.46E+00	1.22E+01
Sample31	3.43E+00	4.52E+00	3.68E+00	4.93E+00	6.86E+00	7.68E+00
Sample32	2.00E-01	2.40E+00	3.85E+00	8.92E+00	8.62E+00	6.55E+00
Sample33	9.53E+00	1.96E+01	8.54E+00	1.00E+01	5.83E+00	4.86E+00
Sample34	3.19E+00	0.00E+00	1.60E+00	9.60E+00	1.07E+01	8.01E+00
Sample35	0.00E+00	4.75E+00	3.50E+00	5.55E+00	6.78E+00	2.58E+00
Sample36	0.00E+00	0.00E+00	1.86E+00	5.59E+00	1.00E+01	9.03E+00
Sample37	3.25E+00	3.49E+00	4.23E+00	4.07E+00	8.25E+00	4.43E+00
Sample38	2.87E+00	2.20E+00	9.80E-01	6.20E+00	7.03E+00	7.87E+00
Sample39	2.94E+00	9.97E+00	9.48E+00	1.39E+01	1.80E+00	7.60E+00
Sample40	1.60E+00	2.76E+00	6.00E-01	5.72E+00	6.63E+00	7.67E+00
Sample41	3.20E+00	8.37E+00	2.96E+00	5.39E+00	6.85E+00	5.33E+00
Sample42	1.20E+00	0.00E+00	9.27E-01	6.48E+00	9.03E+00	5.01E+00
Sample43	1.20E+00	0.00E+00	1.20E+00	0.00E+00	0.00E+00	0.00E+00
Sample44	2.58E+00	1.35E+01	9.80E-01	0.00E+00	6.65E+00	6.20E+00
Sample45	5.22E+00	8.25E+00	2.94E+00	4.90E+00	4.57E+00	9.80E+00
Sample46	2.40E+00	1.05E+01	7.51E+00	1.57E+00	5.74E+00	4.66E+00
Sample47	2.09E+00	0.00E+00	8.00E-01	2.47E+00	6.88E+00	8.00E+00
Sample48	2.73E+00	0.00E+00	0.00E+00	0.00E+00	4.00E-01	2.80E+00
Sample49	1.60E+00	1.40E+00	1.66E+00	4.90E+00	6.86E+00	5.94E+00
Sample50	4.61E+00	9.80E-01	4.63E+00	5.38E+00	7.90E+00	6.55E+00
Sample51	1.00E+00	9.70E-01	1.86E+00	6.51E+00	5.52E+00	2.80E+00
Sample52	4.22E+00	0.00E+00	5.06E+00	9.80E+00	9.52E+00	4.89E+00
Sample53	1.17E+00	0.00E+00	1.17E+00	0.00E+00	0.00E+00	0.00E+00
Sample54	4.69E+00	0.00E+00	1.60E+00	6.00E-01	6.22E+00	6.73E+00
Sample55	6.93E+00	3.40E+00	2.24E+00	3.28E+00	5.15E+00	7.62E+00
Sample56	1.40E+00	6.51E+00	4.13E+00	1.11E+01	9.21E+00	6.18E+00
Sample57	0.00E+00	3.68E+00	2.47E+00	5.60E+00	2.35E+00	1.50E+00
Sample58	1.98E+00	4.26E+00	3.38E+00	1.26E+00	1.05E+01	1.07E+01
Sample59	2.86E+00	4.92E+00	7.51E+00	3.60E+00	9.30E+00	8.00E-01
Sample60	9.49E-01	0.00E+00	4.62E+00	1.02E+01	9.64E+00	6.69E+00
Sample61	2.13E+00	7.00E+00	1.87E+00	4.20E+00	8.08E+00	5.40E+00
Sample62	2.53E+00	6.19E+00	6.38E+00	0.00E+00	4.52E+00	3.69E+00
Sample63	2.00E-01	0.00E+00	2.16E+00	5.20E+00	5.30E+00	4.20E+00
Sample64	2.66E+00	6.73E+00	2.81E+00	0.00E+00	4.76E+00	7.36E+00
Sample65	1.77E+00	7.85E+00	3.32E+00	8.40E+00	7.08E+00	1.08E+01
Sample66	8.00E-01	2.81E+00	4.07E+00	3.20E+00	8.41E+00	7.10E+00
Sample67	5.83E-01	0.00E+00	1.40E+00	5.11E+00	6.73E+00	4.07E+00
Sample68	1.99E+00	9.30E+00	2.45E+00	0.00E+00	8.51E+00	1.36E+00
Sample69	3.12E+00	0.00E+00	2.06E+00	3.40E+00	6.04E+00	6.91E+00
Sample70	2.18E+00	2.66E+00	1.40E+00	5.56E+00	7.91E+00	9.79E+00
Sample71	3.87E+00	0.00E+00	4.15E+00	7.98E+00	6.40E+00	7.16E+00
Sample72	0.00E+00	1.20E+00	2.23E+00	3.84E+00	4.13E+00	6.02E+00
Sample73	0.00E+00	3.42E+00	2.37E+00	6.06E+00	6.22E+00	3.45E+00
Sample74	2.20E+00	0.00E+00	2.33E+00	8.80E+00	1.01E+01	3.23E+00
Sample75	2.97E+00	3.09E+00	2.14E+00	7.27E+00	6.75E+00	8.79E+00
Sample76	3.30E+00	1.40E+00	8.00E-01	5.46E+00	6.97E+00	6.72E+00
Sample77	6.58E+00	1.18E+01	8.53E+00	1.19E+01	3.56E+00	2.40E+00
Sample78	8.00E-01	5.48E+00	4.85E+00	5.54E+00	5.43E+00	7.68E+00
Sample79	2.23E+00	3.84E+00	3.80E+00	1.00E+00	2.80E+00	1.80E+00
Sample80	2.36E+00	0.00E+00	2.36E+00	0.00E+00	0.00E+00	0.00E+00
Sample81	3.99E+00	0.00E+00	2.50E+00	8.34E+00	1.08E+01	9.94E+00
Sample82	2.80E+00	1.20E+00	3.17E+00	4.73E+00	6.55E+00	9.17E+00
Sample83	1.17E+00	5.80E+00	3.41E+00	1.60E+00	2.80E+00	6.80E+00
Sample84	4.66E+00	7.85E+00	2.58E+00	2.73E+00	2.20E+00	3.89E+00
Sample85	4.60E+00	1.08E+01	1.46E+00	0.00E+00	3.40E+00	4.91E+00
Sample86	3.12E+00	7.95E+00	1.36E+00	0.00E+00	1.20E+00	5.88E+00
Sample87	3.18E+00	1.20E+00	4.60E+00	7.07E+00	7.93E+00	1.86E+00
Sample88	2.13E+00	5.08E+00	5.84E+00	8.31E+00	9.56E+00	1.00E+00
Sample89	8.00E-01	4.06E+00	1.11E+00	4.40E+00	6.80E+00	4.82E+00
Sample90	0.00E+00	0.00E+00	1.94E+00	5.95E+00	7.19E+00	2.33E+00
Sample91	0.00E+00	7.50E+00	0.00E+00	1.01E+01	9.22E+00	2.96E+00
Sample92	2.80E+00	3.19E+00	1.75E+00	7.40E+00	6.76E+00	7.45E+00
Sample93	5.30E+00	2.76E+00	2.40E+00	2.33E+00	6.79E+00	9.48E+00
Sample94	3.89E+00	9.70E-01	2.77E+00	3.74E+00	2.71E+00	4.19E+00
Sample95	4.17E+00	0.00E+00	2.40E+00	1.02E+01	7.79E+00	7.52E+00
Sample96	1.91E+00	1.00E+00	3.16E+00	4.46E+00	9.26E+00	7.05E+00
Sample97	1.40E+00	2.40E+00	2.53E+00	8.39E+00	6.73E+00	7.19E+00
Sample98	3.06E+00	1.02E+01	6.69E+00	5.32E+00	9.71E+00	7.62E+00
Sample99	0.00E+00	9.31E+00	6.91E+00	1.61E+01	5.70E+00	5.02E+00
Sample100	0.00E+00	0.00E+00	4.99E+00	6.13E+00	1.24E+01	8.98E+00
