MutationType	Signature A	Signature B	Signature C	Signature D	Signature E	Signature F	Signature G	Signature H
A[C>A]A	3.04E-03	9.96E-08	2.68E-06	2.75E-03	1.86E-07	2.76E-03	2.61E-03	2.97E-03
A[C>A]C	4.15E-03	6.93E-07	4.63E-03	2.97E-03	6.04E-04	3.12E-03	1.38E-07	7.77E-04
A[C>A]G	1.41E-04	2.57E-07	8.04E-07	5.30E-07	2.64E-07	2.30E-04	1.85E-07	7.70E-05
A[C>A]T	1.36E-07	5.22E-07	1.30E-03	1.93E-06	1.29E-06	1.21E-03	5.90E-04	2.05E-07
A[C>G]A	6.21E-03	5.19E-03	1.74E-03	3.25E-03	3.86E-03	1.49E-03	4.56E-03	5.13E-03
A[C>G]C	8.68E-08	5.13E-03	3.54E-03	3.62E-03	5.17E-03	4.17E-04	2.26E-07	6.20E-04
A[C>G]G	6.67E-08	5.08E-08	1.79E-07	1.22E-07	6.73E-08	8.09E-08	3.59E-08	1.08E-07
A[C>G]T	2.24E-04	6.52E-04	2.44E-03	7.96E-04	1.39E-06	9.73E-04	1.94E-07	5.43E-04
A[C>T]A	1.27E-02	1.52E-02	1.28E-02	1.15E-02	1.27E-02	9.64E-03	5.19E-03	9.82E-03
A[C>T]C	1.24E-02	9.38E-03	1.60E-02	1.27E-02	1.29E-02	3.50E-03	5.27E-03	9.65E-03
A[C>T]G	5.48E-03	4.41E-03	3.74E-03	1.14E-02	3.01E-03	5.62E-03	7.77E-03	6.59E-03
A[C>T]T	6.84E-03	1.45E-02	1.48E-02	1.18E-02	1.12E-02	6.58E-03	3.81E-03	9.82E-03
A[T>A]A	2.16E-03	4.85E-04	2.18E-04	2.71E-03	6.36E-07	3.04E-03	2.56E-07	2.11E-03
A[T>A]C	3.05E-03	3.91E-03	4.45E-03	2.26E-03	5.05E-03	2.14E-03	4.60E-03	2.08E-03
A[T>A]G	2.55E-03	2.23E-04	6.89E-04	4.61E-03	1.04E-03	1.68E-03	2.23E-07	3.53E-03
A[T>A]T	7.50E-04	1.14E-06	3.74E-06	8.12E-04	5.71E-04	1.09E-04	1.55E-03	2.09E-03
A[T>C]A	8.94E-03	1.23E-02	1.81E-02	1.25E-02	9.63E-03	8.73E-03	6.87E-03	1.59E-02
A[T>C]C	9.57E-03	5.96E-03	3.91E-03	7.53E-03	1.68E-03	2.62E-03	5.16E-03	1.09E-02
A[T>C]G	1.31E-02	6.08E-03	5.13E-03	1.32E-02	6.21E-03	8.72E-03	6.55E-03	1.07E-02
A[T>C]T	1.08E-02	1.16E-02	2.13E-02	1.58E-02	5.96E-03	7.58E-03	5.39E-03	1.09E-02
A[T>G]A	5.28E-03	1.09E-02	1.17E-02	5.32E-03	1.16E-02	4.16E-03	1.65E-07	9.18E-03
A[T>G]C	5.15E-03	3.16E-07	4.13E-04	1.54E-03	4.73E-07	3.40E-03	4.19E-07	4.09E-03
A[T>G]G	3.76E-04	5.63E-07	1.27E-06	3.82E-04	5.67E-04	1.03E-04	3.07E-06	3.20E-04
A[T>G]T	2.94E-03	5.24E-04	1.87E-04	1.86E-03	7.44E-07	7.52E-04	1.61E-07	3.49E-03
C[C>A]A	3.45E-07	3.62E-07	1.14E-03	5.82E-04	2.52E-07	1.41E-03	3.45E-03	3.04E-03
C[C>A]C	2.48E-04	7.76E-07	5.98E-07	3.33E-04	1.57E-04	8.69E-08	7.28E-07	3.39E-04
C[C>A]G	1.83E-07	7.68E-05	2.17E-07	8.88E-04	2.81E-04	1.98E-04	3.71E-07	7.49E-04
C[C>A]T	1.05E-07	2.22E-07	1.08E-03	5.54E-04	3.77E-07	1.63E-03	6.60E-07	1.33E-03
C[C>G]A	5.79E-03	2.86E-03	4.31E-03	3.16E-03	3.73E-03	6.80E-04	1.15E-07	1.75E-03
C[C>G]C	1.22E-07	1.96E-06	4.03E-04	1.70E-07	3.02E-07	6.43E-07	2.43E-03	2.62E-07
C[C>G]G	6.67E-08	5.08E-08	1.79E-07	1.22E-07	6.73E-08	8.09E-08	3.59E-08	1.08E-07
C[C>G]T	6.67E-08	5.08E-08	1.79E-07	1.22E-07	6.73E-08	8.09E-08	3.59E-08	1.08E-07
C[C>T]A	3.40E-04	2.25E-03	3.98E-03	3.79E-03	4.60E-04	1.46E-03	1.76E-07	1.80E-03
C[C>T]C	3.16E-03	5.33E-03	7.09E-03	5.16E-03	4.11E-03	1.48E-03	1.87E-07	4.06E-03
C[C>T]G	1.02E-02	1.12E-02	8.47E-03	7.00E-03	6.76E-03	4.21E-04	4.07E-03	1.32E-02
C[C>T]T	2.65E-03	6.35E-03	8.74E-03	4.21E-03	1.15E-02	2.48E-03	2.32E-03	3.42E-03
C[T>A]A	5.09E-04	3.99E-04	7.26E-07	1.36E-03	2.83E-07	2.89E-03	4.10E-07	2.34E-03
C[T>A]C	5.50E-03	5.91E-03	8.51E-03	8.83E-03	5.66E-03	2.24E-03	3.39E-03	5.16E-03
C[T>A]G	2.04E-04	2.77E-03	9.34E-03	1.76E-03	1.40E-03	9.49E-03	2.56E-07	3.01E-03
C[T>A]T	4.29E-07	2.17E-07	8.40E-04	1.52E-07	8.14E-07	1.11E-03	4.11E-07	6.61E-04
C[T>C]A	2.58E-03	6.85E-03	6.67E-03	5.51E-03	7.03E-03	3.97E-03	2.88E-03	7.35E-03
C[T>C]C	3.78E-03	5.00E-07	1.11E-06	8.15E-03	2.54E-03	2.49E-03	8.27E-07	4.07E-03
C[T>C]G	5.60E-04	4.75E-04	2.63E-07	1.94E-05	1.95E-03	1.84E-03	2.28E-03	3.46E-03
C[T>C]T	1.66E-03	1.02E-02	4.97E-03	7.91E-03	6.77E-03	2.96E-03	8.32E-07	1.45E-03
C[T>G]A	4.57E-03	1.82E-03	1.32E-06	2.60E-03	3.31E-06	4.70E-03	5.19E-07	6.93E-03
C[T>G]C	4.59E-04	1.06E-03	6.23E-03	3.37E-03	5.36E-07	2.05E-03	7.86E-07	4.26E-03
C[T>G]G	6.83E-03	4.99E-03	6.70E-03	3.69E-03	4.98E-03	6.54E-04	2.03E-07	2.90E-03
C[T>G]T	1.90E-04	2.16E-03	6.41E-04	1.28E-03	2.08E-07	9.18E-04	5.74E-04	2.28E-03
G[C>A]A	1.51E-07	2.74E-07	3.40E-04	4.74E-07	1.45E-07	3.00E-04	3.45E-07	1.04E-03
G[C>A]C	5.70E-04	3.93E-07	4.32E-07	5.12E-04	2.95E-07	6.99E-08	5.00E-03	1.96E-03
G[C>A]G	1.41E-06	4.13E-03	6.11E-03	1.08E-02	6.51E-03	3.67E-07	2.62E-07	1.33E-03
G[C>A]T	2.34E-03	7.13E-03	8.55E-03	5.46E-03	2.89E-03	1.79E-03	2.77E-03	4.35E-03
G[C>G]A	1.59E-04	4.84E-07	1.21E-07	7.70E-04	1.32E-04	9.11E-04	2.81E-04	5.03E-04
G[C>G]C	2.75E-03	5.42E-03	8.94E-03	4.34E-03	3.56E-03	1.48E-03	1.82E-07	1.58E-03
G[C>G]G	1.90E-07	2.37E-07	3.63E-07	1.30E-06	4.08E-04	6.56E-04	2.18E-07	6.63E-04
G[C>G]T	2.56E-03	3.94E-03	3.76E-03	2.54E-03	6.37E-03	1.76E-03	1.67E-07	3.39E-03
G[C>T]A	2.50E-03	4.36E-03	5.05E-03	4.85E-03	4.02E-03	4.56E-03	3.71E-03	6.73E-03
G[C>T]C	1.43E-03	1.24E-06	8.42E-04	3.69E-03	1.63E-03	2.06E-03	8.08E-03	9.81E-03
G[C>T]G	5.52E-07	7.00E-04	8.92E-07	2.99E-03	2.99E-04	3.81E-03	2.05E-03	9.94E-03
G[C>T]T	6.39E-03	3.66E-03	6.22E-03	2.68E-03	1.36E-02	5.38E-03	4.24E-03	2.82E-03
G[T>A]A	2.48E-04	7.75E-07	3.40E-04	3.11E-04	1.64E-04	2.37E-04	6.96E-07	4.02E-04
G[T>A]C	6.64E-04	1.77E-07	2.47E-07	7.12E-04	1.63E-07	9.30E-05	2.93E-07	4.81E-04
G[T>A]G	1.24E-03	2.66E-03	1.39E-03	1.65E-03	1.33E-03	4.27E-04	3.21E-07	2.71E-03
G[T>A]T	8.71E-08	5.13E-03	4.01E-03	2.66E-04	5.14E-03	6.11E-04	2.58E-07	1.39E-03
G[T>C]A	5.10E-03	7.04E-03	1.14E-02	1.10E-02	7.04E-03	2.30E-03	2.93E-03	1.42E-02
G[T>C]C	9.67E-04	1.85E-07	1.44E-04	5.32E-04	8.27E-07	1.81E-03	1.63E-07	4.95E-04
G[T>C]G	4.87E-03	1.71E-03	1.23E-03	1.03E-02	1.29E-07	4.45E-03	6.29E-07	4.64E-03
G[T>C]T	4.69E-03	1.49E-02	5.36E-03	8.41E-03	4.12E-03	3.35E-03	4.89E-03	6.33E-03
G[T>G]A	3.30E-03	4.71E-07	6.87E-04	4.07E-03	3.77E-07	2.25E-03	1.79E-07	2.92E-03
G[T>G]C	1.92E-07	2.18E-07	7.28E-04	2.55E-07	3.02E-07	9.11E-04	7.78E-08	7.72E-07
G[T>G]G	1.03E-06	2.05E-04	1.32E-03	8.42E-04	1.88E-04	2.76E-03	2.26E-07	4.51E-03
G[T>G]T	3.19E-04	2.51E-03	8.80E-04	2.62E-04	1.21E-03	4.13E-04	4.53E-04	5.80E-04
T[C>A]A	1.83E-05	6.09E-03	4.62E-03	3.82E-03	7.62E-03	6.86E-04	1.59E-07	2.43E-03
T[C>A]C	3.69E-03	5.62E-03	5.48E-04	1.30E-02	6.55E-03	2.35E-03	3.43E-07	3.31E-03
T[C>A]G	6.67E-08	5.08E-08	1.79E-07	1.22E-07	6.73E-08	8.09E-08	3.59E-08	1.08E-07
T[C>A]T	1.88E-03	1.19E-03	3.01E-06	1.69E-03	2.14E-04	4.49E-08	1.07E-07	1.95E-03
T[C>G]A	1.90E-07	7.31E-04	2.18E-03	2.57E-04	6.69E-04	1.01E-03	4.94E-07	6.95E-04
T[C>G]C	2.30E-03	2.77E-06	2.42E-03	3.18E-03	4.09E-07	1.86E-03	9.39E-08	2.53E-03
T[C>G]G	6.67E-08	5.08E-08	1.79E-07	1.22E-07	6.73E-08	8.09E-08	3.59E-08	1.08E-07
T[C>G]T	6.61E-08	1.08E-07	3.14E-07	2.39E-07	2.41E-07	9.58E-04	6.94E-08	2.83E-07
T[C>T]A	7.28E-03	7.56E-03	8.55E-03	1.23E-02	7.75E-03	4.94E-03	2.99E-03	8.40E-03
T[C>T]C	3.33E-03	8.26E-03	3.06E-03	7.03E-03	2.34E-03	5.29E-03	4.03E-07	8.74E-03
T[C>T]G	1.37E-07	1.88E-07	1.33E-03	3.16E-07	2.52E-07	3.03E-03	1.21E-07	3.08E-07
T[C>T]T	2.81E-03	7.13E-04	1.11E-02	6.17E-03	2.21E-07	9.66E-03	3.37E-07	3.60E-03
T[T>A]A	6.95E-04	5.98E-04	3.04E-06	1.15E-03	1.41E-04	1.16E-03	3.81E-07	9.54E-04
T[T>A]C	3.23E-03	1.18E-03	2.23E-07	2.64E-03	6.22E-07	1.99E-03	2.25E-07	1.75E-03
T[T>A]G	8.15E-07	7.81E-04	1.99E-07	1.90E-03	1.50E-04	1.72E-03	2.38E-03	2.78E-03
T[T>A]T	1.25E-03	2.03E-04	2.00E-03	4.07E-07	1.05E-03	4.52E-04	4.57E-07	1.37E-03
T[T>C]A	7.11E-03	7.25E-03	5.86E-03	7.38E-03	7.10E-03	4.95E-03	5.42E-07	6.62E-03
T[T>C]C	4.74E-03	2.84E-03	6.04E-03	1.15E-06	4.59E-03	1.85E-03	2.44E-07	1.21E-02
T[T>C]G	4.27E-03	4.56E-03	6.86E-03	4.89E-03	5.70E-03	2.40E-03	2.81E-07	1.91E-02
T[T>C]T	1.47E-18	7.00E-03	9.30E-03	1.08E-02	1.84E-02	3.83E-03	3.62E-03	6.30E-03
T[T>G]A	7.25E-07	5.74E-04	2.05E-04	2.04E-03	5.15E-04	1.20E-04	1.67E-03	1.41E-03
T[T>G]C	1.56E-03	1.11E-03	1.35E-03	1.45E-07	1.53E-07	2.00E-03	5.16E-03	3.15E-03
T[T>G]G	1.56E-04	2.25E-04	4.06E-07	1.55E-07	3.88E-07	2.12E-04	1.03E-07	4.23E-04
T[T>G]T	2.87E-04	6.05E-07	9.88E-04	1.54E-03	3.71E-04	4.21E-04	1.06E-03	5.15E-04
