MutationType	Signature A	Signature B	Signature C	Signature D	Signature E	Signature F	Signature G	Signature H	Signature I	Signature J
A[C>A]A	0.0060309906207813655	0.006418818863688305	0.012852610221747196	0.012232383613819177	0.0061845714871465556	0.0062295964373964875	0.0035517939716998613	0.0030021213307750206	0.012713705252022806	0.005271490475572084
A[C>A]C	0.006087457496989888	0.009315587654170815	0.004128982655291702	0.005953027338208045	0.004735708035259225	0.0025986274391041125	0.008794628284443485	0.004531201243590858	0.0030079045980543747	0.018356350306443545
A[C>A]G	0.005251078422886095	0.01160334131046246	0.00542510849596963	0.005966086518702816	0.002551465457285558	0.008641752405426448	0.012485368678315224	0.010017100452176188	0.006346777605391476	0.0008781121824029362
A[C>A]T	0.005590553413833238	0.006867349341265736	0.008729927054773632	0.00931447004619769	0.004312426541060451	0.006572548005660616	0.006507662098172256	0.006451225252741017	0.0086256324133948	0.007945530606333129
A[C>G]A	0.019318892970687028	0.023928399019385024	0.01260064256982754	0.01606519147238569	0.028796805129166464	0.02690516144565594	0.03264438165215165	0.00707119954035565	0.014770357986572648	0.010931575493532072
A[C>G]C	0.005520461387321021	0.009778068067683474	0.003994131022075055	0.010863247078426532	0.004969465142984545	0.006688707448676655	0.0029465438388811722	0.006221835498130858	0.011481661730035862	0.005476274028391227
A[C>G]G	0.0022193016965023895	0.005945233566842775	0.007712022465691144	0.011866392829264731	0.003276366679796989	0.005172037851541614	0.009955599469136163	0.004000778207437147	0.011626658749550801	0.005745689183631563
A[C>G]T	0.007685581949585252	0.005827274670148875	0.002479016353824819	0.010539082885925552	0.008707147341605773	0.009509616842362848	0.00525440874211648	0.006701628858646894	0.004954697587227402	0.004764024915139341
A[C>T]A	0.03167993031347217	0.049097359713744945	0.06134782550055903	0.04981568977544613	0.020484910506491212	0.0261805418117261	0.03552175970499518	0.03654475196074168	0.01130550797179505	0.014483245505731771
A[C>T]C	0.010419807887687883	0.006220525567660338	0.0066698451231977565	0.004373929813318422	0.00378981128390893	0.004337686040286913	0.009728913778649213	0.005786713612728643	0.011548676676190932	0.01185901471633824
A[C>T]G	0.012676889918682235	0.02709962614000685	0.029861192690696953	0.023402293979693678	0.022081286429720088	0.02033534338630294	0.029300388031409594	0.011600671257252683	0.011500732043562854	0.015829082921156725
A[C>T]T	0.023654537854924614	0.04061504972490655	0.011922840055265647	0.0043571334456712855	0.01023426341663293	0.0349499751853489	0.03543259130420564	0.013990269933189026	0.020110995411799018	0.0179782402259849
A[T>A]A	0.0035324557770734268	0.006225169505283405	0.005169720987521675	0.015612364752361304	0.0058422752906265975	0.008168335633322586	0.00745626861745552	0.013578248577258815	0.003909615991904623	0.0037443013485708478
A[T>A]C	0.008788992031968992	0.01841925936154296	0.031464359553339136	0.02646622259975686	0.016944507762826654	0.018371083315227937	0.010426023108525431	0.030737423395382477	0.009552238071576298	0.018051792940394
A[T>A]G	0.004063500498828895	0.007982939969069187	0.0018281069376474446	0.013162630994752605	0.006182059519519797	0.003546031243732851	0.00725699333454702	0.011274301232992778	0.005178152966126509	0.005545012396377649
A[T>A]T	0.01297620076743502	0.007688864306251738	0.0023654798471395224	0.004074688403909304	0.004080897112198399	0.005930556495356563	0.008013089919163725	0.004738693841342211	0.010891921012491246	0.004078710151369748
A[T>C]A	0.01874634840524298	0.029451592492849468	0.017310770230855976	0.011228435891548686	0.012791692706645204	0.03198959839762927	0.025286880506090646	0.011509822308240877	0.01657267184199312	0.026945137529748912
A[T>C]C	0.005347385642962013	0.0035063576231439877	0.008389351029861526	0.008768140119230513	0.016569338704425323	0.015426541946218921	0.004399522193865997	0.007714454815857103	0.019921364409621767	0.004699918321862841
A[T>C]G	0.007625551517197399	0.00784121160699449	0.002571984990033641	0.006814182787549907	0.016139615093443936	0.005759702545645846	0.006631098911914535	0.006381260169841221	0.002858663451390241	0.008412491001902429
A[T>C]T	0.017594147748813415	0.011174312635338718	0.021809085555754164	0.036382807203025815	0.022599474290309295	0.039194552055301535	0.023770796956850613	0.017037381459046916	0.015805678301122564	0.020563450130129016
A[T>G]A	0.013309195844988934	0.007142153147243623	0.004286235555354558	0.007274261719924929	0.005852879115480103	0.009945137330683751	0.0051783655169545615	0.003987948000324967	0.007204658914700027	0.0057634632207410365
A[T>G]C	0.004617117890550833	0.005704062039475947	0.002348472852346305	0.009676269190083232	0.010255257459141978	0.008973111246202967	0.004750338753942032	0.012390048608097025	0.006967392920196229	0.009609549555743144
A[T>G]G	0.00977728290871976	0.0035968564479023227	0.011998075219399926	0.006245663193948413	0.006411441258632534	0.007191548849297715	0.011552818945549366	0.008946828078822341	0.0010781281084668265	0.005755676931721049
A[T>G]T	0.004789760832767789	0.005121011595522371	0.012658281708993826	0.006954513614246337	0.007457036483238543	0.011278281603975707	0.0065480031887720615	0.002090007943909272	0.002038666623738335	0.009212963998517997
C[C>A]A	0.004390629499559516	0.006446985323089412	0.011208640111415348	0.008256556978813511	0.006825444372525765	0.0009480738869305786	0.006593597423468743	0.004361498549858147	0.011222014486035006	0.008366215565418361
C[C>A]C	0.006944094491502982	0.005521799379015875	0.0027882361567063666	0.007636945675639275	0.016276568377329645	0.0016970990471746584	0.0061089602379880165	0.0038456108722565306	0.006185722211863852	0.003020706486329668
C[C>A]G	0.008760334631136728	0.003864584458790071	0.008603284836931135	0.009167951111937814	0.0018369357410543093	0.011124360690870807	0.0020233717932240138	0.010085083370346847	0.008376808762011915	0.007100308944047662
C[C>A]T	0.006226935566697673	0.00427348567931708	0.010251260284658673	0.006994485327969759	0.008039069468910677	0.005116027404953222	0.005976107060103935	0.007829151019586698	0.012224533246184138	0.009484189664078374
C[C>G]A	0.010188088226850637	0.005960780393815037	0.005220420965007833	0.007423439000668398	0.007091758665408407	0.010009504493306346	0.0076807599256605436	0.005205957476319049	0.007810042878349301	0.004439105738052387
C[C>G]C	0.009055315496637802	0.007938491460750634	0.006452309458420484	0.007064369713676814	0.004235986950515696	0.005592164586452841	0.004171107287926456	0.004813330506667608	0.013848446363104974	0.0038858401785329573
C[C>G]G	0.007084480687797877	0.006216346685092999	0.006536881910544749	0.007844038051332002	0.0032858413747737306	0.007669541107301435	0.0022585997179540318	0.008981714841559716	0.007586574859001611	0.0015573662383888663
C[C>G]T	0.007598763812175447	0.005193704349180953	0.00569927052199532	0.010893966346939555	0.0024346435244297793	0.0047701613796166656	0.004431645028337586	0.010324347540931596	0.006681375658087839	0.012835708813805411
C[C>T]A	0.007618005398173861	0.008428428428886964	0.0062722239866770495	0.013957690392070916	0.008955974139856163	0.003362764900342945	0.0019609620200251336	0.0052134169448796635	0.0048207526735022255	0.008198784687748146
C[C>T]C	0.008131857300338777	0.008507255584991746	0.006949241323026748	0.0031985944777022527	0.0036127436862700675	0.004509489101733749	0.008725584623861924	0.006681943084653499	0.006116651516927263	0.014129309568247612
C[C>T]G	0.028245603866543303	0.016021922968559678	0.025483392594939692	0.01443494634988094	0.011796173358861513	0.01209692909250661	0.02980210935163175	0.022228135177917132	0.013283780271328469	0.00786798877685614
C[C>T]T	0.026809153983523293	0.03641371336164048	0.017600358657876132	0.054771760888329274	0.021811799347539837	0.0370848066423545	0.02496467978151657	0.032535040157916625	0.023823055403084128	0.0563431625307029
C[T>A]A	0.006335461997463821	0.006053016595283694	0.007884654380411645	0.011081557792499658	0.013066019815050685	0.010646171095980666	0.0034918341153219656	0.007745982369498565	0.01004580660098202	0.002706087886536508
C[T>A]C	0.022049667484761615	0.034361261515464585	0.010662362041982818	0.008611595069842274	0.014640985859061751	0.006811560077381819	0.025498479241733436	0.013708526127416566	0.01994944885263963	0.017165438386030674
C[T>A]G	0.011234520888678321	0.004351053134075499	0.006524767052549948	0.009323981061724032	0.006845553007274315	0.005328560390642208	0.004785663169150629	0.007054431386689007	0.004040279738677516	0.008019607615777635
C[T>A]T	0.009934033094153626	0.004580328145541057	0.002212159393900446	0.00495520008816	0.001157960014884443	0.00844309028984926	0.004099444142633148	0.012144101610336794	0.00586837084819811	0.0154735468447088
C[T>C]A	0.030873449280539103	0.018363771454446363	0.018411189407512032	0.02014102804205477	0.028914192000163354	0.01952335254929477	0.008472844762098992	0.03401679010433574	0.011962104562407306	0.01878585412717341
C[T>C]C	0.0017956318554301816	0.008314904739930724	0.0067976281504693575	0.016007847190348045	0.01783469832791825	0.007403818076679962	0.015950953282862775	0.013078456377192533	0.013178589756619452	0.002827899647331978
C[T>C]G	0.011546065219516923	0.0031588067580831155	0.004194687884990743	0.0026249954067548375	0.008720557303430505	0.006852512537929059	0.011218693643286908	0.006272961850687703	0.005765636157714922	0.00765521972644307
C[T>C]T	0.018620719306198342	0.010086537054925496	0.019665387512835194	0.020736553622118365	0.01212522099496653	0.027260943997124823	0.01325264996525683	0.02275452962006415	0.019761291679912356	0.020108465882226367
C[T>G]A	0.00586636340148603	0.0073214471942182596	0.009000970740166541	0.009838166285579396	0.00565420087927912	0.004678160570292552	0.005397386831468135	0.007947734479101735	0.007912035737111113	0.0021881418406256275
C[T>G]C	0.009129355661347783	0.005137300204819734	0.012579566372078826	0.004611291375539295	0.010803807010766508	0.0020572279814150708	0.00775364744383574	0.008585665908896537	0.00884499062681978	0.0052278419389272645
C[T>G]G	0.011049061492406217	0.004607632942258194	0.005583334226269932	0.012945249088257265	0.0035275784289730823	0.003987462939035019	0.007022162602012334	0.0051064567901645775	0.008009150018120166	0.004697790146939199
C[T>G]T	0.00627486083322247	0.005248291889046228	0.004203156119176352	0.0043836031299401635	0.00788142513665677	0.0064192612243176	0.00909395949400804	0.008550438150549691	0.002772655061525961	0.01411824949792732
G[C>A]A	0.008320275355905935	0.004055016659934351	0.003480217121312727	0.0027483595485574466	0.007871533915733522	0.005005088559996468	0.0032169906970709095	0.010316025702772735	0.006271407026737461	0.012650485393570731
G[C>A]C	0.005135596394929515	0.003731190648158647	0.004507266445183332	0.0065677103933518485	0.006215018654988172	0.007101023593391606	0.010272395881900032	0.01088271750252194	0.006504885224393816	0.005717878551113586
G[C>A]G	0.0025411727138716076	0.004380521774618297	0.006904371011580402	0.006017756506767462	0.008508175527791097	0.005330844336970402	0.010253707085956399	0.005381910280602609	0.01001667833056656	0.0028401571323591955
G[C>A]T	0.006412425185264712	0.02302009703387931	0.015734584813254876	0.009694327277572601	0.04295546029211386	0.034685355226937185	0.01577035186694465	0.023877812334252298	0.026543545575606748	0.03172516288689474
G[C>G]A	0.003953381161280983	0.008492591771864049	0.012690167969275315	0.008102954618034265	0.009166847838274764	0.004769084202206262	0.0072148939802382	0.004127535764505657	0.005002995451834828	0.004732180876121669
G[C>G]C	0.015139659967856857	0.021876276428653304	0.03379761518141814	0.021145062140072526	0.02077962540191436	0.014324070630684187	0.022774157878097147	0.021106185120575827	0.017990267129521918	0.015192602515206176
G[C>G]G	0.0050728118161008865	0.0026220260147639795	0.011617918164717697	0.006343416993983069	0.007868955649282233	0.004224587167105246	0.006922504979669633	0.006403712203054593	0.008964313380723208	0.008769302668406951
G[C>G]T	0.017003581544415808	0.012823519685326499	0.029219726239937786	0.027709989574816428	0.015803845147632663	0.011352215559534315	0.03384000232353673	0.018496991216099642	0.018677735356343175	0.012529774142730403
G[C>T]A	0.007500578827682295	0.009758033684709209	0.008895552477196643	0.009042142943958711	0.011138848445746124	0.004343566654435854	0.008655225238915435	0.0043739807754012965	0.008201070875443296	0.008942200544762639
G[C>T]C	0.00231278389484286	0.006568000337649345	0.005916900611442327	0.006919957080612981	0.01332591905735294	0.008768403075314905	0.007510490546012057	0.005080317477980478	0.014719061830041874	0.009318478641014975
G[C>T]G	0.010958863871164999	0.006882240011238442	0.007054118493293087	0.006339702556517789	0.0028453022570131105	0.00481459501366845	0.009846846598550462	0.006144645197665093	0.005581664364039162	0.008626873857621635
G[C>T]T	0.005789876295631283	0.006881652667398678	0.009512581144831337	0.0073899468658281675	0.002008182582728495	0.006506136931461884	0.0108962434178187	0.006086671189287544	0.008080090862501157	0.005611312196479787
G[T>A]A	0.008400086028171357	0.005932037891797295	0.008554502630916762	0.01046241101561055	0.002201615431099475	0.0018935714245406588	0.009914326644907663	0.0053748333000642285	0.004737895664392133	0.006184320471093333
G[T>A]C	0.008171978405789027	0.006094176106917679	0.006077261031338078	0.0020754445826525964	0.004359200516065273	0.009099104331685148	0.013855142353340318	0.009524192868817966	0.004527466755817283	0.000978418506640242
G[T>A]G	0.00744504456784199	0.00662278345599997	0.0048865240020546305	0.0062218093704985026	0.006362189712078286	0.004360716667029628	0.006376569392633827	0.009433159171695954	0.005333994922943069	0.01066252321443945
G[T>A]T	0.012909166518715279	0.0027630106618207625	0.009996034313872578	0.005269966564450657	0.0035639582123814934	0.003625832169777933	0.0036106403701209227	0.009718867659393712	0.00952110942691001	0.009058845278291858
G[T>C]A	0.008862540176397165	0.005488493000648903	0.012019243213365876	0.010182126219785297	0.01930274999801613	0.008419128432973955	0.0027274868336271654	0.008922072450259933	0.0044851643784059566	0.004908136382791696
G[T>C]C	0.0113376731341246	0.007205755948689897	0.005540619232905738	0.009042824100037719	0.005887273838604384	0.005984772669838468	0.003096043905248938	0.002371500714264928	0.004223956388886592	0.0133465643874468
G[T>C]G	0.00375878245273777	0.007492494156271879	0.009484831919412056	0.0035404543957218114	0.00492184794888171	0.005425274961187114	0.004189729012564113	0.006418742009272914	0.012492335154265951	0.00993636014679368
G[T>C]T	0.021161725752825666	0.020279552714691135	0.021967732924195918	0.007126164503780453	0.03768797949965913	0.014732989090365276	0.021830803106150452	0.018195389832943026	0.017495154539083978	0.014597237670851654
G[T>G]A	0.006008748697410325	0.006795190858224786	0.00709633465422089	0.004752726118896924	0.014281006727766093	0.00505039727291523	0.0034362191961967103	0.007564281724731735	0.00837801367858364	0.005260114851334515
G[T>G]C	0.0063910417005102645	0.004207556832303812	0.013259735577991164	0.0036442251076850857	0.01247857523428475	0.007054061592656563	0.007650787560460871	0.004880890506420087	0.0026136360583492585	0.000671095541586545
G[T>G]G	0.005276903901355207	0.009280564019801322	0.004458507814585367	0.007890891478310916	0.0010575666835179961	0.005501769818474139	0.0044269813604018654	0.006417411409450135	0.010338592969700692	0.012715648688462106
G[T>G]T	0.0063235982784205025	0.008443738560183111	0.007638465103352693	0.008043112638800302	0.006428418239911421	0.00714252034576058	0.00814098668693785	0.003538154441562211	0.006260917399867837	0.0024935308035178745
T[C>A]A	0.01365164289893771	0.011330044099091878	0.007057658814542294	0.012642564353175229	0.01659178120691628	0.03029317761289022	0.03360024708565035	0.022690085717861137	0.026732038724200723	0.033245006335841834
T[C>A]C	0.006964776322807774	0.007610327094204226	0.005672053243019223	0.002952493442019197	0.0063440520898877745	0.003323376262442789	0.00453010174108724	0.011328930124267464	0.004257850256753549	0.014291653008800517
T[C>A]G	0.015566424256196951	0.0018897529016499678	0.009827998818808853	0.00427082934967688	0.008685392087442255	0.0075668382257471295	0.008913346936073364	0.0013366834558886235	0.006023858808499644	0.004988049053214981
T[C>A]T	0.004287103053762922	0.008580034968580773	0.009617394780951676	0.009251289424041922	0.008808009724131545	0.006822001018128226	0.011352311124814636	0.007139792276646701	0.005615742724762507	0.004098654093342611
T[C>G]A	0.007944320488767852	0.004277392461969084	0.006360090224141288	0.0035240679349786167	0.007204682213313765	0.006852225433792375	0.009687070454405098	0.011344924465616786	0.008361694759906222	0.011605917155190989
T[C>G]C	0.00924124525991772	0.0070771245670355025	0.005711389279300217	0.0077274658888396115	0.00868887833309025	0.011508556079813735	0.002812711861332486	0.008032206157050817	0.0035948099939551613	0.005543431794865282
T[C>G]G	0.008365553385334352	0.011798330555830216	0.0044449046807847545	0.004058299969045023	0.010261422613844341	0.004705353101374417	0.005981620098743021	0.008183356874180692	0.00950670702207931	0.005517696569063134
T[C>G]T	0.008058593110173148	0.012607455035601685	0.005195022779754256	0.007033654217193734	0.012875921105259907	0.006306832564114442	0.0028149549894117116	0.00471866778447196	0.0076630242353261935	0.0019305479528203124
T[C>T]A	0.07144087985590077	0.02244967308781163	0.06056861009169816	0.012488918882474713	0.03447658682434056	0.041060130623551946	0.03139158234562761	0.0660165744700377	0.05898657760006451	0.03578132427321989
T[C>T]C	0.0020477237402930556	0.017737476859804494	0.008613675171883502	0.01582565473873757	0.0017358574126486509	0.01479529262590884	0.016118463626280423	0.0034463446989988437	0.005518085364083467	0.007966609858903326
T[C>T]G	0.0039371414782958135	0.0015199016291534964	0.0034406516332460887	0.007162097913208079	0.006495479400572326	0.007684803023049714	0.013820372954051053	0.006681544319658318	0.004001850428508058	0.0069090147938319964
T[C>T]T	0.005119401370905203	0.007778764656417328	0.0018608118660985431	0.007287879156812536	0.021405128468866295	0.009633902892131561	0.002762614257227828	0.010149245595281329	0.034914776251470124	0.009379334748331856
T[T>A]A	0.008405209934319976	0.008264215809255536	0.008935457524988807	0.007289741534392229	0.007341254124067162	0.012414132476697076	0.002545111236129711	0.003921924278737929	0.00928056810254943	0.014230268099581996
T[T>A]C	0.007590569175781741	0.007449190135332725	0.0054800167783067046	0.01231175866884583	0.007710903984313832	0.009086305874704052	0.007843006675672653	0.006884840994919688	0.008190716917465202	0.008670170436907848
T[T>A]G	0.008997232272295543	0.006722934375542574	0.008822955771597535	0.002921359951943041	0.0021098700787422725	0.00841520801801958	0.008641649230400904	0.007419659611234237	0.0039000674121652426	0.004963437904422887
T[T>A]T	0.004744697788244744	0.007792628280299968	0.006288693136084194	0.009537302014788196	0.005768202874050591	0.00631062513212877	0.005585863708533708	0.004877285307702871	0.006403685673123118	0.0044230976653514276
T[T>C]A	0.02172116011163651	0.024479400424665804	0.01849683968028732	0.02210988343810982	0.02428106571150799	0.014848525874802926	0.018407318288833806	0.020135065105594215	0.011454215137494802	0.034383639691160595
T[T>C]C	0.01488824183261471	0.002585013673769868	0.00487014433341419	0.0073035429542548155	0.007417200061766866	0.01932129263079265	0.0013817327166623086	0.007801191395600197	0.009274828399549266	0.007751604589222014
T[T>C]G	0.006847559040714857	0.0019735524915863367	0.00833300651472801	0.01076822648307019	0.00588492567826641	0.004928368414972608	0.005076412802905765	0.005541870674477071	0.009306372759749961	0.005688788900359263
T[T>C]T	0.026808770458614982	0.051598494106405934	0.011218450247467779	0.0159337916786981	0.01596063442918906	0.022765133319167748	0.021462810556175053	0.017871758543332714	0.03546163464531393	0.027935669407900383
T[T>G]A	0.007744993219995679	0.00575055810623575	0.007474988525115125	0.006678050480973816	0.005549545982122173	0.007221351644435391	0.003798895948148651	0.007390834639251141	0.006974402245188978	0.0039492488749397325
T[T>G]C	0.005408881945855931	0.013269610903476616	0.0046330212391052245	0.0071117708374483155	0.010742992369771272	0.00904733646467849	0.004441893920522765	0.009130883076416334	0.007646856792645455	0.009692494729195516
T[T>G]G	0.006589505935723274	0.00648724692015824	0.00638334255779006	0.008649519822288253	0.010092340349316154	0.007249080903496021	0.003987686210143375	0.005346413703520425	0.0035675550445808607	0.0135834401449021
T[T>G]T	0.004374199143616926	0.004332081858767385	0.009672557447519627	0.004571432533503932	0.007921936030286774	0.0010359210286755218	0.002483251860690464	0.012594695978947919	0.016337549346469863	0.007897765748504721
