MutationType	Signature A	Signature B	Signature C	Signature D	Signature E	Signature F	Signature G	Signature H	Signature I	Signature J
A[C>A]A	2.19E-03	1.63E-03	2.76E-03	2.23E-03	2.87E-03	4.24E-03	3.79E-03	1.60E-03	2.21E-03	3.54E-03
A[C>A]C	2.14E-03	1.94E-03	4.13E-03	3.08E-03	2.12E-03	1.91E-03	2.33E-03	2.46E-03	1.93E-03	1.03E-03
A[C>A]G	2.33E-03	2.29E-03	8.78E-04	3.00E-03	3.77E-03	2.56E-03	1.49E-03	4.54E-03	2.16E-03	3.11E-03
A[C>A]T	2.22E-03	2.50E-03	2.63E-03	3.34E-03	3.30E-03	3.11E-03	2.49E-03	2.53E-03	2.11E-03	2.46E-03
A[C>G]A	4.13E-03	2.40E-03	3.55E-03	3.41E-03	5.08E-03	2.70E-03	5.75E-03	5.69E-03	5.55E-03	6.15E-03
A[C>G]C	2.02E-03	2.50E-03	3.35E-03	2.99E-03	3.67E-03	4.28E-03	3.86E-03	1.44E-03	3.46E-03	2.22E-03
A[C>G]G	1.55E-03	1.58E-03	2.52E-03	4.00E-03	3.16E-03	2.79E-03	2.73E-03	4.43E-03	1.89E-03	2.46E-03
A[C>G]T	2.02E-03	3.01E-03	2.53E-03	1.13E-03	1.96E-03	1.96E-03	3.12E-03	2.59E-03	2.11E-03	2.76E-03
A[C>T]A	1.02E-02	6.34E-03	3.97E-03	1.35E-02	1.03E-02	4.09E-03	1.12E-02	4.97E-03	4.08E-03	5.61E-03
A[C>T]C	3.22E-03	3.18E-03	3.25E-03	2.62E-03	2.31E-03	3.18E-03	2.21E-03	3.52E-03	1.72E-03	2.53E-03
A[C>T]G	3.81E-03	4.75E-03	5.33E-03	3.68E-03	6.34E-03	4.36E-03	5.59E-03	4.13E-03	4.42E-03	5.24E-03
A[C>T]T	5.18E-03	4.55E-03	4.99E-03	3.45E-03	5.06E-03	5.12E-03	2.20E-03	6.01E-03	4.02E-03	5.26E-03
A[T>A]A	1.80E-03	3.25E-03	1.76E-03	1.67E-03	2.78E-03	1.52E-03	5.88E-03	3.38E-03	2.37E-03	3.93E-03
A[T>A]C	3.14E-03	5.10E-03	6.45E-03	4.44E-03	7.15E-03	3.24E-03	6.22E-03	3.16E-03	4.08E-03	4.20E-03
A[T>A]G	1.72E-03	3.91E-03	1.91E-03	1.12E-03	3.66E-03	2.10E-03	3.42E-03	2.36E-03	5.31E-03	1.85E-03
A[T>A]T	4.34E-03	1.87E-03	1.81E-03	1.31E-03	3.39E-03	3.02E-03	2.36E-03	3.55E-03	2.01E-03	2.28E-03
A[T>C]A	4.79E-03	4.32E-03	7.53E-03	5.22E-03	6.14E-03	7.58E-03	5.50E-03	4.42E-03	3.77E-03	5.90E-03
A[T>C]C	2.64E-03	3.74E-03	2.45E-03	3.02E-03	2.41E-03	4.96E-03	4.67E-03	1.97E-03	7.25E-03	6.11E-03
A[T>C]G	3.27E-03	5.41E-03	2.06E-03	2.01E-03	3.26E-03	1.57E-03	3.91E-03	2.97E-03	4.25E-03	3.80E-03
A[T>C]T	5.74E-03	5.21E-03	6.35E-03	5.80E-03	4.65E-03	3.50E-03	8.39E-03	4.80E-03	3.80E-03	8.11E-03
A[T>G]A	2.26E-03	2.02E-03	2.37E-03	1.69E-03	2.12E-03	3.54E-03	3.84E-03	3.01E-03	2.19E-03	2.18E-03
A[T>G]C	1.69E-03	3.93E-03	3.36E-03	1.61E-03	2.63E-03	4.88E-03	4.15E-03	2.81E-03	4.05E-03	3.18E-03
A[T>G]G	3.68E-03	3.79E-03	2.56E-03	3.64E-03	1.82E-03	7.20E-04	2.00E-03	4.29E-03	3.02E-03	1.52E-03
A[T>G]T	2.29E-03	1.02E-03	3.17E-03	3.19E-03	1.89E-03	1.35E-03	2.48E-03	2.37E-03	4.09E-03	3.39E-03
C[C>A]A	1.45E-03	1.81E-03	2.71E-03	3.66E-03	1.20E-03	2.80E-03	1.58E-03	1.73E-03	2.94E-03	6.35E-04
C[C>A]C	3.64E-03	2.13E-03	1.61E-03	1.11E-03	3.04E-03	2.48E-03	3.82E-03	2.37E-03	3.59E-03	1.14E-03
C[C>A]G	2.52E-03	3.03E-03	3.85E-03	3.89E-03	1.96E-03	2.79E-03	4.37E-03	9.98E-04	1.23E-03	2.84E-03
C[C>A]T	3.46E-03	3.92E-03	2.18E-03	2.99E-03	2.04E-03	3.11E-03	2.30E-03	2.13E-03	3.31E-03	2.42E-03
C[C>G]A	2.88E-03	3.66E-03	2.07E-03	1.72E-03	2.48E-03	2.52E-03	3.43E-03	2.11E-03	2.80E-03	3.51E-03
C[C>G]C	3.54E-03	2.22E-03	1.97E-03	1.79E-03	2.40E-03	2.72E-03	2.57E-03	2.37E-03	1.74E-03	2.38E-03
C[C>G]G	2.38E-03	2.74E-03	1.14E-03	2.97E-03	3.67E-03	2.78E-03	3.79E-03	1.26E-03	1.91E-03	3.85E-03
C[C>G]T	2.97E-03	4.31E-03	2.96E-03	2.04E-03	2.73E-03	2.01E-03	5.23E-03	1.73E-03	9.37E-04	2.63E-03
C[C>T]A	3.47E-03	1.64E-03	3.06E-03	2.50E-03	4.11E-03	2.15E-03	3.42E-03	1.08E-03	3.17E-03	1.91E-03
C[C>T]C	3.79E-03	3.21E-03	3.35E-03	2.94E-03	5.15E-03	3.55E-03	1.38E-03	2.18E-03	1.78E-03	2.50E-03
C[C>T]G	6.96E-03	5.49E-03	2.89E-03	4.86E-03	5.81E-03	3.45E-03	4.47E-03	5.58E-03	3.05E-03	4.82E-03
C[C>T]T	1.01E-02	1.11E-02	7.85E-03	6.05E-03	9.57E-03	7.21E-03	6.95E-03	4.60E-03	7.70E-03	6.53E-03
C[T>A]A	2.67E-03	3.31E-03	1.68E-03	4.19E-03	3.46E-03	3.65E-03	3.16E-03	2.63E-03	6.10E-03	3.16E-03
C[T>A]C	4.18E-03	4.76E-03	4.74E-03	5.10E-03	5.11E-03	6.99E-03	3.46E-03	5.59E-03	6.70E-03	2.53E-03
C[T>A]G	2.85E-03	1.65E-03	2.55E-03	2.28E-03	2.34E-03	1.65E-03	2.20E-03	1.79E-03	3.38E-03	2.00E-03
C[T>A]T	2.99E-03	2.01E-03	3.70E-03	1.45E-03	2.54E-03	2.56E-03	1.94E-03	2.31E-03	6.27E-04	3.06E-03
C[T>C]A	5.95E-03	4.75E-03	4.94E-03	5.08E-03	5.12E-03	4.87E-03	5.90E-03	3.26E-03	5.99E-03	2.97E-03
C[T>C]C	1.80E-03	4.11E-03	1.44E-03	3.81E-03	4.02E-03	5.91E-03	6.93E-03	8.50E-03	7.28E-03	3.32E-03
C[T>C]G	4.80E-03	3.25E-03	3.19E-03	1.75E-03	1.72E-03	2.12E-03	1.09E-03	2.66E-03	4.26E-03	2.92E-03
C[T>C]T	6.54E-03	5.71E-03	4.82E-03	8.01E-03	4.76E-03	5.31E-03	6.71E-03	4.88E-03	3.85E-03	5.34E-03
C[T>G]A	2.31E-03	2.40E-03	1.92E-03	3.31E-03	3.95E-03	2.98E-03	3.13E-03	2.45E-03	2.57E-03	2.14E-03
C[T>G]C	3.00E-03	4.71E-03	4.09E-03	5.44E-03	2.59E-03	3.87E-03	3.40E-03	3.04E-03	3.52E-03	1.36E-03
C[T>G]G	3.19E-03	2.60E-03	1.76E-03	1.94E-03	2.31E-03	2.79E-03	3.97E-03	3.48E-03	1.59E-03	2.48E-03
C[T>G]T	3.54E-03	2.28E-03	4.10E-03	2.18E-03	1.87E-03	1.26E-03	2.93E-03	3.46E-03	2.57E-03	3.22E-03
G[C>A]A	3.26E-03	2.42E-03	4.50E-03	1.89E-03	2.08E-03	2.99E-03	1.38E-03	1.48E-03	2.72E-03	2.31E-03
G[C>A]C	3.27E-03	3.74E-03	2.64E-03	2.73E-03	1.69E-03	3.21E-03	1.89E-03	3.94E-03	2.15E-03	2.78E-03
G[C>A]G	1.01E-03	2.92E-03	1.51E-03	2.94E-03	2.90E-03	4.21E-03	1.78E-03	3.90E-03	3.07E-03	1.73E-03
G[C>A]T	2.89E-03	7.96E-03	5.13E-03	4.94E-03	7.50E-03	6.37E-03	4.11E-03	4.87E-03	7.79E-03	4.78E-03
G[C>G]A	2.22E-03	1.32E-03	1.55E-03	3.41E-03	4.79E-03	2.78E-03	2.55E-03	3.56E-03	3.67E-03	2.47E-03
G[C>G]C	5.51E-03	6.48E-03	5.52E-03	5.29E-03	4.31E-03	3.04E-03	3.26E-03	5.60E-03	5.29E-03	3.97E-03
G[C>G]G	2.40E-03	2.93E-03	2.61E-03	3.65E-03	1.33E-03	5.10E-03	2.76E-03	3.30E-03	2.58E-03	1.67E-03
G[C>G]T	5.26E-03	3.74E-03	4.49E-03	6.07E-03	2.24E-03	5.78E-03	1.30E-02	8.73E-03	7.44E-03	3.71E-03
G[C>T]A	4.02E-03	2.48E-03	3.02E-03	3.20E-03	5.59E-03	1.88E-03	4.86E-03	4.06E-03	4.26E-03	2.44E-03
G[C>T]C	1.24E-03	3.33E-03	3.15E-03	3.58E-03	3.74E-03	5.55E-03	3.87E-03	2.17E-03	4.01E-03	2.43E-03
G[C>T]G	3.62E-03	2.74E-03	6.49E-03	2.26E-03	2.36E-03	1.69E-03	2.59E-03	2.27E-03	1.19E-03	2.31E-03
G[C>T]T	1.96E-03	2.17E-03	1.92E-03	4.65E-03	4.02E-03	3.89E-03	4.89E-03	1.19E-03	1.48E-03	2.87E-03
G[T>A]A	3.22E-03	2.01E-03	3.10E-03	2.60E-03	2.39E-03	1.36E-03	4.29E-03	2.79E-03	1.21E-03	1.01E-03
G[T>A]C	3.48E-03	2.94E-03	9.62E-04	1.80E-03	2.92E-03	2.18E-03	1.15E-03	3.50E-03	2.82E-03	3.89E-03
G[T>A]G	2.90E-03	3.05E-03	4.23E-03	2.07E-03	2.24E-03	2.12E-03	2.03E-03	3.05E-03	1.82E-03	1.73E-03
G[T>A]T	3.62E-03	2.92E-03	4.09E-03	4.11E-03	1.58E-03	3.02E-03	2.46E-03	1.61E-03	1.81E-03	2.10E-03
G[T>C]A	3.03E-03	2.73E-03	2.25E-03	4.23E-03	2.70E-03	2.71E-03	2.90E-03	1.80E-03	6.04E-03	4.90E-03
G[T>C]C	3.54E-03	1.23E-03	2.35E-03	2.72E-03	2.71E-03	2.32E-03	2.65E-03	1.38E-03	2.37E-03	1.98E-03
G[T>C]G	1.47E-03	1.79E-03	3.87E-03	3.75E-03	3.49E-03	4.29E-03	1.53E-03	2.13E-03	2.26E-03	1.09E-03
G[T>C]T	6.58E-03	6.92E-03	3.78E-03	6.68E-03	4.76E-03	5.55E-03	3.54E-03	5.65E-03	6.03E-03	5.78E-03
G[T>G]A	1.59E-03	3.34E-03	2.41E-03	2.33E-03	2.06E-03	3.75E-03	2.56E-03	1.33E-03	4.14E-03	1.76E-03
G[T>G]C	2.41E-03	2.28E-03	6.39E-04	5.15E-03	1.69E-03	1.61E-03	1.88E-03	3.18E-03	4.42E-03	2.18E-03
G[T>G]G	3.32E-03	2.45E-03	4.96E-03	2.17E-03	4.26E-03	4.30E-03	2.87E-03	1.94E-03	1.06E-03	3.21E-03
G[T>G]T	2.15E-03	1.71E-03	1.25E-03	2.44E-03	5.51E-03	3.10E-03	3.29E-03	3.31E-03	2.11E-03	2.23E-03
T[C>A]A	4.49E-03	4.57E-03	7.01E-03	2.17E-03	5.01E-03	5.35E-03	4.20E-03	8.17E-03	7.65E-03	7.23E-03
T[C>A]C	3.12E-03	3.64E-03	4.42E-03	2.35E-03	3.12E-03	2.36E-03	1.75E-03	2.67E-03	1.69E-03	1.41E-03
T[C>A]G	3.36E-03	8.75E-04	2.26E-03	5.05E-03	1.89E-03	3.31E-03	1.92E-03	1.65E-03	3.26E-03	2.57E-03
T[C>A]T	2.19E-03	3.23E-03	2.68E-03	3.85E-03	4.10E-03	1.72E-03	2.84E-03	2.24E-03	1.70E-03	2.85E-03
T[C>G]A	3.43E-03	3.22E-03	5.31E-03	3.60E-03	2.85E-03	2.07E-03	2.28E-03	4.35E-03	1.73E-03	3.23E-03
T[C>G]C	4.20E-03	2.85E-03	2.38E-03	1.73E-03	1.82E-03	1.90E-03	2.52E-03	1.43E-03	2.05E-03	2.52E-03
T[C>G]G	3.89E-03	2.51E-03	2.30E-03	1.91E-03	2.98E-03	3.06E-03	1.81E-03	2.47E-03	3.14E-03	2.36E-03
T[C>G]T	2.78E-03	2.35E-03	1.04E-03	2.80E-03	3.11E-03	2.61E-03	2.52E-03	1.87E-03	5.43E-03	2.72E-03
T[C>T]A	1.01E-02	1.26E-02	7.14E-03	6.60E-03	6.14E-03	9.89E-03	4.07E-03	7.23E-03	6.58E-03	4.27E-03
T[C>T]C	1.11E-03	2.47E-03	2.95E-03	4.34E-03	5.30E-03	2.42E-03	3.75E-03	8.07E-03	1.24E-03	5.12E-03
T[C>T]G	2.15E-03	1.97E-03	2.17E-03	1.83E-03	9.93E-04	2.40E-03	1.97E-03	4.49E-03	2.16E-03	1.86E-03
T[C>T]T	2.71E-03	5.30E-03	4.69E-03	1.23E-03	4.10E-03	7.59E-03	3.55E-03	2.27E-03	6.24E-03	3.60E-03
T[T>A]A	3.61E-03	2.22E-03	5.27E-03	3.67E-03	4.14E-03	4.30E-03	2.98E-03	1.48E-03	2.26E-03	2.57E-03
T[T>A]C	2.35E-03	3.40E-03	3.98E-03	2.94E-03	2.72E-03	3.05E-03	3.38E-03	2.75E-03	3.20E-03	2.61E-03
T[T>A]G	2.26E-03	4.63E-03	2.29E-03	4.41E-03	2.54E-03	2.00E-03	1.95E-03	3.10E-03	1.38E-03	2.86E-03
T[T>A]T	2.42E-03	1.98E-03	2.52E-03	2.94E-03	3.25E-03	2.38E-03	1.92E-03	2.29E-03	2.26E-03	2.02E-03
T[T>C]A	5.40E-03	6.85E-03	5.24E-03	4.54E-03	7.02E-03	4.07E-03	5.74E-03	5.29E-03	2.83E-03	4.92E-03
T[T>C]C	4.73E-03	3.08E-03	3.96E-03	2.36E-03	1.31E-03	3.28E-03	3.49E-03	1.01E-03	2.81E-03	7.03E-03
T[T>C]G	2.82E-03	1.74E-03	2.64E-03	2.14E-03	1.67E-03	4.03E-03	3.87E-03	2.07E-03	2.51E-03	1.84E-03
T[T>C]T	8.32E-03	6.23E-03	6.06E-03	3.63E-03	9.27E-03	6.08E-03	6.30E-03	7.73E-03	4.78E-03	7.01E-03
T[T>G]A	2.46E-03	2.58E-03	1.44E-03	3.01E-03	1.66E-03	3.02E-03	2.73E-03	2.80E-03	2.22E-03	3.31E-03
T[T>G]C	3.23E-03	3.22E-03	4.18E-03	2.29E-03	4.44E-03	2.43E-03	2.34E-03	1.36E-03	4.06E-03	4.71E-03
T[T>G]G	2.93E-03	2.06E-03	3.36E-03	2.64E-03	2.57E-03	2.15E-03	2.92E-03	1.90E-03	3.04E-03	2.47E-03
T[T>G]T	1.92E-03	3.94E-03	2.17E-03	2.39E-03	2.19E-03	4.53E-03	2.31E-03	1.14E-03	2.26E-03	6.85E-04
