Samples	Signature A	Signature B	Signature C	Signature D	Signature E	Signature F	Signature G	Signature H	Signature I	Signature J
Sample1	9.48E+00	6.67E+00	6.93E+00	4.75E+00	9.73E+00	6.97E+00	6.15E+00	6.44E+00	1.59E+00	5.04E+00
Sample2	1.00E+01	1.68E+01	4.10E+00	4.21E+00	9.32E+00	2.85E+00	9.44E+00	1.81E+01	9.18E+00	1.45E+01
Sample3	1.00E+01	0.00E+00	7.75E+00	1.51E+01	9.64E+00	6.50E+00	0.00E+00	1.43E+01	0.00E+00	9.47E+00
Sample4	7.28E+00	4.79E+00	6.80E+00	9.19E+00	2.96E+00	8.18E+00	1.54E+01	4.33E+00	1.01E+01	9.95E+00
Sample5	6.56E+00	6.03E+00	5.98E+00	1.05E+01	8.54E+00	2.41E+00	5.25E+00	5.68E+00	6.75E+00	7.42E+00
Sample6	8.44E+00	1.60E+01	7.41E+00	5.86E+00	7.54E+00	3.96E+00	4.38E+00	1.40E+00	9.16E+00	9.42E+00
Sample7	1.84E+01	1.96E+01	1.19E+01	6.88E+00	1.75E+00	1.01E+01	6.69E+00	2.12E+00	8.17E+00	6.50E+00
Sample8	3.00E+00	7.99E+00	1.16E+01	9.86E+00	1.25E+01	3.53E+00	7.50E+00	7.90E+00	8.19E+00	4.87E+00
Sample9	8.42E+00	9.70E+00	9.27E+00	9.09E+00	1.08E+01	8.76E+00	1.10E+01	7.87E+00	4.46E+00	6.76E+00
Sample10	3.25E+00	9.39E+00	4.06E+00	6.07E+00	7.03E+00	9.43E+00	9.95E+00	7.87E+00	8.36E+00	6.65E+00
Sample11	7.15E+00	5.66E+00	4.12E+00	2.08E+00	9.12E+00	1.35E+01	2.14E+00	5.20E+00	1.16E+01	8.79E+00
Sample12	5.29E+00	8.07E+00	1.03E+01	9.32E+00	1.03E+01	1.15E+01	9.15E+00	1.18E+01	5.29E+00	2.12E+00
Sample13	7.50E+00	7.00E+00	8.97E+00	8.39E+00	4.75E+00	3.58E+00	3.22E+00	6.01E+00	1.82E+01	1.27E+01
Sample14	1.29E+01	3.32E+00	3.94E+00	1.67E+01	7.38E+00	4.46E+00	8.07E+00	6.51E+00	1.37E+01	9.76E+00
Sample15	2.75E+00	1.08E+01	9.33E+00	6.87E+00	8.77E+00	1.36E+01	8.27E+00	1.75E+00	4.37E+00	1.06E+01
Sample16	7.80E+00	9.17E+00	2.98E+00	7.86E+00	5.28E+00	3.78E+00	9.85E+00	6.04E+00	5.25E+00	9.42E+00
Sample17	1.16E+01	1.07E+01	8.64E+00	1.26E+01	5.32E+00	5.47E+00	1.02E+01	1.50E+00	9.21E+00	2.88E+00
Sample18	1.33E+01	9.19E+00	1.60E+01	5.93E+00	7.95E+00	2.46E+00	0.00E+00	5.47E+00	4.68E+00	1.03E+01
Sample19	2.94E+00	8.52E+00	5.00E+00	5.06E+00	1.60E+01	1.72E+01	6.82E+00	8.13E+00	4.54E+00	1.24E+01
Sample20	1.17E+01	2.52E+00	2.36E+01	6.50E+00	1.28E+01	1.20E+01	2.00E+00	0.00E+00	5.62E+00	1.36E+01
Sample21	7.38E+00	7.30E+00	5.06E+00	1.03E+01	6.38E+00	5.56E+00	6.28E+00	7.83E+00	1.08E+01	4.38E+00
Sample22	9.58E+00	9.07E+00	2.36E+00	7.18E+00	7.24E+00	5.89E+00	7.27E+00	2.25E+00	1.88E+01	1.01E+01
Sample23	7.81E+00	7.81E+00	9.02E+00	4.25E+00	4.45E+00	1.86E+00	1.92E+00	1.18E+01	1.19E+01	7.20E+00
Sample24	7.29E+00	4.00E+00	6.32E+00	1.15E+01	2.74E+00	1.24E+01	9.79E+00	6.04E+00	4.93E+00	1.77E+01
Sample25	3.35E+00	6.12E+00	2.25E+00	1.05E+01	6.67E+00	6.96E+00	8.20E+00	9.84E+00	5.13E+00	5.91E+00
Sample26	1.71E+01	8.70E+00	4.36E+00	8.26E+00	4.77E+00	1.14E+01	7.13E+00	1.92E+00	7.01E+00	8.35E+00
Sample27	9.46E+00	7.57E+00	5.00E-01	1.04E+01	5.91E+00	1.50E+00	6.39E+00	5.05E+00	1.51E+01	5.07E+00
Sample28	4.22E+00	7.37E+00	1.77E+01	3.31E+00	7.32E+00	6.36E+00	4.46E+00	5.50E+00	1.69E+01	1.20E+01
Sample29	5.40E+00	7.39E+00	3.91E+00	1.20E+01	8.75E-01	1.01E+01	1.37E+01	6.48E+00	8.27E+00	2.82E+00
Sample30	8.24E+00	7.03E+00	2.54E+00	8.89E+00	3.90E+00	6.53E+00	1.08E+01	1.19E+01	7.66E+00	7.11E+00
Sample31	8.76E+00	4.85E+00	7.35E+00	8.72E+00	8.11E+00	6.07E+00	1.71E+01	8.34E+00	3.62E+00	4.96E+00
Sample32	6.37E+00	0.00E+00	9.30E+00	1.88E+00	1.60E+01	1.47E+01	9.59E+00	1.67E+01	4.38E+00	0.00E+00
Sample33	6.65E+00	6.37E+00	7.67E+00	9.77E+00	4.60E+00	8.44E+00	6.39E+00	4.89E+00	3.00E+00	8.92E+00
Sample34	3.95E+00	3.91E+00	5.51E+00	6.02E+00	5.39E+00	6.05E+00	5.40E+00	6.82E+00	3.35E+00	1.64E+01
Sample35	7.30E+00	7.80E+00	7.38E+00	3.59E+00	1.42E+01	1.03E+01	5.53E+00	7.27E+00	7.10E+00	1.39E+01
Sample36	4.41E+00	7.82E+00	8.24E+00	6.18E+00	7.96E+00	8.45E+00	4.35E+00	1.48E+01	7.39E+00	4.94E+00
Sample37	6.74E+00	1.08E+01	6.08E+00	7.59E+00	4.77E+00	5.25E+00	7.19E+00	1.38E+01	6.88E+00	0.00E+00
Sample38	1.14E+01	9.16E+00	6.17E+00	2.73E+00	7.03E+00	8.41E+00	1.28E+01	5.04E+00	3.47E+00	6.24E+00
