Samples	Signature A	Signature B	Signature C	Signature D
Sample1	1.75E+01	1.34E+01	1.02E+01	1.22E+01
Sample2	1.35E+01	1.17E+01	6.32E+00	1.27E+01
Sample3	1.07E+01	1.04E+01	1.21E+01	1.63E+01
Sample4	1.06E+01	1.17E+01	8.38E+00	1.95E+01
Sample5	1.97E+01	1.53E+01	6.12E+00	1.46E+01
Sample6	1.82E+01	1.26E+01	8.67E+00	1.90E+01
Sample7	1.61E+01	1.21E+01	9.81E+00	1.17E+01
Sample8	1.72E+01	1.32E+01	9.98E+00	1.06E+01
Sample9	1.04E+01	9.70E+00	5.02E+00	1.32E+01
Sample10	1.41E+01	1.23E+01	5.17E+00	1.88E+01
Sample11	1.14E+01	1.01E+01	5.34E+00	1.81E+01
Sample12	2.14E+01	1.66E+01	6.82E+00	2.29E+01
Sample13	2.48E+01	2.68E+01	1.07E+01	1.97E+01
Sample14	2.20E+01	2.02E+01	8.01E+00	2.47E+01
Sample15	1.70E+01	1.98E+01	9.22E+00	1.66E+01
Sample16	1.18E+01	1.73E+01	7.64E+00	1.93E+01
Sample17	9.39E+00	1.20E+01	9.93E+00	0.00E+00
Sample18	1.62E+01	1.65E+01	6.79E+00	1.80E+01
Sample19	2.80E+01	2.03E+01	1.05E+01	2.35E+01
Sample20	2.42E+01	2.03E+01	1.29E+01	1.62E+01
Sample21	1.18E+01	9.66E+00	8.55E+00	9.95E+00
Sample22	1.54E+01	1.50E+01	1.16E+01	1.30E+01
Sample23	1.86E+01	1.94E+01	1.05E+01	2.39E+01
Sample24	2.25E+01	1.95E+01	9.04E+00	1.69E+01
Sample25	2.78E+01	2.16E+01	7.28E+00	1.27E+01
Sample26	2.04E+01	2.94E+01	1.33E+01	2.45E+01
Sample27	1.87E+01	1.39E+01	8.39E+00	1.42E+01
Sample28	2.43E+01	2.88E+01	1.27E+01	2.04E+01
Sample29	1.43E+01	1.30E+01	5.86E+00	1.29E+01
Sample30	2.20E+01	1.60E+01	1.52E+01	1.81E+01
Sample31	1.84E+01	1.42E+01	5.57E+00	1.87E+01
Sample32	2.99E+01	1.83E+01	1.15E+01	1.79E+01
Sample33	2.01E+01	1.93E+01	1.16E+01	1.82E+01
Sample34	1.50E+01	1.28E+01	1.10E+01	1.33E+01
Sample35	1.36E+01	1.31E+01	9.63E+00	1.26E+01
Sample36	1.75E+01	1.94E+01	1.28E+01	1.80E+01
Sample37	1.38E+01	2.59E+01	7.23E+00	2.27E+01
Sample38	2.23E+01	1.78E+01	9.31E+00	1.40E+01
Sample39	1.80E+01	1.30E+01	7.95E+00	1.90E+01
Sample40	2.02E+01	2.12E+01	1.19E+01	2.36E+01
Sample41	1.71E+01	1.75E+01	1.55E+01	1.72E+01
Sample42	1.98E+01	1.96E+01	7.72E+00	1.37E+01
Sample43	1.42E+01	1.60E+01	6.90E+00	1.49E+01
Sample44	2.27E+01	1.27E+01	1.03E+01	2.44E+01
Sample45	1.43E+01	2.22E+01	8.62E+00	1.83E+01
Sample46	2.96E+01	1.48E+01	9.55E+00	2.77E+01
Sample47	2.16E+01	1.64E+01	1.18E+01	1.66E+01
Sample48	1.61E+01	1.01E+01	8.39E+00	2.18E+01
Sample49	1.93E+01	1.25E+01	5.81E+00	1.42E+01
Sample50	1.72E+01	1.41E+01	8.65E+00	1.66E+01
Sample51	2.02E+01	1.89E+01	8.25E+00	1.53E+01
Sample52	2.04E+01	2.64E+01	8.44E+00	2.39E+01
Sample53	1.49E+01	1.46E+01	1.09E+01	1.43E+01
Sample54	1.73E+01	2.21E+01	5.98E+00	1.02E+01
Sample55	3.41E+01	2.76E+01	1.22E+01	1.47E+01
Sample56	1.64E+01	1.45E+01	9.40E+00	1.51E+01
Sample57	2.13E+01	1.57E+01	9.92E+00	2.11E+01
Sample58	1.73E+01	9.88E+00	7.58E+00	1.73E+01
Sample59	1.62E+01	2.04E+01	4.39E+00	1.31E+01
Sample60	2.32E+01	1.02E+01	5.44E+00	2.43E+01
Sample61	1.84E+01	1.43E+01	1.04E+01	1.37E+01
Sample62	2.02E+01	1.09E+01	1.09E+01	2.85E+01
Sample63	2.32E+01	2.13E+01	1.41E+01	1.24E+01
Sample64	2.25E+01	1.80E+01	1.05E+01	2.12E+01
Sample65	1.98E+01	2.24E+01	1.44E+01	2.54E+01
Sample66	1.71E+01	1.40E+01	1.19E+01	2.30E+01
Sample67	1.22E+01	1.43E+01	7.06E+00	1.65E+01
Sample68	1.52E+01	1.63E+01	1.19E+01	2.00E+01
Sample69	1.99E+01	2.26E+01	9.52E+00	1.61E+01
Sample70	1.13E+01	1.37E+01	1.32E+01	1.98E+01
Sample71	2.19E+01	1.58E+01	5.02E+00	1.67E+01
Sample72	1.16E+01	1.62E+01	7.77E+00	2.30E+01
Sample73	1.67E+01	1.25E+01	1.22E+01	2.41E+01
Sample74	8.74E+00	2.43E+01	1.20E+01	2.18E+01
Sample75	1.30E+01	1.79E+01	9.55E+00	1.56E+01
Sample76	1.90E+01	1.23E+01	3.74E+00	1.67E+01
Sample77	1.68E+01	1.97E+01	5.73E+00	1.77E+01
Sample78	1.99E+01	1.98E+01	8.10E+00	3.01E+01
Sample79	2.37E+01	9.89E+00	7.19E+00	1.97E+01
Sample80	1.44E+01	1.37E+01	7.11E+00	1.37E+01
Sample81	2.31E+01	1.38E+01	9.68E+00	2.28E+01
Sample82	2.46E+01	2.91E+01	1.13E+01	2.31E+01
Sample83	2.82E+01	1.38E+01	9.71E+00	2.56E+01
Sample84	2.48E+01	2.37E+01	1.10E+01	1.56E+01
Sample85	1.36E+01	1.06E+01	1.08E+01	1.71E+01
Sample86	2.54E+01	1.89E+01	7.56E+00	1.89E+01
Sample87	2.08E+01	1.06E+01	9.16E+00	2.29E+01
Sample88	2.25E+01	1.02E+01	9.75E+00	2.60E+01
Sample89	2.49E+01	2.19E+01	1.06E+01	1.14E+01
Sample90	1.57E+01	9.47E+00	5.88E+00	2.14E+01
Sample91	1.53E+01	1.50E+01	9.88E+00	9.72E+00
Sample92	1.35E+01	1.73E+01	1.09E+01	1.98E+01
Sample93	1.90E+01	1.45E+01	8.70E+00	1.22E+01
Sample94	8.29E+00	1.46E+01	1.14E+01	1.34E+01
Sample95	1.45E+01	1.56E+01	1.00E+01	2.61E+01
Sample96	1.96E+01	2.06E+01	1.13E+01	2.15E+01
Sample97	2.09E+01	1.64E+01	1.18E+01	1.20E+01
Sample98	1.39E+01	8.33E+00	7.90E+00	1.75E+01
Sample99	1.53E+01	1.71E+01	7.51E+00	1.11E+01
Sample100	2.32E+01	2.18E+01	9.30E+00	1.44E+01
Sample101	1.39E+01	1.86E+01	6.85E+00	1.63E+01
Sample102	2.09E+01	1.66E+01	9.66E+00	2.04E+01
Sample103	1.86E+01	1.39E+01	1.08E+01	1.87E+01
Sample104	1.50E+01	1.43E+01	4.39E+00	2.05E+01
Sample105	1.86E+01	2.75E+01	1.00E+01	2.24E+01
Sample106	1.98E+01	1.11E+01	7.26E+00	1.51E+01
Sample107	2.00E+01	1.51E+01	7.61E+00	2.44E+01
Sample108	1.61E+01	1.88E+01	1.48E+01	1.52E+01
Sample109	1.48E+01	2.08E+01	1.48E+01	2.06E+01
Sample110	2.92E+01	1.76E+01	1.66E+01	2.05E+01
Sample111	2.35E+01	1.95E+01	7.53E+00	1.70E+01
Sample112	1.83E+01	1.32E+01	5.09E+00	1.45E+01
Sample113	1.69E+01	3.16E+01	6.89E+00	2.14E+01
Sample114	2.20E+01	2.02E+01	8.85E+00	2.69E+01
Sample115	1.73E+01	1.73E+01	1.00E+01	1.75E+01
Sample116	1.87E+01	2.61E+01	7.15E+00	1.61E+01
Sample117	1.71E+01	1.14E+01	8.34E+00	1.94E+01
Sample118	2.57E+01	2.14E+01	1.40E+01	1.24E+01
Sample119	1.08E+01	1.77E+01	1.12E+01	1.58E+01
Sample120	2.96E+01	1.77E+01	8.22E+00	1.56E+01
Sample121	2.27E+01	1.62E+01	8.24E+00	1.94E+01
Sample122	1.76E+01	1.66E+01	7.44E+00	1.34E+01
Sample123	1.91E+01	1.60E+01	9.78E+00	1.32E+01
Sample124	1.24E+01	2.45E+01	7.01E+00	2.71E+01
Sample125	1.53E+01	2.04E+01	1.14E+01	2.11E+01
Sample126	1.46E+01	1.25E+01	9.08E+00	1.60E+01
Sample127	2.25E+01	1.57E+01	4.68E+00	1.68E+01
Sample128	2.65E+01	1.68E+01	3.49E+00	2.05E+01
Sample129	2.11E+01	1.99E+01	9.09E+00	1.63E+01
Sample130	1.68E+01	1.32E+01	1.20E+01	0.00E+00
Sample131	1.46E+01	1.53E+01	6.04E+00	1.21E+01
Sample132	1.81E+01	1.37E+01	5.01E+00	1.97E+01
Sample133	8.29E+00	1.24E+01	4.11E+00	1.82E+01
Sample134	1.55E+01	1.52E+01	7.44E+00	1.87E+01
Sample135	1.67E+01	1.86E+01	4.92E+00	1.61E+01
Sample136	1.71E+01	1.25E+01	9.35E+00	1.79E+01
Sample137	1.45E+01	1.39E+01	8.94E+00	1.84E+01
Sample138	2.07E+01	1.38E+01	7.50E+00	2.73E+01
Sample139	2.05E+01	1.35E+01	9.68E+00	1.99E+01
Sample140	1.50E+01	2.25E+01	1.08E+01	2.03E+01
Sample141	1.38E+01	1.60E+01	1.04E+01	1.11E+01
Sample142	1.79E+01	3.68E+01	8.42E+00	2.31E+01
Sample143	2.43E+01	1.86E+01	1.08E+01	1.93E+01
Sample144	1.50E+01	1.69E+01	2.85E+00	1.52E+01
Sample145	1.48E+01	2.21E+01	5.74E+00	2.38E+01
Sample146	1.84E+01	2.30E+01	1.02E+01	1.38E+01
Sample147	2.39E+01	1.52E+01	8.81E+00	1.35E+01
Sample148	2.39E+01	1.79E+01	8.19E+00	1.43E+01
Sample149	1.77E+01	2.17E+01	1.02E+01	2.36E+01
Sample150	1.79E+01	1.95E+01	7.65E+00	1.59E+01
Sample151	9.92E+00	1.97E+01	1.16E+01	1.58E+01
Sample152	1.46E+01	2.13E+01	9.71E+00	2.18E+01
Sample153	2.29E+01	1.78E+01	7.55E+00	1.72E+01
Sample154	1.62E+01	1.77E+01	3.99E+00	1.39E+01
Sample155	1.76E+01	1.65E+01	7.85E+00	1.61E+01
Sample156	1.21E+01	1.61E+01	1.17E+01	1.22E+01
Sample157	2.23E+01	2.91E+01	1.14E+01	1.74E+01
Sample158	2.31E+01	1.50E+01	1.22E+01	1.84E+01
Sample159	1.81E+01	1.03E+01	1.23E+01	1.75E+01
Sample160	2.22E+01	1.10E+01	9.27E+00	2.32E+01
Sample161	1.50E+01	1.36E+01	9.50E+00	1.84E+01
Sample162	2.30E+01	2.16E+01	1.60E+01	2.45E+01
Sample163	1.41E+01	1.93E+01	1.42E+01	2.16E+01
Sample164	1.06E+01	8.95E+00	7.69E+00	1.96E+01
Sample165	1.53E+01	1.02E+01	7.83E+00	1.70E+01
Sample166	1.82E+01	2.08E+01	7.02E+00	1.78E+01
Sample167	2.28E+01	1.78E+01	9.29E+00	2.06E+01
Sample168	1.64E+01	1.46E+01	9.44E+00	1.43E+01
Sample169	1.57E+01	1.65E+01	8.86E+00	2.71E+01
Sample170	2.07E+01	1.93E+01	7.63E+00	1.37E+01
Sample171	1.68E+01	1.92E+01	8.53E+00	1.82E+01
Sample172	2.99E+01	2.30E+01	1.05E+01	2.00E+01
Sample173	1.54E+01	1.11E+01	8.18E+00	2.11E+01
Sample174	1.90E+01	2.23E+01	9.93E+00	2.60E+01
Sample175	2.58E+01	2.68E+01	9.18E+00	9.79E+00
Sample176	1.95E+01	1.51E+01	1.09E+01	2.16E+01
Sample177	1.71E+01	1.63E+01	6.96E+00	1.04E+01
Sample178	1.36E+01	1.65E+01	9.61E+00	1.10E+01
Sample179	2.19E+01	1.67E+01	1.09E+01	2.15E+01
Sample180	2.13E+01	8.76E+00	7.34E+00	1.64E+01
Sample181	2.04E+01	1.67E+01	9.77E+00	2.18E+01
Sample182	8.00E+00	1.33E+01	9.55E+00	1.86E+01
Sample183	1.88E+01	2.52E+01	1.02E+01	1.80E+01
Sample184	2.18E+01	1.59E+01	1.17E+01	1.69E+01
Sample185	2.32E+01	1.78E+01	1.15E+01	1.15E+01
Sample186	8.66E+00	1.05E+01	6.97E+00	1.91E+01
Sample187	2.61E+01	2.17E+01	9.30E+00	2.58E+01
Sample188	2.18E+01	2.16E+01	8.08E+00	3.30E+01
Sample189	1.95E+01	1.17E+01	8.43E+00	9.01E+00
Sample190	1.03E+01	1.26E+01	9.06E+00	1.38E+01
Sample191	1.97E+01	1.71E+01	1.03E+01	1.44E+01
Sample192	1.66E+01	1.43E+01	7.94E+00	2.25E+01
Sample193	1.83E+01	1.03E+01	7.64E+00	1.88E+01
Sample194	2.20E+01	2.38E+01	1.43E+01	1.85E+01
Sample195	1.67E+01	1.52E+01	1.03E+01	1.06E+01
Sample196	1.21E+01	1.09E+01	1.11E+01	1.15E+01
Sample197	1.86E+01	1.33E+01	6.69E+00	2.29E+01
Sample198	2.86E+01	1.79E+01	4.83E+00	1.28E+01
Sample199	1.07E+01	1.58E+01	8.66E+00	2.29E+01
Sample200	1.51E+01	1.36E+01	6.21E+00	2.20E+01
Sample201	2.04E+01	1.89E+01	6.58E+00	1.38E+01
Sample202	1.01E+01	1.50E+01	9.25E+00	1.49E+01
Sample203	3.07E+01	1.84E+01	9.07E+00	2.35E+01
Sample204	1.39E+01	1.37E+01	1.01E+01	1.66E+01
Sample205	2.02E+01	2.08E+01	8.47E+00	1.37E+01
Sample206	2.14E+01	1.60E+01	7.31E+00	9.45E+00
Sample207	2.37E+01	2.00E+01	5.35E+00	1.33E+01
Sample208	2.63E+01	1.93E+01	1.08E+01	1.36E+01
Sample209	2.03E+01	1.94E+01	8.05E+00	1.97E+01
Sample210	1.78E+01	2.34E+01	5.82E+00	1.80E+01
Sample211	2.79E+01	2.28E+01	4.74E+00	1.58E+01
Sample212	2.27E+01	2.44E+01	6.01E+00	2.47E+01
Sample213	1.71E+01	1.36E+01	7.99E+00	2.08E+01
Sample214	2.33E+01	1.60E+01	8.30E+00	1.23E+01
Sample215	2.13E+01	1.98E+01	6.66E+00	1.35E+01
Sample216	2.56E+01	2.58E+01	1.24E+01	3.22E+01
Sample217	2.06E+01	1.78E+01	3.84E+00	1.49E+01
Sample218	1.75E+01	1.34E+01	8.03E+00	1.65E+01
Sample219	2.15E+01	1.87E+01	1.62E+01	1.42E+01
Sample220	1.04E+01	2.02E+01	1.06E+01	1.85E+01
Sample221	1.67E+01	1.24E+01	6.39E+00	1.53E+01
Sample222	2.10E+01	1.99E+01	9.30E+00	2.05E+01
Sample223	1.22E+01	1.94E+01	1.10E+01	1.63E+01
Sample224	2.05E+01	1.92E+01	1.03E+01	1.53E+01
Sample225	9.56E+00	1.24E+01	9.42E+00	1.97E+01
Sample226	1.30E+01	1.38E+01	8.67E+00	2.14E+01
Sample227	1.55E+01	1.73E+01	1.22E+01	1.71E+01
Sample228	1.41E+01	2.14E+01	8.61E+00	2.09E+01
Sample229	1.73E+01	1.49E+01	1.68E+01	1.87E+01
Sample230	2.07E+01	2.40E+01	8.21E+00	1.67E+01
Sample231	1.73E+01	1.39E+01	8.58E+00	1.65E+01
Sample232	1.80E+01	2.45E+01	8.60E+00	2.16E+01
Sample233	1.92E+01	1.88E+01	4.83E+00	2.17E+01
Sample234	1.02E+01	1.14E+01	1.02E+01	1.81E+01
Sample235	1.64E+01	1.89E+01	6.91E+00	2.12E+01
Sample236	2.03E+01	1.40E+01	7.86E+00	1.25E+01
Sample237	1.76E+01	1.41E+01	8.93E+00	1.55E+01
Sample238	1.94E+01	1.68E+01	1.03E+01	1.32E+01
Sample239	1.18E+01	2.05E+01	5.92E+00	1.45E+01
Sample240	1.02E+01	9.23E+00	1.26E+01	1.02E+01
Sample241	1.80E+01	1.87E+01	1.05E+01	2.11E+01
Sample242	1.86E+01	1.58E+01	7.05E+00	2.21E+01
Sample243	1.90E+01	1.62E+01	6.25E+00	2.15E+01
Sample244	1.31E+01	9.07E+00	5.86E+00	1.78E+01
Sample245	2.64E+01	2.28E+01	7.32E+00	1.90E+01
Sample246	1.56E+01	1.20E+01	8.04E+00	1.29E+01
Sample247	1.79E+01	1.35E+01	9.18E+00	1.89E+01
Sample248	1.80E+01	1.42E+01	1.22E+01	1.17E+01
Sample249	1.35E+01	8.62E+00	6.46E+00	1.45E+01
Sample250	2.26E+01	8.61E+00	1.22E+01	7.14E+00
Sample251	1.01E+01	1.74E+01	1.77E+01	8.84E+00
Sample252	1.42E+01	1.90E+01	1.12E+01	2.38E+01
Sample253	2.69E+01	9.94E+00	8.94E+00	2.43E+01
Sample254	1.15E+01	2.17E+01	8.45E+00	1.74E+01
Sample255	1.45E+01	1.14E+01	1.29E+01	1.59E+01
Sample256	1.21E+01	2.04E+01	9.02E+00	1.82E+01
Sample257	1.74E+01	1.53E+01	4.96E+00	1.40E+01
Sample258	2.04E+01	1.44E+01	9.42E+00	1.66E+01
Sample259	2.34E+01	1.92E+01	7.10E+00	8.03E+00
Sample260	1.70E+01	1.50E+01	1.52E+01	1.72E+01
Sample261	1.88E+01	9.95E+00	1.26E+01	2.28E+01
Sample262	2.38E+01	1.34E+01	7.72E+00	2.01E+01
Sample263	2.09E+01	2.37E+01	6.63E+00	1.83E+01
Sample264	1.80E+01	2.19E+01	6.32E+00	1.72E+01
Sample265	1.69E+01	1.25E+01	1.10E+01	1.26E+01
Sample266	2.08E+01	1.44E+01	3.93E+00	1.87E+01
Sample267	2.86E+01	1.11E+01	5.10E+00	2.26E+01
Sample268	3.57E+01	2.51E+01	6.76E+00	1.34E+01
Sample269	1.22E+01	1.60E+01	1.26E+01	1.96E+01
Sample270	1.95E+01	2.86E+01	1.06E+01	1.51E+01
Sample271	1.58E+01	1.74E+01	9.57E+00	1.58E+01
Sample272	2.05E+01	1.95E+01	1.69E+01	2.20E+01
Sample273	2.57E+01	1.40E+01	8.28E+00	2.10E+01
Sample274	1.60E+01	1.38E+01	1.09E+01	1.40E+01
Sample275	1.32E+01	2.12E+01	1.21E+01	2.45E+01
Sample276	2.26E+01	1.03E+01	1.01E+01	1.45E+01
Sample277	1.93E+01	1.88E+01	8.49E+00	2.39E+01
Sample278	1.69E+01	1.39E+01	7.50E+00	1.17E+01
Sample279	1.49E+01	1.33E+01	1.04E+01	1.58E+01
Sample280	1.16E+01	1.56E+01	6.32E+00	2.20E+01
Sample281	1.33E+01	1.81E+01	8.68E+00	2.04E+01
Sample282	2.29E+01	2.02E+01	6.92E+00	2.73E+01
Sample283	2.40E+01	2.12E+01	6.57E+00	2.77E+01
Sample284	1.65E+01	1.22E+01	7.39E+00	1.30E+01
Sample285	1.90E+01	1.20E+01	1.09E+01	1.70E+01
Sample286	1.63E+01	1.50E+01	7.90E+00	1.78E+01
Sample287	1.95E+01	1.74E+01	1.01E+01	1.13E+01
Sample288	1.73E+01	1.65E+01	1.20E+01	2.86E+01
Sample289	1.52E+01	1.67E+01	1.09E+01	9.59E+00
Sample290	2.44E+01	1.96E+01	6.17E+00	2.42E+01
Sample291	2.35E+01	2.38E+01	7.93E+00	1.99E+01
Sample292	1.70E+01	1.50E+01	5.17E+00	1.61E+01
Sample293	2.15E+01	1.38E+01	1.26E+01	2.80E+01
Sample294	1.92E+01	9.10E+00	5.55E+00	2.11E+01
Sample295	7.94E+00	1.64E+01	6.30E+00	1.38E+01
Sample296	1.68E+01	1.40E+01	8.80E+00	1.44E+01
Sample297	1.83E+01	1.35E+01	7.54E+00	2.55E+01
Sample298	2.67E+01	9.30E+00	5.02E+00	2.17E+01
Sample299	1.76E+01	1.58E+01	1.13E+01	1.76E+01
Sample300	2.23E+01	2.09E+01	1.06E+01	2.04E+01
Sample301	2.70E+01	2.44E+01	8.78E+00	1.57E+01
Sample302	2.58E+01	2.06E+01	6.76E+00	2.41E+01
Sample303	2.07E+01	1.71E+01	6.73E+00	1.60E+01
Sample304	1.75E+01	1.56E+01	1.33E+01	2.21E+01
Sample305	2.62E+01	1.64E+01	8.71E+00	2.59E+01
Sample306	1.75E+01	1.46E+01	6.33E+00	1.13E+01
Sample307	2.02E+01	1.48E+01	1.26E+01	1.63E+01
Sample308	2.10E+01	1.39E+01	4.12E+00	1.61E+01
Sample309	2.06E+01	2.16E+01	1.20E+01	1.59E+01
Sample310	2.43E+01	1.91E+01	9.01E+00	1.66E+01
Sample311	1.81E+01	1.63E+01	1.09E+01	1.09E+01
Sample312	1.56E+01	1.17E+01	1.37E+01	3.05E+01
Sample313	1.08E+01	1.82E+01	6.31E+00	2.27E+01
Sample314	1.44E+01	1.57E+01	1.50E+01	1.91E+01
Sample315	2.17E+01	2.03E+01	1.29E+01	2.18E+01
Sample316	1.26E+01	1.52E+01	5.91E+00	1.59E+01
Sample317	2.27E+01	1.75E+01	7.54E+00	1.37E+01
Sample318	1.45E+01	1.99E+01	1.28E+01	1.78E+01
Sample319	1.06E+01	1.11E+01	1.21E+01	1.08E+01
Sample320	1.62E+01	1.09E+01	6.84E+00	1.34E+01
Sample321	1.87E+01	1.41E+01	1.14E+01	1.75E+01
Sample322	2.38E+01	1.20E+01	9.55E+00	1.41E+01
Sample323	1.43E+01	1.01E+01	4.95E+00	1.35E+01
Sample324	2.38E+01	1.35E+01	9.42E+00	1.33E+01
Sample325	1.62E+01	2.21E+01	5.84E+00	1.43E+01
Sample326	3.02E+01	2.80E+01	6.13E+00	2.67E+01
Sample327	1.48E+01	1.95E+01	1.06E+01	1.39E+01
Sample328	1.89E+01	1.82E+01	8.61E+00	1.73E+01
Sample329	1.15E+01	1.93E+01	1.05E+01	1.81E+01
Sample330	2.14E+01	1.75E+01	1.01E+01	1.93E+01
Sample331	1.70E+01	1.94E+01	7.99E+00	2.11E+01
Sample332	1.89E+01	1.25E+01	7.94E+00	1.53E+01
Sample333	2.95E+01	1.74E+01	9.33E+00	2.71E+01
Sample334	1.69E+01	1.76E+01	7.53E+00	1.16E+01
Sample335	1.30E+01	1.44E+01	1.29E+01	1.74E+01
Sample336	2.05E+01	1.41E+01	1.63E+01	1.67E+01
Sample337	1.71E+01	1.81E+01	9.81E+00	2.51E+01
Sample338	1.33E+01	1.15E+01	8.96E+00	8.79E+00
Sample339	1.26E+01	1.61E+01	9.38E+00	2.10E+01
Sample340	1.96E+01	1.72E+01	9.60E+00	1.53E+01
Sample341	1.68E+01	1.71E+01	1.07E+01	1.42E+01
Sample342	1.27E+01	1.65E+01	1.23E+01	2.19E+01
Sample343	2.52E+01	3.25E+01	1.12E+01	2.16E+01
Sample344	2.15E+01	1.34E+01	9.72E+00	2.35E+01
Sample345	2.47E+01	2.07E+01	1.10E+01	3.02E+01
Sample346	1.86E+01	1.52E+01	1.27E+01	2.22E+01
Sample347	1.07E+01	1.58E+01	1.01E+01	1.74E+01
Sample348	2.12E+01	2.29E+01	1.60E+01	3.13E+01
Sample349	1.20E+01	1.56E+01	9.50E+00	2.08E+01
Sample350	1.69E+01	1.87E+01	9.99E+00	1.42E+01
Sample351	2.28E+01	2.00E+01	1.07E+01	1.38E+01
Sample352	2.15E+01	1.66E+01	8.75E+00	1.56E+01
Sample353	1.36E+01	1.70E+01	1.56E+01	2.64E+01
Sample354	2.57E+01	1.69E+01	1.29E+01	2.18E+01
Sample355	1.89E+01	1.02E+01	8.08E+00	1.96E+01
Sample356	1.50E+01	1.62E+01	1.01E+01	2.54E+01
Sample357	2.02E+01	1.50E+01	9.95E+00	1.46E+01
Sample358	2.31E+01	1.52E+01	1.63E+01	2.63E+01
Sample359	2.19E+01	2.76E+01	1.05E+01	3.51E+01
Sample360	1.19E+01	1.22E+01	8.67E+00	1.23E+01
Sample361	1.82E+01	1.49E+01	1.03E+01	1.46E+01
Sample362	1.71E+01	1.04E+01	9.27E+00	1.53E+01
Sample363	1.60E+01	1.85E+01	1.17E+01	2.46E+01
Sample364	1.94E+01	1.97E+01	8.38E+00	1.96E+01
Sample365	2.70E+01	1.84E+01	4.30E+00	1.43E+01
Sample366	1.70E+01	1.75E+01	6.82E+00	1.17E+01
Sample367	1.92E+01	1.12E+01	1.19E+01	2.70E+01
Sample368	3.13E+01	2.34E+01	8.12E+00	1.87E+01
Sample369	1.84E+01	8.09E+00	7.26E+00	1.91E+01
Sample370	1.33E+01	1.28E+01	7.05E+00	2.15E+01
Sample371	2.10E+01	1.28E+01	1.03E+01	2.46E+01
Sample372	2.25E+01	2.33E+01	6.99E+00	2.00E+01
Sample373	1.67E+01	2.30E+01	7.10E+00	3.35E+01
Sample374	1.63E+01	1.44E+01	5.87E+00	1.86E+01
Sample375	2.25E+01	1.59E+01	1.03E+01	2.24E+01
Sample376	2.14E+01	1.53E+01	6.52E+00	1.73E+01
Sample377	1.38E+01	1.41E+01	1.28E+01	2.27E+01
Sample378	1.53E+01	1.53E+01	7.22E+00	1.81E+01
Sample379	3.30E+01	1.27E+01	7.74E+00	2.49E+01
Sample380	1.36E+01	1.31E+01	8.48E+00	2.31E+01
Sample381	1.05E+01	1.58E+01	6.94E+00	1.72E+01
Sample382	2.46E+01	2.19E+01	9.90E+00	1.48E+01
Sample383	1.96E+01	1.35E+01	1.35E+01	1.50E+01
Sample384	1.82E+01	1.32E+01	6.81E+00	1.96E+01
Sample385	2.28E+01	1.39E+01	1.24E+01	1.25E+01
Sample386	9.70E+00	1.94E+01	1.06E+01	1.69E+01
Sample387	1.40E+01	1.60E+01	7.19E+00	1.66E+01
Sample388	2.21E+01	2.05E+01	6.40E+00	1.67E+01
Sample389	1.66E+01	1.07E+01	5.40E+00	2.06E+01
Sample390	1.88E+01	1.24E+01	1.29E+01	2.30E+01
Sample391	2.01E+01	8.33E+00	8.88E+00	2.26E+01
Sample392	1.30E+01	1.76E+01	6.92E+00	1.30E+01
Sample393	1.47E+01	2.33E+01	1.26E+01	1.89E+01
Sample394	1.36E+01	1.60E+01	9.86E+00	1.53E+01
Sample395	2.23E+01	1.33E+01	9.83E+00	1.58E+01
Sample396	2.04E+01	1.53E+01	9.48E+00	3.11E+01
Sample397	1.83E+01	1.43E+01	8.84E+00	1.44E+01
Sample398	2.14E+01	2.84E+01	8.46E+00	2.02E+01
Sample399	1.92E+01	1.62E+01	1.03E+01	6.94E+00
Sample400	1.64E+01	1.92E+01	7.64E+00	1.79E+01
Sample401	1.82E+01	9.51E+00	1.07E+01	1.44E+01
Sample402	1.97E+01	1.54E+01	1.19E+01	1.37E+01
Sample403	1.68E+01	1.37E+01	1.00E+01	2.00E+01
Sample404	2.36E+01	2.22E+01	8.25E+00	1.84E+01
Sample405	1.99E+01	1.82E+01	1.27E+01	2.21E+01
Sample406	2.59E+01	1.03E+01	1.02E+01	2.84E+01
Sample407	1.68E+01	1.57E+01	8.77E+00	1.66E+01
Sample408	1.92E+01	1.70E+01	0.00E+00	1.64E+01
Sample409	1.56E+01	1.54E+01	9.40E+00	1.98E+01
Sample410	1.34E+01	1.77E+01	5.20E+00	1.41E+01
Sample411	2.58E+01	2.44E+01	8.27E+00	2.27E+01
Sample412	1.70E+01	2.19E+01	8.20E+00	2.86E+01
Sample413	9.38E+00	1.32E+01	9.88E+00	2.07E+01
Sample414	1.10E+01	1.11E+01	1.03E+01	9.70E+00
Sample415	2.27E+01	2.09E+01	6.44E+00	3.02E+01
Sample416	1.71E+01	1.41E+01	9.56E+00	1.73E+01
Sample417	2.49E+01	1.82E+01	1.03E+01	1.77E+01
Sample418	1.38E+01	1.51E+01	9.34E+00	1.54E+01
Sample419	2.30E+01	1.82E+01	6.40E+00	1.81E+01
Sample420	1.97E+01	2.21E+01	1.13E+01	1.92E+01
Sample421	2.35E+01	1.36E+01	1.22E+01	1.55E+01
Sample422	1.92E+01	1.75E+01	8.28E+00	1.51E+01
Sample423	2.28E+01	1.88E+01	5.42E+00	2.87E+01
Sample424	2.13E+01	1.45E+01	6.26E+00	1.46E+01
Sample425	1.72E+01	1.78E+01	4.28E+00	2.68E+01
Sample426	2.26E+01	1.98E+01	7.44E+00	3.04E+01
Sample427	2.02E+01	1.73E+01	7.02E+00	1.84E+01
Sample428	2.70E+01	1.29E+01	6.11E+00	1.85E+01
Sample429	1.97E+01	1.61E+01	1.14E+01	1.75E+01
Sample430	1.02E+01	1.13E+01	9.75E+00	1.56E+01
Sample431	2.61E+01	2.00E+01	8.70E+00	1.79E+01
Sample432	1.97E+01	1.15E+01	1.28E+01	1.07E+01
Sample433	1.89E+01	1.87E+01	1.92E+01	1.41E+01
Sample434	1.40E+01	9.75E+00	7.33E+00	1.12E+01
Sample435	1.99E+01	2.86E+01	1.29E+01	1.40E+01
Sample436	1.51E+01	1.66E+01	1.01E+01	1.01E+01
Sample437	2.11E+01	1.58E+01	8.84E+00	1.57E+01
Sample438	1.20E+01	0.00E+00	1.30E+01	1.13E+01
Sample439	2.66E+01	2.32E+01	7.77E+00	8.87E+00
Sample440	1.81E+01	2.15E+01	6.65E+00	1.92E+01
Sample441	1.24E+01	2.13E+01	1.16E+01	2.21E+01
Sample442	2.01E+01	1.55E+01	9.74E+00	1.41E+01
Sample443	2.93E+01	2.30E+01	1.39E+01	2.06E+01
Sample444	2.04E+01	2.23E+01	8.64E+00	1.59E+01
Sample445	1.93E+01	8.26E+00	1.04E+01	1.84E+01
Sample446	8.24E+00	1.41E+01	7.21E+00	1.23E+01
Sample447	1.37E+01	1.58E+01	1.29E+01	1.46E+01
Sample448	2.42E+01	1.97E+01	5.32E+00	2.08E+01
Sample449	2.97E+01	1.72E+01	9.14E+00	2.55E+01
Sample450	2.38E+01	1.53E+01	1.26E+01	1.45E+01
Sample451	2.34E+01	1.92E+01	7.95E+00	1.92E+01
Sample452	2.50E+01	1.76E+01	1.61E+01	1.26E+01
Sample453	1.70E+01	1.63E+01	8.11E+00	1.71E+01
Sample454	2.30E+01	1.91E+01	9.24E+00	1.46E+01
Sample455	1.27E+01	9.43E+00	9.82E+00	1.26E+01
Sample456	1.03E+01	1.28E+01	9.58E+00	1.00E+01
Sample457	2.61E+01	1.05E+01	1.01E+01	1.82E+01
Sample458	1.66E+01	1.63E+01	6.83E+00	1.78E+01
Sample459	2.57E+01	3.03E+01	1.24E+01	1.78E+01
Sample460	1.35E+01	1.45E+01	9.78E+00	1.65E+01
Sample461	2.68E+01	1.53E+01	9.44E+00	2.58E+01
Sample462	1.68E+01	1.72E+01	7.23E+00	1.16E+01
Sample463	2.85E+01	1.46E+01	8.80E+00	2.79E+01
Sample464	2.22E+01	2.27E+01	4.98E+00	1.98E+01
Sample465	2.57E+01	1.60E+01	1.14E+01	1.59E+01
Sample466	1.20E+01	1.30E+01	1.26E+01	2.08E+01
Sample467	2.45E+01	1.71E+01	8.90E+00	2.16E+01
Sample468	1.41E+01	1.66E+01	8.47E+00	1.64E+01
Sample469	1.66E+01	1.40E+01	9.61E+00	1.12E+01
Sample470	1.61E+01	1.58E+01	1.01E+01	1.15E+01
Sample471	1.70E+01	1.46E+01	1.36E+01	2.64E+01
Sample472	2.39E+01	1.74E+01	9.59E+00	2.37E+01
Sample473	8.34E+00	9.61E+00	9.08E+00	1.21E+01
Sample474	2.06E+01	2.64E+01	8.71E+00	2.24E+01
Sample475	1.59E+01	1.31E+01	1.00E+01	2.16E+01
Sample476	2.09E+01	1.62E+01	6.96E+00	1.41E+01
Sample477	1.73E+01	1.78E+01	4.09E+00	1.48E+01
Sample478	1.32E+01	1.96E+01	9.79E+00	1.93E+01
Sample479	2.39E+01	3.55E+01	7.59E+00	2.27E+01
Sample480	1.58E+01	1.99E+01	7.04E+00	2.51E+01
Sample481	1.74E+01	1.95E+01	6.92E+00	2.33E+01
Sample482	2.25E+01	1.42E+01	1.14E+01	2.09E+01
Sample483	2.60E+01	2.59E+01	1.37E+01	3.52E+01
Sample484	1.36E+01	1.71E+01	1.38E+01	1.90E+01
Sample485	2.80E+01	2.27E+01	9.75E+00	2.16E+01
Sample486	2.19E+01	2.37E+01	1.05E+01	1.77E+01
Sample487	1.76E+01	1.30E+01	1.09E+01	2.38E+01
Sample488	1.90E+01	1.95E+01	7.92E+00	2.12E+01
Sample489	1.70E+01	1.74E+01	1.07E+01	1.09E+01
Sample490	1.83E+01	1.26E+01	9.97E+00	2.49E+01
Sample491	1.65E+01	1.78E+01	1.07E+01	1.08E+01
Sample492	1.09E+01	1.15E+01	1.46E+01	1.41E+01
Sample493	2.95E+01	1.40E+01	1.32E+01	2.04E+01
Sample494	2.08E+01	2.41E+01	1.18E+01	2.25E+01
Sample495	2.52E+01	1.15E+01	8.25E+00	1.99E+01
Sample496	1.59E+01	1.25E+01	1.22E+01	1.49E+01
Sample497	2.03E+01	1.52E+01	0.00E+00	2.03E+01
Sample498	1.65E+01	1.32E+01	7.69E+00	1.15E+01
Sample499	1.82E+01	1.17E+01	1.14E+01	1.61E+01
Sample500	1.34E+01	1.60E+01	1.07E+01	2.56E+01
Sample501	2.32E+01	1.93E+01	9.08E+00	1.25E+01
Sample502	2.81E+01	1.43E+01	6.74E+00	2.62E+01
Sample503	1.51E+01	1.58E+01	6.59E+00	1.76E+01
Sample504	1.04E+01	1.04E+01	9.57E+00	1.05E+01
Sample505	2.19E+01	1.43E+01	6.38E+00	1.66E+01
Sample506	2.81E+01	2.52E+01	5.31E+00	1.44E+01
Sample507	1.28E+01	6.80E+00	9.55E+00	1.19E+01
Sample508	1.53E+01	1.63E+01	7.55E+00	1.10E+01
Sample509	1.00E+01	1.68E+01	8.71E+00	1.88E+01
Sample510	1.27E+01	1.97E+01	9.67E+00	1.19E+01
Sample511	1.73E+01	1.18E+01	1.36E+01	6.24E+00
Sample512	1.27E+01	1.65E+01	1.18E+01	1.47E+01
Sample513	2.33E+01	2.29E+01	1.29E+01	1.79E+01
Sample514	1.07E+01	2.17E+01	1.39E+01	2.26E+01
Sample515	1.86E+01	2.81E+01	6.76E+00	1.66E+01
Sample516	1.14E+01	1.57E+01	7.84E+00	1.94E+01
Sample517	2.12E+01	1.29E+01	6.38E+00	2.15E+01
Sample518	1.69E+01	1.45E+01	1.70E+01	1.45E+01
Sample519	8.18E+00	1.19E+01	9.65E+00	1.02E+01
Sample520	1.80E+01	1.90E+01	7.81E+00	1.84E+01
Sample521	2.03E+01	2.12E+01	1.08E+01	2.46E+01
Sample522	1.54E+01	1.53E+01	8.44E+00	1.86E+01
Sample523	1.69E+01	1.14E+01	9.67E+00	2.00E+01
Sample524	4.27E+00	1.11E+01	1.01E+01	1.62E+01
Sample525	2.16E+01	1.75E+01	5.16E+00	1.95E+01
Sample526	1.85E+01	2.26E+01	1.18E+01	1.72E+01
Sample527	2.31E+01	1.16E+01	8.76E+00	2.79E+01
Sample528	1.89E+01	1.62E+01	6.71E+00	1.76E+01
Sample529	1.50E+01	1.43E+01	7.32E+00	1.19E+01
Sample530	1.85E+01	2.45E+01	8.68E+00	1.06E+01
Sample531	1.30E+01	1.13E+01	8.86E+00	9.53E+00
Sample532	1.10E+01	1.83E+01	1.17E+01	2.24E+01
Sample533	1.90E+01	1.35E+01	1.21E+01	1.61E+01
Sample534	1.87E+01	1.71E+01	5.06E+00	1.42E+01
Sample535	2.18E+01	1.30E+01	8.24E+00	2.37E+01
Sample536	2.35E+01	2.28E+01	9.13E+00	1.38E+01
Sample537	2.45E+01	1.67E+01	1.09E+01	2.49E+01
Sample538	1.34E+01	1.53E+01	7.28E+00	1.85E+01
Sample539	2.97E+01	1.71E+01	9.22E+00	2.95E+01
Sample540	2.23E+01	1.89E+01	1.47E+01	2.11E+01
Sample541	1.66E+01	1.54E+01	1.41E+01	1.14E+01
Sample542	2.05E+01	1.24E+01	1.18E+01	1.76E+01
Sample543	1.88E+01	1.52E+01	8.09E+00	1.43E+01
Sample544	2.45E+01	2.26E+01	1.21E+01	2.01E+01
Sample545	3.00E+01	1.41E+01	1.51E+01	3.77E+01
Sample546	1.52E+01	2.13E+01	1.04E+01	2.02E+01
Sample547	2.08E+01	2.06E+01	9.00E+00	1.30E+01
Sample548	2.14E+01	1.58E+01	1.06E+01	1.59E+01
Sample549	2.10E+01	1.76E+01	1.39E+01	2.08E+01
Sample550	1.50E+01	2.80E+01	7.86E+00	2.27E+01
Sample551	1.59E+01	1.81E+01	9.30E+00	2.39E+01
Sample552	1.46E+01	1.73E+01	9.58E+00	1.32E+01
Sample553	1.44E+01	1.65E+01	6.57E+00	1.62E+01
Sample554	1.28E+01	1.42E+01	9.01E+00	1.37E+01
Sample555	2.17E+01	1.41E+01	6.47E+00	1.92E+01
Sample556	2.30E+01	1.72E+01	8.52E+00	2.03E+01
Sample557	2.62E+01	1.91E+01	1.14E+01	2.04E+01
Sample558	1.64E+01	1.32E+01	9.81E+00	1.69E+01
Sample559	1.27E+01	1.28E+01	9.68E+00	1.46E+01
Sample560	2.20E+01	1.34E+01	1.47E+01	1.42E+01
Sample561	1.81E+01	1.69E+01	7.95E+00	1.05E+01
Sample562	1.71E+01	2.23E+01	4.50E+00	1.10E+01
Sample563	1.11E+01	1.23E+01	1.23E+01	2.05E+01
Sample564	1.17E+01	1.32E+01	7.64E+00	1.47E+01
Sample565	1.41E+01	2.01E+01	8.52E+00	4.18E+00
Sample566	1.24E+01	1.63E+01	7.30E+00	2.31E+01
Sample567	2.36E+01	1.24E+01	1.06E+01	2.24E+01
Sample568	2.27E+01	2.02E+01	1.12E+01	1.60E+01
Sample569	1.83E+01	2.58E+01	1.34E+01	1.59E+01
Sample570	1.40E+01	1.54E+01	6.17E+00	6.93E+00
Sample571	3.34E+01	2.45E+01	9.42E+00	1.33E+01
Sample572	2.15E+01	9.09E+00	1.05E+01	2.33E+01
Sample573	2.75E+01	1.91E+01	8.79E+00	1.01E+01
Sample574	2.14E+01	1.41E+01	1.09E+01	2.32E+01
Sample575	2.76E+01	1.97E+01	1.71E+01	2.20E+01
Sample576	1.98E+01	1.88E+01	1.38E+01	1.70E+01
Sample577	1.81E+01	3.69E+00	3.23E+00	1.81E+01
Sample578	2.49E+01	1.70E+01	1.00E+01	2.05E+01
Sample579	1.97E+01	1.39E+01	9.38E+00	8.86E+00
Sample580	1.37E+01	1.64E+01	8.86E+00	2.23E+01
Sample581	1.50E+01	1.57E+01	5.40E+00	8.94E+00
Sample582	1.58E+01	9.67E+00	1.90E+01	2.00E+01
Sample583	1.65E+01	2.12E+01	9.86E+00	1.41E+01
Sample584	2.08E+01	1.83E+01	1.20E+01	2.17E+01
Sample585	1.88E+01	2.36E+01	1.59E+01	2.87E+01
Sample586	1.52E+01	1.10E+01	7.87E+00	1.73E+01
Sample587	1.60E+01	1.60E+01	1.50E+01	2.00E+01
Sample588	2.08E+01	1.38E+01	9.94E+00	1.95E+01
Sample589	2.07E+01	1.56E+01	9.84E+00	2.85E+01
Sample590	1.25E+01	1.13E+01	7.14E+00	1.54E+01
Sample591	2.44E+01	1.21E+01	7.80E+00	2.40E+01
Sample592	2.18E+01	2.10E+01	1.13E+01	2.01E+01
Sample593	2.56E+01	1.63E+01	1.05E+01	1.11E+01
Sample594	1.70E+01	1.87E+01	1.16E+01	1.25E+01
Sample595	1.25E+01	7.86E+00	9.58E+00	1.35E+01
Sample596	2.51E+01	1.55E+01	5.02E+00	1.77E+01
Sample597	1.86E+01	1.70E+01	6.52E+00	2.06E+01
Sample598	2.45E+01	2.07E+01	9.81E+00	2.48E+01
Sample599	1.68E+01	1.65E+01	5.18E+00	1.38E+01
Sample600	9.52E+00	1.37E+01	1.15E+01	1.69E+01
Sample601	1.77E+01	1.19E+01	8.70E+00	1.34E+01
Sample602	1.84E+01	1.83E+01	7.91E+00	1.91E+01
Sample603	2.18E+01	1.47E+01	9.28E+00	1.28E+01
Sample604	2.11E+01	1.35E+01	6.50E+00	2.01E+01
Sample605	1.63E+01	1.37E+01	9.99E+00	1.56E+01
Sample606	2.03E+01	1.82E+01	1.41E+01	2.12E+01
Sample607	1.60E+01	2.13E+01	7.61E+00	1.39E+01
Sample608	1.78E+01	1.70E+01	8.57E+00	1.14E+01
Sample609	9.49E+00	1.22E+01	1.31E+01	1.46E+01
Sample610	1.61E+01	1.01E+01	1.22E+01	1.65E+01
Sample611	1.31E+01	2.07E+01	8.30E+00	1.79E+01
Sample612	1.84E+01	4.82E+00	1.41E+01	2.08E+01
Sample613	1.58E+01	1.61E+01	1.16E+01	2.10E+01
Sample614	1.62E+01	1.93E+01	1.63E+01	7.90E+00
Sample615	2.39E+01	2.56E+01	1.06E+01	2.00E+01
Sample616	2.31E+01	1.92E+01	8.44E+00	1.45E+01
Sample617	2.06E+01	2.52E+01	1.61E+01	3.79E+01
Sample618	2.34E+01	1.29E+01	4.92E+00	1.70E+01
Sample619	1.81E+01	1.59E+01	9.43E+00	1.41E+01
Sample620	2.30E+01	1.07E+01	1.06E+01	1.90E+01
Sample621	1.15E+01	1.79E+01	9.39E+00	2.09E+01
Sample622	1.51E+01	1.78E+01	9.87E+00	2.17E+01
Sample623	2.34E+01	2.26E+01	6.31E+00	2.13E+01
Sample624	1.39E+01	1.24E+01	1.23E+01	2.04E+01
Sample625	1.07E+01	2.12E+00	1.14E+01	1.74E+01
Sample626	2.98E+01	2.03E+01	9.27E+00	3.08E+01
Sample627	1.89E+01	2.29E+01	1.34E+01	2.19E+01
Sample628	2.14E+01	1.73E+01	8.75E+00	3.02E+01
Sample629	2.26E+01	2.44E+01	6.05E+00	1.59E+01
Sample630	2.17E+01	1.77E+01	1.24E+01	1.77E+01
Sample631	2.14E+01	2.01E+01	7.42E+00	1.17E+01
Sample632	1.30E+01	1.52E+01	1.33E+01	2.52E+01
Sample633	1.69E+01	2.23E+01	8.86E+00	2.96E+01
Sample634	1.55E+01	2.28E+01	8.66E+00	7.64E+00
Sample635	1.56E+01	1.80E+01	7.09E+00	1.58E+01
Sample636	1.14E+01	1.33E+01	8.35E+00	1.18E+01
Sample637	1.82E+01	1.78E+01	9.13E+00	2.36E+01
Sample638	1.25E+01	1.19E+01	9.42E+00	1.46E+01
Sample639	1.60E+01	1.46E+01	4.60E+00	1.46E+01
Sample640	1.84E+01	9.26E+00	9.82E+00	1.72E+01
Sample641	1.28E+01	9.27E+00	6.06E+00	8.91E+00
Sample642	2.03E+01	1.67E+01	8.13E+00	1.16E+01
Sample643	1.33E+01	1.72E+01	1.37E+01	2.14E+01
Sample644	1.99E+01	1.62E+01	9.90E+00	1.71E+01
Sample645	1.85E+01	1.35E+01	8.00E+00	1.27E+01
Sample646	1.85E+01	1.67E+01	1.50E+01	1.19E+01
Sample647	1.14E+01	1.53E+01	9.14E+00	2.09E+01
Sample648	2.16E+01	1.54E+01	6.59E+00	1.76E+01
Sample649	1.79E+01	1.70E+01	4.31E+00	2.15E+01
Sample650	2.23E+01	1.76E+01	8.07E+00	1.84E+01
Sample651	1.33E+01	9.02E+00	1.05E+01	2.11E+01
Sample652	1.71E+01	2.47E+01	7.04E+00	2.38E+01
Sample653	2.01E+01	1.98E+01	1.11E+01	2.40E+01
Sample654	1.57E+01	1.97E+01	1.23E+01	2.29E+01
Sample655	9.73E+00	1.30E+01	1.12E+01	1.22E+01
Sample656	1.39E+01	1.66E+01	5.52E+00	1.78E+01
Sample657	2.30E+01	1.98E+01	8.41E+00	1.61E+01
Sample658	3.19E+01	1.89E+01	1.27E+01	1.92E+01
Sample659	1.80E+01	9.07E+00	1.22E+01	2.11E+01
Sample660	9.57E+00	1.11E+01	1.11E+01	1.79E+01
Sample661	2.57E+01	1.44E+01	7.82E+00	2.88E+01
Sample662	2.83E+01	1.95E+01	6.90E+00	2.39E+01
Sample663	1.52E+01	1.80E+01	1.37E+01	2.04E+01
Sample664	1.85E+01	1.96E+01	1.13E+01	2.00E+01
Sample665	2.18E+01	2.27E+01	1.34E+01	2.80E+01
Sample666	1.88E+01	1.41E+01	1.03E+01	1.89E+01
Sample667	2.12E+01	2.15E+01	8.98E+00	1.38E+01
Sample668	2.41E+01	1.89E+01	8.17E+00	2.39E+01
Sample669	1.49E+01	1.26E+01	1.08E+01	2.26E+01
Sample670	2.36E+01	1.66E+01	8.51E+00	1.68E+01
Sample671	1.01E+01	1.20E+01	9.76E+00	1.67E+01
Sample672	7.36E+00	1.43E+01	1.27E+01	2.12E+01
Sample673	1.84E+01	1.39E+01	1.01E+01	1.85E+01
Sample674	1.60E+01	1.47E+01	9.31E+00	2.08E+01
Sample675	2.74E+01	1.08E+01	7.84E+00	2.74E+01
Sample676	1.56E+01	6.52E+00	8.99E+00	1.48E+01
Sample677	1.75E+01	1.67E+01	1.26E+01	2.17E+01
Sample678	2.06E+01	1.58E+01	9.04E+00	1.36E+01
Sample679	1.21E+01	1.06E+01	1.05E+01	1.89E+01
Sample680	2.27E+01	1.43E+01	7.70E+00	1.51E+01
Sample681	1.90E+01	2.00E+01	1.03E+01	1.89E+01
Sample682	1.91E+01	1.53E+01	7.07E+00	1.42E+01
Sample683	2.57E+01	1.66E+01	1.01E+01	1.52E+01
Sample684	1.88E+01	1.73E+01	9.66E+00	2.25E+01
Sample685	1.56E+01	1.55E+01	9.99E+00	1.16E+01
Sample686	1.47E+01	1.43E+01	5.03E+00	7.41E+00
Sample687	1.34E+01	1.43E+01	1.11E+01	1.18E+01
Sample688	1.50E+01	1.45E+01	7.32E+00	1.86E+01
Sample689	1.10E+01	1.36E+01	8.21E+00	1.04E+01
Sample690	2.19E+01	2.55E+01	6.40E+00	2.26E+01
Sample691	8.64E+00	1.66E+01	7.02E+00	1.39E+01
Sample692	2.47E+01	1.50E+01	8.82E+00	1.53E+01
Sample693	1.43E+01	2.12E+01	1.04E+01	2.21E+01
Sample694	1.47E+01	1.42E+01	5.50E+00	1.61E+01
Sample695	1.18E+01	1.33E+01	1.44E+01	2.05E+01
Sample696	2.44E+01	2.49E+01	1.00E+01	2.26E+01
Sample697	2.26E+01	1.58E+01	7.14E+00	1.80E+01
Sample698	2.36E+01	1.45E+01	1.32E+01	1.48E+01
Sample699	2.18E+01	2.07E+01	7.41E+00	2.10E+01
Sample700	2.38E+01	3.19E+01	1.02E+01	3.21E+01
Sample701	2.06E+01	1.74E+01	5.97E+00	1.00E+01
Sample702	1.95E+01	1.60E+01	8.37E+00	1.90E+01
Sample703	2.15E+01	2.62E+01	1.47E+01	2.38E+01
Sample704	1.41E+01	1.66E+01	9.12E+00	2.14E+01
Sample705	1.76E+01	8.55E+00	1.02E+01	2.05E+01
Sample706	2.09E+01	2.24E+01	7.67E+00	2.17E+01
Sample707	1.41E+01	1.40E+01	1.06E+01	1.99E+01
Sample708	3.32E+01	1.53E+01	1.01E+01	3.07E+01
Sample709	2.09E+01	2.37E+01	9.02E+00	3.11E+01
Sample710	1.75E+01	1.61E+01	8.66E+00	1.65E+01
Sample711	2.01E+01	1.19E+01	1.21E+01	1.33E+01
Sample712	1.81E+01	1.83E+01	1.50E+01	3.36E+01
Sample713	8.38E+00	1.23E+01	6.28E+00	1.01E+01
Sample714	1.78E+01	2.36E+01	7.37E+00	2.27E+01
Sample715	2.09E+01	2.19E+01	7.62E+00	2.68E+01
Sample716	2.47E+01	1.57E+01	1.13E+01	2.10E+01
Sample717	2.46E+01	1.57E+01	8.10E+00	1.48E+01
Sample718	1.36E+01	2.16E+01	1.03E+01	1.73E+01
Sample719	1.62E+01	2.19E+01	1.19E+01	1.41E+01
Sample720	2.29E+01	1.53E+01	7.63E+00	1.28E+01
Sample721	2.08E+01	1.68E+01	7.48E+00	1.64E+01
Sample722	1.77E+01	1.12E+01	1.02E+01	1.63E+01
Sample723	1.74E+01	1.38E+01	8.89E+00	1.71E+01
Sample724	1.87E+01	1.26E+01	9.34E+00	8.51E+00
Sample725	1.86E+01	1.33E+01	9.00E+00	1.85E+01
Sample726	3.04E+01	2.15E+01	1.19E+01	1.65E+01
Sample727	1.48E+01	1.29E+01	9.83E+00	1.68E+01
Sample728	1.65E+01	1.22E+01	9.36E+00	1.51E+01
Sample729	1.45E+01	1.46E+01	7.03E+00	1.93E+01
Sample730	1.34E+01	1.60E+01	9.85E+00	2.08E+01
Sample731	1.67E+01	9.81E+00	1.18E+01	2.16E+01
Sample732	1.48E+01	1.60E+01	7.96E+00	1.83E+01
Sample733	1.02E+01	1.25E+01	7.40E+00	1.19E+01
Sample734	3.38E+01	2.01E+01	5.74E+00	2.00E+01
Sample735	2.06E+01	1.65E+01	1.21E+01	2.05E+01
Sample736	2.16E+01	2.12E+01	7.10E+00	1.21E+01
Sample737	1.57E+01	1.85E+01	1.35E+01	1.65E+01
Sample738	1.71E+01	1.64E+01	1.31E+01	2.70E+01
Sample739	1.60E+01	1.33E+01	9.57E+00	1.53E+01
Sample740	1.27E+01	1.19E+01	1.56E+01	1.23E+01
Sample741	2.09E+01	1.60E+01	8.00E+00	1.99E+01
Sample742	1.47E+01	1.32E+01	7.08E+00	1.71E+01
Sample743	2.73E+01	2.38E+01	9.23E+00	2.20E+01
Sample744	1.78E+01	2.18E+01	7.69E+00	1.90E+01
Sample745	1.55E+01	9.00E+00	1.09E+01	1.58E+01
Sample746	3.17E+01	2.84E+01	8.26E+00	1.06E+01
Sample747	1.42E+01	1.82E+01	8.93E+00	2.27E+01
Sample748	2.09E+01	2.30E+01	6.33E+00	1.64E+01
Sample749	2.05E+01	1.87E+01	8.89E+00	9.26E+00
Sample750	2.14E+01	1.52E+01	7.65E+00	2.47E+01
Sample751	2.54E+01	1.08E+01	8.84E+00	1.26E+01
Sample752	2.76E+01	1.30E+01	6.12E+00	1.65E+01
Sample753	1.58E+01	1.19E+01	8.03E+00	1.82E+01
Sample754	1.52E+01	8.08E+00	8.75E+00	1.40E+01
Sample755	2.68E+01	1.60E+01	6.89E+00	1.49E+01
Sample756	2.23E+01	1.21E+01	5.43E+00	1.97E+01
Sample757	2.39E+01	2.71E+01	1.17E+01	1.57E+01
Sample758	1.41E+01	1.62E+01	1.35E+01	2.50E+01
Sample759	2.70E+01	2.77E+01	9.87E+00	1.67E+01
Sample760	1.89E+01	1.59E+01	6.69E+00	2.47E+01
Sample761	2.42E+01	1.72E+01	1.57E+01	1.32E+01
Sample762	1.74E+01	1.39E+01	1.06E+01	1.85E+01
Sample763	1.09E+01	2.00E+01	3.55E+00	1.56E+01
Sample764	1.22E+01	2.26E+01	9.26E+00	1.70E+01
Sample765	2.36E+01	2.12E+01	9.37E+00	1.52E+01
Sample766	2.65E+01	1.53E+01	1.16E+01	1.81E+01
Sample767	2.24E+01	2.23E+01	0.00E+00	2.26E+01
Sample768	1.11E+01	1.83E+01	7.65E+00	1.15E+01
Sample769	1.83E+01	1.42E+01	9.05E+00	1.87E+01
Sample770	9.32E+00	1.79E+01	8.13E+00	2.50E+01
Sample771	1.57E+01	1.61E+01	6.90E+00	1.55E+01
Sample772	7.97E+00	1.51E+01	9.11E+00	1.10E+01
Sample773	2.86E+01	1.82E+01	5.96E+00	1.37E+01
Sample774	3.00E+01	1.31E+01	1.10E+01	2.81E+01
Sample775	1.58E+01	1.53E+01	9.71E+00	1.28E+01
Sample776	2.65E+01	2.21E+01	8.78E+00	7.46E+00
Sample777	1.83E+01	1.02E+01	8.23E+00	1.94E+01
Sample778	1.25E+01	1.02E+01	8.03E+00	1.11E+01
Sample779	2.97E+01	1.72E+01	6.56E+00	1.96E+01
Sample780	1.28E+01	1.64E+01	5.86E+00	1.39E+01
Sample781	2.57E+01	1.86E+01	6.38E+00	1.16E+01
Sample782	2.30E+01	1.88E+01	8.58E+00	1.95E+01
Sample783	9.60E+00	1.45E+01	8.17E+00	1.95E+01
Sample784	1.81E+01	4.74E+00	7.99E+00	1.71E+01
Sample785	1.70E+01	1.13E+01	7.26E+00	1.91E+01
Sample786	1.72E+01	2.22E+01	4.75E+00	1.37E+01
Sample787	2.74E+01	1.70E+01	7.77E+00	1.85E+01
Sample788	2.81E+01	2.48E+01	7.87E+00	2.59E+01
Sample789	1.90E+01	2.42E+01	8.64E+00	1.41E+01
Sample790	2.10E+01	1.51E+01	7.85E+00	2.56E+01
Sample791	1.48E+01	8.43E+00	1.01E+01	1.57E+01
Sample792	2.02E+01	1.53E+01	1.24E+01	1.97E+01
Sample793	2.29E+01	2.26E+01	7.55E+00	9.46E+00
Sample794	1.80E+01	1.05E+01	6.86E+00	1.76E+01
Sample795	2.07E+01	8.54E+00	1.33E+01	2.12E+01
Sample796	2.04E+01	1.33E+01	1.13E+01	2.15E+01
Sample797	1.64E+01	8.91E+00	8.91E+00	1.84E+01
Sample798	1.42E+01	2.05E+01	8.87E+00	1.37E+01
Sample799	1.50E+01	6.61E+00	8.36E+00	2.15E+01
Sample800	1.95E+01	1.14E+01	7.48E+00	1.37E+01
Sample801	2.11E+01	1.88E+01	1.28E+01	1.73E+01
Sample802	1.02E+01	1.04E+01	5.26E+00	1.24E+01
Sample803	2.56E+01	2.17E+01	9.19E+00	1.96E+01
Sample804	2.03E+01	1.78E+01	9.03E+00	2.23E+01
Sample805	2.30E+01	1.86E+01	9.08E+00	1.65E+01
Sample806	1.90E+01	1.56E+01	1.08E+01	1.85E+01
Sample807	9.21E+00	8.78E+00	1.25E+01	1.81E+01
Sample808	1.73E+01	1.37E+01	6.16E+00	1.31E+01
Sample809	1.39E+01	7.37E+00	7.71E+00	1.43E+01
Sample810	2.14E+01	1.67E+01	1.13E+01	7.27E+00
Sample811	1.37E+01	1.40E+01	1.03E+01	1.50E+01
Sample812	1.68E+01	1.91E+01	1.42E+01	3.01E+01
Sample813	2.26E+01	1.61E+01	1.13E+01	9.46E+00
Sample814	1.57E+01	8.16E+00	9.24E+00	1.95E+01
Sample815	1.16E+01	1.45E+01	8.49E+00	1.14E+01
Sample816	1.91E+01	1.21E+01	9.59E+00	1.37E+01
Sample817	3.06E+01	2.85E+01	9.21E+00	1.65E+01
Sample818	2.45E+01	2.12E+01	1.10E+01	1.67E+01
Sample819	1.30E+01	1.18E+01	1.10E+01	2.46E+01
Sample820	1.21E+01	1.70E+01	1.00E+01	1.93E+01
Sample821	1.50E+01	1.16E+01	7.63E+00	1.53E+01
Sample822	1.42E+01	1.62E+01	8.78E+00	1.92E+01
Sample823	1.49E+01	1.89E+01	9.17E+00	1.50E+01
Sample824	2.50E+01	1.80E+01	1.04E+01	1.48E+01
Sample825	1.71E+01	1.53E+01	7.01E+00	1.48E+01
Sample826	1.15E+01	9.74E+00	1.13E+01	2.26E+01
Sample827	2.52E+01	1.62E+01	1.06E+01	2.14E+01
Sample828	1.60E+01	1.25E+01	1.08E+01	1.66E+01
Sample829	1.11E+01	1.38E+01	6.19E+00	1.25E+01
Sample830	2.64E+01	1.85E+01	1.27E+01	2.19E+01
Sample831	3.35E+01	2.42E+01	1.01E+01	2.55E+01
Sample832	1.80E+01	1.70E+01	6.20E+00	1.70E+01
Sample833	1.87E+01	1.81E+01	4.38E+00	1.61E+01
Sample834	1.21E+01	2.03E+01	8.40E+00	2.69E+01
Sample835	1.25E+01	1.03E+01	9.86E+00	1.99E+01
Sample836	2.18E+01	2.60E+01	8.22E+00	1.82E+01
Sample837	1.26E+01	1.44E+01	1.08E+01	1.67E+01
Sample838	1.87E+01	1.49E+01	6.67E+00	1.74E+01
Sample839	2.05E+01	2.13E+01	1.16E+01	3.41E+01
Sample840	2.34E+01	2.15E+01	1.67E+01	1.97E+01
Sample841	1.31E+01	9.90E+00	1.31E+01	1.22E+01
Sample842	7.43E+00	1.29E+01	1.08E+01	5.26E+00
Sample843	2.03E+01	1.56E+01	7.82E+00	1.40E+01
Sample844	2.68E+01	2.61E+01	8.47E+00	1.58E+01
Sample845	2.04E+01	1.42E+01	9.16E+00	1.12E+01
Sample846	1.47E+01	1.75E+01	1.12E+01	1.54E+01
Sample847	1.54E+01	1.36E+01	1.05E+01	1.07E+01
Sample848	1.93E+01	1.24E+01	9.01E+00	1.15E+01
Sample849	1.70E+01	1.09E+01	9.33E+00	2.58E+01
Sample850	1.90E+01	1.37E+01	1.13E+01	1.65E+01
Sample851	2.62E+01	2.15E+01	1.34E+01	2.85E+01
Sample852	2.24E+01	1.62E+01	8.45E+00	1.80E+01
Sample853	2.27E+01	2.21E+01	1.18E+01	2.23E+01
Sample854	2.24E+01	1.76E+01	1.02E+01	1.43E+01
Sample855	1.91E+01	1.63E+01	7.91E+00	2.50E+01
Sample856	1.65E+01	2.27E+01	9.75E+00	2.45E+01
Sample857	1.95E+01	2.19E+01	7.79E+00	2.14E+01
Sample858	3.31E+01	1.93E+01	1.04E+01	2.15E+01
Sample859	2.19E+01	2.22E+01	8.96E+00	3.47E+01
Sample860	2.50E+01	1.39E+01	1.26E+01	2.30E+01
Sample861	1.91E+01	1.81E+01	9.51E+00	1.80E+01
Sample862	2.67E+01	1.84E+01	1.49E+01	2.18E+01
Sample863	1.80E+01	1.16E+01	1.17E+01	1.83E+01
Sample864	2.04E+01	1.75E+01	1.01E+01	2.66E+01
Sample865	2.21E+01	1.04E+01	8.51E+00	2.10E+01
Sample866	1.34E+01	1.50E+01	1.01E+01	2.33E+01
Sample867	2.37E+01	1.88E+01	7.98E+00	1.98E+01
Sample868	2.09E+01	1.70E+01	6.16E+00	1.40E+01
Sample869	2.10E+01	2.77E+01	1.05E+01	1.39E+01
Sample870	1.60E+01	1.36E+01	9.93E+00	2.50E+01
Sample871	2.87E+01	2.21E+01	8.69E+00	1.65E+01
Sample872	1.51E+01	1.40E+01	1.02E+01	1.20E+01
Sample873	1.65E+01	1.65E+01	1.11E+01	1.59E+01
Sample874	2.73E+01	1.85E+01	4.87E+00	2.04E+01
Sample875	1.57E+01	1.12E+01	8.50E+00	1.98E+01
Sample876	2.88E+01	2.20E+01	6.12E+00	2.19E+01
Sample877	2.34E+01	2.51E+01	4.74E+00	1.41E+01
Sample878	1.72E+01	2.51E+01	1.22E+01	1.92E+01
Sample879	2.19E+01	2.26E+01	1.09E+01	2.35E+01
Sample880	2.48E+01	1.93E+01	1.16E+01	1.56E+01
Sample881	2.08E+01	1.29E+01	1.06E+01	1.84E+01
Sample882	1.39E+01	1.95E+01	6.70E+00	1.28E+01
Sample883	1.79E+01	1.26E+01	4.70E+00	1.55E+01
Sample884	1.09E+01	1.71E+01	7.64E+00	1.62E+01
Sample885	2.11E+01	1.77E+01	1.17E+01	1.23E+01
Sample886	1.76E+01	2.20E+01	9.64E+00	2.17E+01
Sample887	1.39E+01	1.40E+01	7.74E+00	1.58E+01
Sample888	1.32E+01	1.79E+01	1.12E+01	1.92E+01
Sample889	2.32E+01	2.59E+01	9.65E+00	1.17E+01
Sample890	1.41E+01	8.53E+00	9.21E+00	2.17E+01
Sample891	1.71E+01	1.53E+01	7.77E+00	9.69E+00
Sample892	2.17E+01	1.89E+01	5.08E+00	1.95E+01
Sample893	2.30E+01	1.59E+01	1.20E+01	2.01E+01
Sample894	1.99E+01	1.07E+01	9.72E+00	2.03E+01
Sample895	1.86E+01	2.36E+01	7.70E+00	1.87E+01
Sample896	1.49E+01	1.56E+01	9.79E+00	9.75E+00
Sample897	1.67E+01	1.60E+01	1.23E+01	1.66E+01
Sample898	2.37E+01	1.80E+01	1.25E+01	2.52E+01
Sample899	2.37E+01	2.38E+01	1.38E+01	1.48E+01
Sample900	2.33E+01	1.62E+01	6.23E+00	2.42E+01
Sample901	1.36E+01	9.67E+00	8.83E+00	1.10E+01
Sample902	1.66E+01	1.44E+01	7.86E+00	1.12E+01
Sample903	1.99E+01	1.41E+01	1.05E+01	2.08E+01
Sample904	1.56E+01	2.29E+01	5.08E+00	1.94E+01
Sample905	2.40E+01	2.11E+01	1.63E+01	2.33E+01
Sample906	3.16E+01	1.73E+01	8.73E+00	1.77E+01
Sample907	1.36E+01	1.57E+01	8.04E+00	1.81E+01
Sample908	1.34E+01	8.51E+00	6.18E+00	9.52E+00
Sample909	1.48E+01	8.21E+00	8.26E+00	1.62E+01
Sample910	2.31E+01	2.09E+01	1.14E+01	2.22E+01
Sample911	2.55E+01	2.27E+01	8.10E+00	1.17E+01
Sample912	2.17E+01	2.23E+01	7.99E+00	1.53E+01
Sample913	2.65E+01	1.34E+01	9.72E+00	2.83E+01
Sample914	2.57E+01	1.42E+01	8.51E+00	2.13E+01
Sample915	1.06E+01	6.17E+00	1.19E+01	1.51E+01
Sample916	2.89E+01	1.87E+01	1.05E+01	1.80E+01
Sample917	2.14E+01	2.13E+01	1.28E+01	3.08E+01
Sample918	1.98E+01	2.13E+01	4.94E+00	1.41E+01
Sample919	1.68E+01	2.17E+01	1.29E+01	2.16E+01
Sample920	1.91E+01	1.27E+01	8.24E+00	1.63E+01
Sample921	1.47E+01	1.41E+01	1.38E+01	1.81E+01
Sample922	1.92E+01	1.58E+01	1.29E+01	1.57E+01
Sample923	2.11E+01	1.56E+01	1.31E+01	1.90E+01
Sample924	2.77E+01	2.40E+01	1.06E+01	1.88E+01
Sample925	1.43E+01	2.35E+01	1.07E+01	2.85E+01
Sample926	2.56E+01	1.96E+01	4.45E+00	1.75E+01
Sample927	1.78E+01	1.98E+01	1.05E+01	2.10E+01
Sample928	9.75E+00	1.21E+01	9.32E+00	9.71E+00
Sample929	2.21E+01	1.14E+01	1.21E+01	1.69E+01
Sample930	1.62E+01	1.45E+01	9.88E+00	1.19E+01
Sample931	1.92E+01	2.04E+01	5.96E+00	6.47E+00
Sample932	1.79E+01	1.76E+01	9.06E+00	1.22E+01
Sample933	2.26E+01	1.01E+01	1.56E+01	1.70E+01
Sample934	1.97E+01	2.27E+01	1.10E+01	2.56E+01
Sample935	1.71E+01	1.92E+01	1.03E+01	1.40E+01
Sample936	2.02E+01	7.14E+00	1.12E+01	1.56E+01
Sample937	1.15E+01	1.96E+01	6.99E+00	1.84E+01
Sample938	1.44E+01	1.12E+01	9.50E+00	1.56E+01
Sample939	1.84E+01	8.05E+00	7.05E+00	2.36E+01
Sample940	1.07E+01	1.27E+01	6.13E+00	1.70E+01
Sample941	1.19E+01	9.73E+00	1.06E+01	1.21E+01
Sample942	2.67E+01	1.71E+01	1.04E+01	1.88E+01
Sample943	1.76E+01	2.11E+01	7.80E+00	1.85E+01
Sample944	2.24E+01	1.88E+01	7.79E+00	7.35E+00
Sample945	2.20E+01	1.45E+01	1.17E+01	1.61E+01
Sample946	3.00E+01	1.44E+01	1.18E+01	2.34E+01
Sample947	1.64E+01	1.74E+01	1.38E+01	1.66E+01
Sample948	1.70E+01	1.63E+01	9.90E+00	2.21E+01
Sample949	1.60E+01	1.98E+01	8.98E+00	1.26E+01
Sample950	1.96E+01	1.76E+01	1.05E+01	1.74E+01
Sample951	1.50E+01	1.70E+01	1.22E+01	1.10E+01
Sample952	1.89E+01	1.66E+01	1.18E+01	2.85E+01
Sample953	1.92E+01	1.33E+01	1.13E+01	1.45E+01
Sample954	2.53E+01	1.73E+01	1.16E+01	3.17E+01
Sample955	1.38E+01	1.68E+01	7.59E+00	2.24E+01
Sample956	1.08E+01	1.55E+01	1.12E+01	1.43E+01
Sample957	1.91E+01	1.14E+01	8.60E+00	1.73E+01
Sample958	1.93E+01	5.97E+00	1.14E+01	2.21E+01
Sample959	2.16E+01	1.26E+01	8.01E+00	2.48E+01
Sample960	2.42E+01	1.41E+01	1.24E+01	3.03E+01
Sample961	1.38E+01	1.67E+01	9.88E+00	1.45E+01
Sample962	1.88E+01	1.38E+01	7.09E+00	1.46E+01
Sample963	1.07E+01	1.78E+01	9.55E+00	1.74E+01
Sample964	2.36E+01	1.51E+01	9.89E+00	2.40E+01
Sample965	1.26E+01	1.36E+01	5.52E+00	1.44E+01
Sample966	1.72E+01	1.04E+01	9.41E+00	1.70E+01
Sample967	1.89E+01	1.33E+01	7.62E+00	2.15E+01
Sample968	1.87E+01	1.22E+01	7.66E+00	1.22E+01
Sample969	2.77E+01	1.56E+01	1.13E+01	2.21E+01
Sample970	1.34E+01	1.39E+01	4.73E+00	1.10E+01
Sample971	2.43E+01	1.97E+01	9.46E+00	1.34E+01
Sample972	1.85E+01	1.32E+01	6.42E+00	1.14E+01
Sample973	1.39E+01	1.23E+01	8.31E+00	1.94E+01
Sample974	9.79E+00	1.77E+01	9.35E+00	2.17E+01
Sample975	2.04E+01	1.55E+01	1.01E+01	1.45E+01
Sample976	1.67E+01	1.99E+01	6.68E+00	1.47E+01
Sample977	1.55E+01	2.02E+01	1.09E+01	1.02E+01
Sample978	1.87E+01	1.66E+01	6.48E+00	1.22E+01
Sample979	2.23E+01	1.43E+01	1.20E+01	2.23E+01
Sample980	2.05E+01	2.12E+01	6.18E+00	1.47E+01
Sample981	3.04E+01	2.02E+01	6.09E+00	1.68E+01
Sample982	1.46E+01	1.87E+01	1.02E+01	1.38E+01
Sample983	2.05E+01	2.25E+01	1.01E+01	2.20E+01
Sample984	2.49E+01	1.92E+01	5.95E+00	1.77E+01
Sample985	1.46E+01	2.40E+01	7.86E+00	1.99E+01
Sample986	1.12E+01	1.79E+01	6.94E+00	1.51E+01
Sample987	1.58E+01	1.91E+01	2.62E+00	1.30E+01
Sample988	2.16E+01	1.72E+01	4.15E+00	1.41E+01
Sample989	1.62E+01	1.61E+01	1.15E+01	1.79E+01
Sample990	1.17E+01	1.79E+01	1.11E+01	2.25E+01
Sample991	1.98E+01	2.49E+01	5.24E+00	1.77E+01
Sample992	1.14E+01	1.35E+01	1.11E+01	1.29E+01
Sample993	1.92E+01	1.31E+01	1.06E+01	1.54E+01
Sample994	2.22E+01	1.37E+01	7.41E+00	2.28E+01
Sample995	2.14E+01	1.72E+01	1.28E+01	2.01E+01
Sample996	1.00E+01	1.24E+01	9.14E+00	7.99E+00
Sample997	3.49E+01	2.65E+01	1.56E+01	2.26E+01
Sample998	1.61E+01	1.29E+01	1.08E+01	1.66E+01
Sample999	1.59E+01	1.44E+01	9.11E+00	1.82E+01
Sample1000	1.71E+01	1.70E+01	6.44E+00	2.15E+01
Sample1001	2.99E+01	2.29E+01	9.82E+00	2.52E+01
Sample1002	1.41E+01	1.88E+01	8.21E+00	2.27E+01
Sample1003	2.50E+01	1.79E+01	1.37E+01	1.60E+01
Sample1004	9.78E+00	1.55E+01	8.47E+00	1.04E+01
Sample1005	1.83E+01	1.91E+01	8.70E+00	1.29E+01
Sample1006	1.72E+01	1.63E+01	7.52E+00	2.31E+01
Sample1007	1.77E+01	1.78E+01	1.23E+01	1.60E+01
Sample1008	1.87E+01	2.07E+01	8.49E+00	1.65E+01
Sample1009	1.99E+01	2.10E+01	7.22E+00	2.45E+01
Sample1010	1.96E+01	1.80E+01	6.69E+00	1.02E+01
Sample1011	1.49E+01	1.35E+01	5.20E+00	1.73E+01
Sample1012	2.22E+01	1.76E+01	1.03E+01	0.00E+00
Sample1013	2.10E+01	1.44E+01	1.07E+01	1.47E+01
Sample1014	2.21E+01	1.72E+01	8.06E+00	2.27E+01
Sample1015	2.66E+01	1.37E+01	1.04E+01	1.95E+01
Sample1016	2.56E+01	2.31E+01	1.37E+01	2.04E+01
Sample1017	3.03E+01	1.90E+01	1.97E+01	1.36E+01
Sample1018	1.16E+01	1.57E+01	5.15E+00	1.60E+01
Sample1019	1.47E+01	2.01E+01	8.75E+00	1.76E+01
Sample1020	1.40E+01	1.31E+01	5.45E+00	7.36E+00
Sample1021	1.20E+01	1.49E+01	1.18E+01	1.09E+01
Sample1022	2.80E+01	1.24E+01	1.23E+01	2.56E+01
Sample1023	2.00E+01	1.43E+01	6.49E+00	1.69E+01
Sample1024	1.10E+01	1.49E+01	1.02E+01	1.18E+01
Sample1025	1.98E+01	2.72E+01	1.16E+01	2.45E+01
Sample1026	1.70E+01	9.60E+00	1.27E+01	1.59E+01
Sample1027	1.40E+01	1.56E+01	1.08E+01	1.52E+01
Sample1028	1.41E+01	2.00E+01	1.48E+01	2.37E+01
Sample1029	2.52E+01	1.97E+01	1.06E+01	2.17E+01
Sample1030	2.10E+01	2.11E+01	1.01E+01	1.55E+01
Sample1031	2.39E+01	1.23E+01	1.17E+01	2.00E+01
Sample1032	1.75E+01	1.63E+01	1.15E+01	1.51E+01
Sample1033	2.67E+01	1.74E+01	1.34E+01	2.23E+01
Sample1034	3.05E+01	2.08E+01	7.96E+00	1.95E+01
Sample1035	6.40E+00	6.37E+00	1.02E+01	1.36E+01
Sample1036	1.53E+01	2.34E+01	5.02E+00	1.44E+01
Sample1037	2.24E+01	2.43E+01	8.15E+00	2.66E+01
Sample1038	2.48E+01	2.11E+01	1.32E+01	2.19E+01
Sample1039	1.43E+01	1.16E+01	7.45E+00	1.26E+01
Sample1040	2.00E+01	1.66E+01	1.47E+01	2.07E+01
Sample1041	2.96E+01	2.53E+01	1.07E+01	2.24E+01
Sample1042	2.55E+01	2.07E+01	1.09E+01	2.79E+01
Sample1043	1.39E+01	6.80E+00	7.46E+00	1.74E+01
Sample1044	1.40E+01	1.27E+01	1.34E+01	1.37E+01
Sample1045	8.79E+00	1.63E+01	1.07E+01	2.05E+01
Sample1046	2.14E+01	2.54E+01	8.31E+00	2.45E+01
Sample1047	1.27E+01	1.04E+01	3.84E+00	1.17E+01
Sample1048	1.32E+01	1.74E+01	8.61E+00	1.82E+01
Sample1049	1.86E+01	2.35E+01	7.22E+00	1.92E+01
Sample1050	1.38E+01	1.11E+01	7.43E+00	1.75E+01
Sample1051	3.03E+01	1.43E+01	1.40E+01	2.57E+01
Sample1052	1.88E+01	1.77E+01	8.33E+00	1.74E+01
Sample1053	2.03E+01	1.24E+01	6.68E+00	1.08E+01
Sample1054	2.55E+01	1.88E+01	1.61E+01	3.10E+01
Sample1055	1.72E+01	1.96E+01	7.01E+00	1.93E+01
Sample1056	1.34E+01	1.83E+01	6.32E+00	2.02E+01
Sample1057	2.59E+01	1.22E+01	1.04E+01	1.12E+01
Sample1058	1.37E+01	1.15E+01	8.19E+00	1.47E+01
Sample1059	1.88E+01	1.36E+01	9.58E+00	2.30E+01
Sample1060	2.30E+01	1.33E+01	9.00E+00	2.39E+01
Sample1061	1.86E+01	1.46E+01	8.46E+00	7.56E+00
Sample1062	2.77E+01	1.92E+01	7.27E+00	2.61E+01
Sample1063	2.13E+01	1.60E+01	6.79E+00	1.84E+01
Sample1064	1.07E+01	1.24E+01	1.04E+01	1.81E+01
Sample1065	2.13E+01	1.42E+01	1.03E+01	2.39E+01
Sample1066	1.87E+01	1.62E+01	4.48E+00	1.07E+01
Sample1067	7.04E+00	1.17E+01	6.22E+00	1.50E+01
Sample1068	2.61E+01	1.43E+01	7.27E+00	1.41E+01
Sample1069	1.78E+01	1.28E+01	7.43E+00	2.08E+01
Sample1070	1.67E+01	1.41E+01	3.95E+00	1.55E+01
Sample1071	2.51E+01	1.68E+01	9.18E+00	2.12E+01
Sample1072	1.67E+01	2.15E+01	7.11E+00	2.25E+01
Sample1073	2.04E+01	2.22E+01	7.13E+00	1.41E+01
Sample1074	2.62E+01	1.97E+01	9.64E+00	1.90E+01
Sample1075	5.96E+00	1.50E+01	1.30E+01	2.43E+01
Sample1076	1.91E+01	1.38E+01	8.07E+00	1.79E+01
Sample1077	2.14E+01	1.19E+01	6.65E+00	1.79E+01
Sample1078	1.84E+01	6.01E+00	1.55E+01	1.51E+01
Sample1079	2.04E+01	1.44E+01	8.99E+00	1.34E+01
Sample1080	2.98E+01	1.45E+01	7.00E+00	2.16E+01
Sample1081	2.15E+01	1.08E+01	8.97E+00	1.87E+01
Sample1082	1.54E+01	1.06E+01	1.10E+01	1.16E+01
Sample1083	1.73E+01	1.84E+01	1.28E+01	1.86E+01
Sample1084	2.05E+01	2.00E+01	8.64E+00	2.25E+01
Sample1085	1.61E+01	1.31E+01	8.09E+00	1.53E+01
Sample1086	1.32E+01	1.47E+01	1.12E+01	1.63E+01
Sample1087	1.80E+01	1.09E+01	7.14E+00	1.00E+01
Sample1088	2.81E+01	2.03E+01	1.73E+01	1.99E+01
Sample1089	2.11E+01	1.45E+01	7.53E+00	1.49E+01
Sample1090	2.45E+01	2.38E+01	6.29E+00	2.18E+01
Sample1091	2.05E+01	1.12E+01	1.07E+01	2.73E+01
Sample1092	1.32E+01	1.60E+01	1.27E+01	1.35E+01
Sample1093	2.26E+01	1.64E+01	4.70E+00	1.43E+01
Sample1094	1.87E+01	1.73E+01	8.92E+00	1.60E+01
Sample1095	2.06E+01	1.21E+01	1.58E+01	2.74E+01
Sample1096	2.11E+01	2.38E+01	7.25E+00	1.28E+01
Sample1097	1.79E+01	1.11E+01	7.02E+00	1.68E+01
Sample1098	2.22E+01	1.82E+01	1.15E+01	1.93E+01
Sample1099	1.73E+01	1.87E+01	1.12E+01	2.25E+01
Sample1100	1.45E+01	2.19E+01	1.41E+01	2.50E+01
Sample1101	2.35E+01	2.57E+01	1.13E+01	1.20E+01
Sample1102	2.68E+01	1.65E+01	1.06E+01	1.28E+01
Sample1103	2.87E+01	2.08E+01	1.07E+01	1.47E+01
Sample1104	2.10E+01	1.25E+01	6.63E+00	2.10E+01
Sample1105	1.80E+01	1.49E+01	7.12E+00	1.61E+01
Sample1106	1.58E+01	2.25E+01	1.09E+01	1.55E+01
Sample1107	1.56E+01	1.74E+01	9.58E+00	1.46E+01
Sample1108	1.51E+01	1.04E+01	1.33E+01	1.99E+01
Sample1109	1.39E+01	1.36E+01	8.74E+00	1.71E+01
Sample1110	9.91E+00	1.56E+01	8.67E+00	1.14E+01
Sample1111	1.87E+01	1.58E+01	1.02E+01	1.83E+01
Sample1112	1.35E+01	1.79E+01	5.54E+00	1.79E+01
Sample1113	2.02E+01	1.63E+01	9.54E+00	1.19E+01
Sample1114	1.55E+01	1.62E+01	1.05E+01	2.02E+01
Sample1115	1.61E+01	2.06E+01	9.44E+00	1.62E+01
Sample1116	2.00E+01	1.50E+01	7.83E+00	1.23E+01
Sample1117	1.55E+01	1.48E+01	6.25E+00	1.55E+01
Sample1118	1.97E+01	1.97E+01	8.38E+00	1.81E+01
Sample1119	2.30E+01	1.33E+01	4.90E+00	2.06E+01
Sample1120	2.02E+01	1.02E+01	5.88E+00	2.12E+01
Sample1121	1.88E+01	1.95E+01	1.43E+01	1.51E+01
Sample1122	1.86E+01	1.76E+01	1.19E+01	2.53E+01
Sample1123	1.78E+01	1.69E+01	8.36E+00	1.83E+01
Sample1124	2.07E+01	2.00E+01	1.58E+01	1.40E+01
Sample1125	2.26E+01	8.69E+00	1.31E+01	1.45E+01
Sample1126	2.14E+01	1.64E+01	8.02E+00	1.60E+01
Sample1127	2.64E+01	1.64E+01	6.69E+00	1.99E+01
Sample1128	1.19E+01	1.64E+01	1.11E+01	1.13E+01
Sample1129	2.05E+01	2.13E+01	1.18E+01	2.02E+01
Sample1130	1.56E+01	9.17E+00	1.02E+01	1.56E+01
Sample1131	1.96E+01	2.70E+01	3.65E+00	8.44E+00
Sample1132	1.71E+01	1.54E+01	1.38E+01	1.98E+01
Sample1133	2.15E+01	1.71E+01	7.36E+00	2.68E+01
Sample1134	1.82E+01	1.21E+01	7.97E+00	1.47E+01
Sample1135	2.80E+01	1.92E+01	1.65E+01	2.71E+01
Sample1136	1.52E+01	1.73E+01	9.34E+00	1.27E+01
Sample1137	1.21E+01	1.49E+01	1.35E+01	1.83E+01
Sample1138	2.34E+01	1.71E+01	1.06E+01	1.30E+01
Sample1139	1.62E+01	1.81E+01	1.32E+01	1.50E+01
Sample1140	1.97E+01	2.97E+01	1.34E+01	3.50E+01
Sample1141	2.41E+01	2.24E+01	9.78E+00	1.55E+01
Sample1142	1.89E+01	1.13E+01	8.78E+00	1.13E+01
Sample1143	1.43E+01	1.26E+01	1.14E+01	1.27E+01
Sample1144	1.77E+01	1.91E+01	8.91E+00	1.24E+01
Sample1145	2.06E+01	1.21E+01	7.11E+00	2.55E+01
Sample1146	2.31E+01	1.89E+01	1.36E+01	3.15E+01
Sample1147	1.71E+01	1.23E+01	3.74E+00	1.09E+01
Sample1148	1.40E+01	1.54E+01	1.13E+01	1.84E+01
Sample1149	2.34E+01	1.88E+01	7.21E+00	2.06E+01
Sample1150	1.35E+01	1.64E+01	8.10E+00	1.52E+01
Sample1151	3.20E+01	1.63E+01	5.61E+00	2.09E+01
Sample1152	2.11E+01	2.18E+01	1.31E+01	1.46E+01
Sample1153	1.31E+01	1.23E+01	9.15E+00	8.18E+00
Sample1154	1.79E+01	1.59E+01	8.53E+00	1.84E+01
Sample1155	1.45E+01	1.36E+01	1.07E+01	2.42E+01
Sample1156	1.65E+01	8.18E+00	1.06E+01	2.31E+01
Sample1157	2.21E+01	2.11E+01	7.56E+00	1.09E+01
Sample1158	1.42E+01	1.90E+01	9.06E+00	1.26E+01
Sample1159	2.60E+01	1.61E+01	4.46E+00	1.58E+01
Sample1160	1.59E+01	1.17E+01	1.12E+01	2.01E+01
Sample1161	2.21E+01	1.64E+01	8.26E+00	1.36E+01
Sample1162	1.90E+01	1.53E+01	1.18E+01	1.73E+01
Sample1163	2.07E+01	1.39E+01	1.01E+01	1.16E+01
Sample1164	1.71E+01	1.01E+01	5.87E+00	1.12E+01
Sample1165	1.43E+01	1.13E+01	5.28E+00	1.44E+01
Sample1166	1.90E+01	1.10E+01	1.15E+01	1.57E+01
Sample1167	1.17E+01	1.98E+01	7.13E+00	1.24E+01
Sample1168	2.34E+01	2.25E+01	6.83E+00	1.71E+01
Sample1169	1.36E+01	2.33E+01	1.19E+01	2.02E+01
Sample1170	1.89E+01	1.15E+01	4.50E+00	1.50E+01
Sample1171	1.90E+01	2.00E+01	8.83E+00	2.66E+01
Sample1172	2.77E+01	2.31E+01	1.40E+01	1.91E+01
Sample1173	1.61E+01	1.21E+01	6.09E+00	1.82E+01
Sample1174	1.12E+01	1.12E+01	6.31E+00	7.35E+00
Sample1175	1.67E+01	1.37E+01	1.19E+01	1.94E+01
Sample1176	2.73E+01	2.02E+01	8.58E+00	2.25E+01
Sample1177	2.89E+01	1.73E+01	6.96E+00	1.53E+01
Sample1178	1.69E+01	1.67E+01	1.00E+01	1.11E+01
Sample1179	1.39E+01	1.41E+01	1.00E+01	1.77E+01
Sample1180	1.37E+01	1.49E+01	8.93E+00	2.29E+01
Sample1181	1.82E+01	1.39E+01	1.08E+01	2.44E+01
Sample1182	1.42E+01	1.90E+01	9.45E+00	1.47E+01
Sample1183	2.19E+01	1.99E+01	1.16E+01	1.96E+01
Sample1184	1.37E+01	1.34E+01	1.33E+01	2.02E+01
Sample1185	2.08E+01	1.68E+01	7.17E+00	1.26E+01
Sample1186	1.80E+01	2.18E+01	7.28E+00	1.98E+01
Sample1187	1.06E+01	1.89E+01	6.87E+00	1.17E+01
Sample1188	1.64E+01	1.40E+01	7.20E+00	2.88E+01
Sample1189	8.74E+00	1.03E+01	1.38E+01	9.60E+00
Sample1190	2.12E+01	1.85E+01	1.32E+01	1.54E+01
Sample1191	1.81E+01	2.17E+01	1.33E+01	1.68E+01
Sample1192	9.96E+00	1.25E+01	5.88E+00	1.26E+01
Sample1193	2.05E+01	1.86E+01	6.37E+00	1.78E+01
Sample1194	1.65E+01	1.57E+01	1.03E+01	1.35E+01
Sample1195	1.72E+01	1.93E+01	6.18E+00	1.97E+01
Sample1196	1.21E+01	1.82E+01	9.44E+00	1.17E+01
Sample1197	1.54E+01	2.21E+01	7.38E+00	2.44E+01
Sample1198	1.84E+01	1.35E+01	1.15E+01	2.26E+01
Sample1199	1.40E+01	1.94E+01	6.60E+00	1.31E+01
Sample1200	1.43E+01	9.80E+00	8.26E+00	1.71E+01
Sample1201	1.74E+01	2.32E+01	7.06E+00	1.45E+01
Sample1202	2.43E+01	1.61E+01	1.37E+01	1.88E+01
Sample1203	1.32E+01	1.09E+01	9.89E+00	1.14E+01
Sample1204	1.37E+01	1.05E+01	8.20E+00	1.49E+01
Sample1205	2.23E+01	1.75E+01	8.95E+00	2.66E+01
Sample1206	2.69E+01	1.98E+01	1.07E+01	1.59E+01
Sample1207	2.16E+01	1.31E+01	7.35E+00	2.14E+01
Sample1208	1.62E+01	1.89E+01	3.81E+00	1.32E+01
Sample1209	1.70E+01	1.73E+01	6.52E+00	1.59E+01
Sample1210	2.28E+01	1.74E+01	7.06E+00	1.46E+01
Sample1211	1.79E+01	1.76E+01	8.36E+00	1.44E+01
Sample1212	1.96E+01	1.63E+01	6.42E+00	1.43E+01
Sample1213	1.17E+01	1.21E+01	8.59E+00	1.41E+01
Sample1214	2.31E+01	1.84E+01	1.49E+01	1.47E+01
Sample1215	1.73E+01	1.95E+01	5.31E+00	1.79E+01
Sample1216	1.13E+01	1.67E+01	8.48E+00	1.99E+01
Sample1217	2.15E+01	2.15E+01	1.17E+01	2.26E+01
Sample1218	2.30E+01	1.11E+01	1.42E+01	2.89E+01
Sample1219	2.86E+01	2.11E+01	7.76E+00	1.90E+01
Sample1220	2.39E+01	2.84E+01	8.21E+00	1.89E+01
Sample1221	1.32E+01	1.50E+01	7.49E+00	9.28E+00
Sample1222	1.91E+01	2.05E+01	6.64E+00	1.43E+01
Sample1223	1.76E+01	1.32E+01	1.23E+01	1.48E+01
Sample1224	8.86E+00	1.79E+01	7.66E+00	1.63E+01
Sample1225	2.23E+01	1.86E+01	1.04E+01	2.07E+01
Sample1226	3.11E+01	1.90E+01	1.20E+01	2.81E+01
Sample1227	1.02E+01	1.27E+01	6.62E+00	1.56E+01
Sample1228	2.75E+01	9.10E+00	6.86E+00	2.37E+01
Sample1229	1.58E+01	1.24E+01	1.12E+01	2.04E+01
Sample1230	1.21E+01	1.35E+01	9.59E+00	1.86E+01
Sample1231	1.97E+01	2.42E+01	1.05E+01	2.75E+01
Sample1232	1.66E+01	1.65E+01	8.64E+00	1.92E+01
Sample1233	2.50E+01	1.45E+01	1.41E+01	1.79E+01
Sample1234	1.99E+01	3.07E+01	8.25E+00	1.65E+01
Sample1235	1.63E+01	1.90E+01	1.16E+01	2.93E+01
Sample1236	1.82E+01	1.49E+01	1.02E+01	2.58E+01
Sample1237	2.14E+01	2.12E+01	4.96E+00	2.11E+01
Sample1238	1.86E+01	2.28E+01	1.25E+01	3.22E+01
Sample1239	2.46E+01	1.81E+01	9.28E+00	2.16E+01
Sample1240	3.18E+01	2.02E+01	1.38E+01	1.93E+01
Sample1241	1.62E+01	2.30E+01	1.58E+01	3.72E+01
Sample1242	2.29E+01	1.61E+01	4.65E+00	1.68E+01
Sample1243	2.15E+01	1.84E+01	7.10E+00	2.27E+01
Sample1244	2.65E+01	1.80E+01	9.26E+00	1.66E+01
Sample1245	1.88E+01	2.19E+01	5.16E+00	8.40E+00
Sample1246	2.28E+01	2.31E+01	1.44E+01	2.26E+01
Sample1247	1.71E+01	1.06E+01	1.22E+01	1.77E+01
Sample1248	2.55E+01	2.30E+01	1.04E+01	2.11E+01
Sample1249	1.05E+01	1.30E+01	1.37E+01	1.80E+01
Sample1250	1.28E+01	1.41E+01	8.89E+00	2.36E+01
Sample1251	2.06E+01	1.57E+01	8.93E+00	1.81E+01
Sample1252	1.41E+01	1.48E+01	1.04E+01	1.36E+01
Sample1253	2.11E+01	2.31E+01	1.19E+01	2.13E+01
Sample1254	1.46E+01	1.55E+01	8.03E+00	1.06E+01
Sample1255	1.46E+01	1.52E+01	6.99E+00	1.62E+01
Sample1256	1.83E+01	1.66E+01	9.33E+00	1.84E+01
Sample1257	1.98E+01	1.24E+01	1.15E+01	1.05E+01
Sample1258	2.10E+01	2.00E+01	6.54E+00	1.76E+01
Sample1259	1.75E+01	1.83E+01	9.83E+00	2.36E+01
Sample1260	1.13E+01	1.73E+01	1.32E+01	1.97E+01
Sample1261	1.95E+01	1.28E+01	9.37E+00	2.64E+01
Sample1262	1.10E+01	2.07E+01	7.24E+00	1.96E+01
Sample1263	2.68E+01	1.15E+01	1.17E+01	1.17E+01
Sample1264	2.04E+01	2.25E+01	7.68E+00	1.92E+01
Sample1265	1.75E+01	1.69E+01	7.58E+00	2.11E+01
Sample1266	2.36E+01	1.57E+01	8.54E+00	1.66E+01
Sample1267	2.79E+01	1.84E+01	6.83E+00	1.40E+01
Sample1268	1.47E+01	1.54E+01	9.02E+00	8.83E+00
Sample1269	1.65E+01	1.08E+01	8.04E+00	9.42E+00
Sample1270	2.19E+01	1.44E+01	6.89E+00	1.73E+01
Sample1271	2.37E+01	1.39E+01	1.21E+01	1.56E+01
Sample1272	2.40E+01	1.72E+01	1.02E+01	2.38E+01
Sample1273	1.70E+01	1.78E+01	1.19E+01	2.08E+01
Sample1274	1.85E+01	1.29E+01	8.35E+00	2.12E+01
Sample1275	1.23E+01	1.40E+01	7.35E+00	1.37E+01
Sample1276	2.33E+01	1.91E+01	4.78E+00	1.52E+01
Sample1277	8.01E+00	1.67E+01	5.45E+00	1.41E+01
Sample1278	2.17E+01	1.98E+01	7.20E+00	2.19E+01
Sample1279	2.47E+01	2.07E+01	7.71E+00	1.64E+01
Sample1280	2.04E+01	1.40E+01	5.90E+00	1.81E+01
Sample1281	1.96E+01	1.14E+01	8.92E+00	1.20E+01
Sample1282	1.74E+01	2.18E+01	4.25E+00	1.82E+01
Sample1283	1.74E+01	2.18E+01	1.57E+01	1.97E+01
Sample1284	2.26E+01	1.66E+01	8.00E+00	1.51E+01
Sample1285	2.07E+01	1.48E+01	1.59E+01	1.24E+01
Sample1286	2.36E+01	1.70E+01	3.60E+00	1.16E+01
Sample1287	1.92E+01	2.85E+01	5.04E+00	1.97E+01
Sample1288	2.27E+01	1.83E+01	8.97E+00	1.89E+01
Sample1289	1.08E+01	1.48E+01	9.72E+00	2.61E+01
Sample1290	2.00E+01	1.55E+01	8.72E+00	1.56E+01
Sample1291	1.55E+01	1.97E+01	4.96E+00	2.48E+01
Sample1292	1.55E+01	1.52E+01	8.90E+00	2.08E+01
Sample1293	2.36E+01	2.32E+01	1.34E+01	2.37E+01
Sample1294	1.04E+01	1.99E+01	1.12E+01	2.18E+01
Sample1295	1.55E+01	2.82E+01	7.20E+00	1.98E+01
Sample1296	1.32E+01	1.57E+01	1.30E+01	1.15E+01
Sample1297	2.01E+01	1.45E+01	2.36E+00	1.62E+01
Sample1298	1.94E+01	2.45E+01	9.06E+00	1.12E+01
Sample1299	1.93E+01	2.43E+01	9.14E+00	1.81E+01
Sample1300	1.38E+01	8.37E+00	5.05E+00	9.63E+00
Sample1301	2.39E+01	2.44E+01	1.09E+01	1.94E+01
Sample1302	1.50E+01	1.56E+01	7.61E+00	2.33E+01
Sample1303	1.23E+01	1.46E+01	1.18E+01	2.12E+01
Sample1304	2.17E+01	1.75E+01	9.87E+00	1.65E+01
Sample1305	2.09E+01	1.93E+01	1.03E+01	2.10E+01
Sample1306	1.68E+01	1.33E+01	1.08E+01	2.28E+01
Sample1307	2.66E+01	2.66E+01	7.75E+00	2.04E+01
Sample1308	2.36E+01	1.70E+01	8.95E+00	1.85E+01
Sample1309	2.30E+01	1.95E+01	1.05E+01	2.27E+01
Sample1310	2.07E+01	2.10E+01	6.80E+00	0.00E+00
Sample1311	2.20E+01	2.58E+01	5.75E+00	1.14E+01
Sample1312	1.30E+01	1.77E+01	1.47E+01	2.74E+01
Sample1313	1.65E+01	8.15E+00	1.50E+01	2.56E+01
Sample1314	1.74E+01	2.12E+01	4.79E+00	1.07E+01
Sample1315	1.46E+01	1.23E+01	1.08E+01	1.38E+01
Sample1316	1.85E+01	5.34E+00	4.70E+00	1.62E+01
Sample1317	1.72E+01	1.57E+01	1.16E+01	2.70E+01
Sample1318	1.57E+01	1.73E+01	5.56E+00	1.35E+01
Sample1319	2.43E+01	1.58E+01	8.77E+00	1.40E+01
Sample1320	1.73E+01	1.83E+01	9.30E+00	1.16E+01
Sample1321	1.51E+01	2.00E+01	8.90E+00	1.59E+01
Sample1322	2.08E+01	1.22E+01	1.29E+01	1.91E+01
Sample1323	2.26E+01	1.74E+01	7.39E+00	1.98E+01
Sample1324	2.33E+01	2.17E+01	9.63E+00	2.28E+01
Sample1325	2.46E+01	1.44E+01	1.24E+01	1.03E+01
Sample1326	1.25E+01	1.55E+01	9.22E+00	2.61E+01
Sample1327	1.17E+01	1.56E+01	1.18E+01	2.04E+01
Sample1328	2.56E+01	1.50E+01	3.98E+00	2.11E+01
Sample1329	2.59E+01	1.52E+01	7.37E+00	2.72E+01
Sample1330	2.91E+01	2.14E+01	5.53E+00	1.74E+01
Sample1331	2.06E+01	1.00E+01	9.37E+00	2.40E+01
Sample1332	1.89E+01	1.33E+01	1.18E+01	2.54E+01
Sample1333	1.76E+01	1.38E+01	8.42E+00	1.70E+01
Sample1334	1.45E+01	4.35E+00	8.54E+00	1.73E+01
Sample1335	1.72E+01	1.09E+01	7.02E+00	2.25E+01
Sample1336	7.83E+00	1.35E+01	6.17E+00	1.64E+01
Sample1337	2.71E+01	2.02E+01	7.80E+00	2.61E+01
Sample1338	2.24E+01	1.47E+01	1.16E+01	2.60E+01
Sample1339	1.96E+01	1.77E+01	8.24E+00	1.12E+01
Sample1340	2.76E+01	1.74E+01	5.56E+00	3.33E+01
Sample1341	1.57E+01	2.32E+01	7.40E+00	2.63E+01
Sample1342	2.40E+01	2.69E+01	8.89E+00	2.32E+01
Sample1343	2.50E+01	2.11E+01	6.29E+00	1.11E+01
Sample1344	2.51E+01	2.63E+01	8.28E+00	1.41E+01
Sample1345	1.89E+01	1.78E+01	9.97E+00	1.48E+01
Sample1346	2.52E+01	2.24E+01	1.14E+01	1.69E+01
Sample1347	2.01E+01	1.66E+01	5.90E+00	1.80E+01
Sample1348	1.94E+01	1.61E+01	6.87E+00	1.32E+01
Sample1349	1.69E+01	2.22E+01	1.33E+01	9.21E+00
Sample1350	2.63E+01	1.51E+01	6.93E+00	2.24E+01
Sample1351	2.21E+01	2.26E+01	1.19E+01	1.46E+01
Sample1352	1.65E+01	7.99E+00	5.96E+00	1.50E+01
Sample1353	1.67E+01	1.72E+01	5.86E+00	1.63E+01
Sample1354	1.43E+01	1.82E+01	6.83E+00	1.35E+01
Sample1355	1.55E+01	1.75E+01	1.08E+01	2.20E+01
Sample1356	2.71E+01	2.06E+01	4.67E+00	2.07E+01
Sample1357	1.84E+01	1.64E+01	1.11E+01	1.21E+01
Sample1358	2.81E+01	3.55E+01	1.52E+01	2.61E+01
Sample1359	1.86E+01	9.85E+00	7.45E+00	1.90E+01
Sample1360	2.12E+01	1.44E+01	6.01E+00	1.61E+01
Sample1361	1.10E+01	1.36E+01	5.86E+00	1.06E+01
Sample1362	1.63E+01	2.74E+01	5.24E+00	1.54E+01
Sample1363	1.92E+01	2.11E+01	6.99E+00	1.46E+01
Sample1364	1.34E+01	1.59E+01	9.70E+00	2.23E+01
Sample1365	2.87E+01	1.92E+01	1.13E+01	1.85E+01
Sample1366	1.51E+01	1.99E+01	9.39E+00	2.15E+01
Sample1367	1.33E+01	1.37E+01	1.08E+01	7.91E+00
Sample1368	2.54E+01	2.25E+01	4.45E+00	2.26E+01
Sample1369	2.09E+01	2.02E+01	1.41E+01	1.95E+01
Sample1370	1.31E+01	1.56E+01	1.26E+01	2.11E+01
Sample1371	2.06E+01	1.75E+01	6.80E+00	1.58E+01
Sample1372	1.98E+01	1.54E+01	8.93E+00	1.27E+01
Sample1373	2.69E+01	2.60E+01	6.18E+00	1.70E+01
Sample1374	1.10E+01	1.50E+01	8.06E+00	1.54E+01
Sample1375	1.31E+01	1.77E+01	9.67E+00	1.98E+01
Sample1376	8.76E+00	8.50E+00	1.20E+01	1.23E+01
Sample1377	1.36E+01	1.63E+01	9.32E+00	1.55E+01
Sample1378	2.09E+01	1.62E+01	7.01E+00	1.39E+01
Sample1379	2.34E+01	1.66E+01	9.93E+00	1.77E+01
Sample1380	1.78E+01	2.55E+01	1.19E+01	2.90E+01
Sample1381	1.96E+01	1.59E+01	9.72E+00	1.81E+01
Sample1382	1.83E+01	1.88E+01	6.55E+00	1.44E+01
Sample1383	2.36E+01	1.55E+01	1.19E+01	1.84E+01
Sample1384	1.83E+01	2.42E+01	1.10E+01	1.44E+01
Sample1385	2.55E+01	2.39E+01	6.49E+00	1.47E+01
Sample1386	1.56E+01	1.98E+01	1.08E+01	1.65E+01
Sample1387	1.54E+01	1.54E+01	9.71E+00	1.69E+01
Sample1388	2.00E+01	1.95E+01	1.23E+01	2.85E+01
Sample1389	2.52E+01	2.21E+01	8.64E+00	1.02E+01
Sample1390	1.97E+01	1.88E+01	8.75E+00	1.02E+01
Sample1391	1.73E+01	1.66E+01	7.98E+00	2.21E+01
Sample1392	2.56E+01	1.11E+01	9.01E+00	2.11E+01
Sample1393	1.33E+01	1.57E+01	1.02E+01	1.29E+01
Sample1394	2.35E+01	1.99E+01	7.87E+00	1.60E+01
Sample1395	1.06E+01	2.19E+01	8.79E+00	2.19E+01
Sample1396	1.98E+01	1.60E+01	6.35E+00	2.00E+01
Sample1397	2.02E+01	2.12E+01	1.12E+01	2.31E+01
Sample1398	2.24E+01	4.87E+00	9.32E+00	2.49E+01
Sample1399	1.97E+01	1.32E+01	1.09E+01	1.55E+01
Sample1400	2.15E+01	1.93E+01	9.62E+00	1.86E+01
Sample1401	1.70E+01	2.80E+01	1.04E+01	1.35E+01
Sample1402	1.18E+01	1.77E+01	6.94E+00	2.00E+01
Sample1403	2.25E+01	1.76E+01	9.79E+00	2.52E+01
Sample1404	1.36E+01	1.48E+01	1.65E+01	2.07E+01
Sample1405	1.82E+01	1.45E+01	1.19E+01	2.43E+01
Sample1406	4.40E+00	1.48E+01	5.78E+00	1.68E+01
Sample1407	1.83E+01	1.92E+01	6.73E+00	1.86E+01
Sample1408	1.81E+01	2.68E+01	7.17E+00	2.03E+01
Sample1409	1.64E+01	1.90E+01	4.80E+00	1.05E+01
Sample1410	2.35E+01	1.09E+01	9.73E+00	1.77E+01
Sample1411	2.49E+01	1.78E+01	1.01E+01	1.60E+01
Sample1412	1.29E+01	2.23E+01	1.48E+01	2.08E+01
Sample1413	2.60E+01	1.40E+01	1.41E+01	1.75E+01
Sample1414	2.43E+01	2.46E+01	1.04E+01	2.30E+01
Sample1415	1.80E+01	1.09E+01	5.32E+00	1.61E+01
Sample1416	2.95E+01	1.93E+01	1.21E+01	2.47E+01
Sample1417	1.92E+01	1.85E+01	9.67E+00	1.54E+01
Sample1418	1.97E+01	1.40E+01	8.27E+00	1.77E+01
Sample1419	1.77E+01	1.96E+01	9.87E+00	1.77E+01
Sample1420	2.81E+01	2.78E+01	1.23E+01	1.90E+01
Sample1421	1.42E+01	1.37E+01	8.14E+00	1.70E+01
Sample1422	8.04E+00	1.50E+01	7.76E+00	1.61E+01
Sample1423	1.49E+01	1.32E+01	5.98E+00	1.69E+01
Sample1424	1.78E+01	7.53E+00	6.92E+00	1.88E+01
Sample1425	1.04E+01	1.91E+01	5.32E+00	1.49E+01
Sample1426	2.16E+01	1.38E+01	8.50E+00	1.39E+01
Sample1427	9.42E+00	1.34E+01	1.30E+01	2.03E+01
Sample1428	1.92E+01	1.51E+01	1.04E+01	1.20E+01
Sample1429	2.08E+01	2.12E+01	9.86E+00	1.63E+01
Sample1430	2.47E+01	1.45E+01	1.34E+01	2.06E+01
Sample1431	1.40E+01	4.36E+00	8.50E+00	1.51E+01
Sample1432	2.15E+01	1.59E+01	8.80E+00	1.08E+01
Sample1433	1.74E+01	1.92E+01	7.18E+00	1.61E+01
Sample1434	1.68E+01	1.44E+01	4.66E+00	1.43E+01
Sample1435	1.65E+01	1.44E+01	1.22E+01	1.74E+01
Sample1436	1.37E+01	1.26E+01	7.27E+00	1.22E+01
Sample1437	2.47E+01	1.20E+01	1.22E+01	2.73E+01
Sample1438	1.85E+01	1.33E+01	9.45E+00	1.57E+01
Sample1439	2.18E+01	1.50E+01	6.40E+00	1.29E+01
Sample1440	1.44E+01	1.56E+01	1.15E+01	1.63E+01
Sample1441	2.20E+01	2.07E+01	7.28E+00	1.48E+01
Sample1442	2.16E+01	2.39E+01	6.34E+00	2.63E+01
Sample1443	2.09E+01	1.22E+01	8.79E+00	2.33E+01
Sample1444	1.71E+01	1.95E+01	8.59E+00	2.38E+01
Sample1445	2.41E+01	1.46E+01	8.15E+00	1.50E+01
Sample1446	2.33E+01	1.77E+01	1.05E+01	2.75E+01
Sample1447	1.69E+01	2.34E+01	1.09E+01	2.15E+01
Sample1448	1.50E+01	1.27E+01	1.15E+01	1.99E+01
Sample1449	2.45E+01	1.85E+01	1.22E+01	3.03E+01
Sample1450	1.55E+01	1.42E+01	9.06E+00	1.41E+01
Sample1451	2.26E+01	9.67E+00	8.67E+00	1.60E+01
Sample1452	1.61E+01	1.19E+01	1.21E+01	1.75E+01
Sample1453	1.31E+01	1.16E+01	8.66E+00	1.34E+01
Sample1454	1.12E+01	1.83E+01	8.65E+00	1.81E+01
Sample1455	1.71E+01	1.98E+01	4.46E+00	1.17E+01
Sample1456	2.15E+01	1.00E+01	7.82E+00	2.06E+01
Sample1457	2.07E+01	1.95E+01	7.35E+00	1.45E+01
Sample1458	1.81E+01	2.66E+01	1.03E+01	2.25E+01
Sample1459	1.52E+01	1.73E+01	5.92E+00	1.53E+01
Sample1460	2.34E+01	2.17E+01	3.93E+00	2.40E+01
Sample1461	1.37E+01	1.96E+01	5.48E+00	1.66E+01
Sample1462	1.31E+01	1.38E+01	5.57E+00	8.26E+00
Sample1463	2.24E+01	2.41E+01	1.22E+01	1.01E+01
Sample1464	2.54E+01	1.29E+01	1.44E+01	2.41E+01
Sample1465	1.84E+01	2.17E+01	6.76E+00	1.67E+01
Sample1466	1.37E+01	1.65E+01	1.01E+01	1.91E+01
Sample1467	1.50E+01	1.20E+01	6.03E+00	1.55E+01
Sample1468	2.09E+01	1.68E+01	8.33E+00	1.65E+01
Sample1469	1.66E+01	1.10E+01	1.14E+01	2.05E+01
Sample1470	1.96E+01	1.21E+01	7.91E+00	2.65E+01
Sample1471	2.24E+01	1.88E+01	1.06E+01	2.59E+01
Sample1472	1.81E+01	1.60E+01	9.37E+00	1.35E+01
Sample1473	2.33E+01	2.28E+01	8.70E+00	2.12E+01
Sample1474	1.95E+01	2.47E+01	1.64E+01	3.19E+01
Sample1475	2.22E+01	1.35E+01	1.17E+01	2.30E+01
Sample1476	1.16E+01	1.37E+01	7.60E+00	1.29E+01
Sample1477	2.11E+01	1.79E+01	1.10E+01	1.57E+01
Sample1478	2.21E+01	1.65E+01	1.48E+01	2.03E+01
Sample1479	1.39E+01	2.06E+01	9.53E+00	2.19E+01
Sample1480	1.25E+01	1.32E+01	9.67E+00	1.16E+01
Sample1481	3.11E+01	1.90E+01	9.89E+00	1.57E+01
Sample1482	2.61E+01	1.67E+01	7.91E+00	2.67E+01
Sample1483	2.06E+01	8.54E+00	4.59E+00	1.55E+01
Sample1484	2.00E+01	2.58E+01	1.24E+01	1.63E+01
Sample1485	2.08E+01	1.45E+01	6.11E+00	2.45E+01
Sample1486	1.32E+01	6.22E+00	8.65E+00	1.98E+01
Sample1487	2.12E+01	1.72E+01	8.83E+00	1.50E+01
Sample1488	1.94E+01	2.68E+01	1.43E+01	2.29E+01
Sample1489	2.38E+01	1.40E+01	9.49E+00	2.06E+01
Sample1490	1.10E+01	5.84E+00	8.71E+00	1.39E+01
Sample1491	1.88E+01	1.94E+01	1.13E+01	2.61E+01
Sample1492	1.59E+01	1.38E+01	7.25E+00	2.11E+01
Sample1493	2.10E+01	1.93E+01	1.33E+01	2.23E+01
Sample1494	1.06E+01	1.98E+01	6.59E+00	1.63E+01
Sample1495	1.73E+01	1.93E+01	6.97E+00	1.60E+01
Sample1496	1.93E+01	2.13E+01	6.86E+00	1.27E+01
Sample1497	2.10E+01	1.96E+01	8.19E+00	1.38E+01
Sample1498	2.29E+01	1.48E+01	9.28E+00	1.64E+01
Sample1499	1.46E+01	1.55E+01	9.10E+00	1.74E+01
Sample1500	1.93E+01	2.09E+01	5.96E+00	1.82E+01
Sample1501	2.01E+01	1.47E+01	8.03E+00	1.91E+01
Sample1502	1.48E+01	1.41E+01	1.03E+01	1.58E+01
Sample1503	2.09E+01	1.62E+01	4.48E+00	2.00E+01
Sample1504	2.27E+01	1.53E+01	1.02E+01	1.63E+01
Sample1505	2.28E+01	2.72E+01	6.48E+00	1.49E+01
Sample1506	1.42E+01	1.14E+01	8.21E+00	1.21E+01
Sample1507	1.92E+01	1.69E+01	1.11E+01	2.18E+01
Sample1508	1.58E+01	2.04E+01	8.30E+00	2.08E+01
Sample1509	1.14E+01	1.17E+01	9.65E+00	1.63E+01
Sample1510	2.21E+01	1.72E+01	8.10E+00	1.77E+01
Sample1511	2.18E+01	1.75E+01	9.02E+00	2.31E+01
Sample1512	3.28E+01	1.01E+01	5.99E+00	2.30E+01
Sample1513	2.03E+01	9.05E+00	8.46E+00	1.78E+01
Sample1514	1.73E+01	1.07E+01	7.99E+00	1.62E+01
Sample1515	1.87E+01	1.08E+01	6.68E+00	9.08E+00
Sample1516	2.41E+01	2.27E+01	8.85E+00	1.32E+01
Sample1517	1.64E+01	1.50E+01	7.00E+00	1.63E+01
Sample1518	2.42E+01	2.03E+01	8.17E+00	1.55E+01
Sample1519	1.70E+01	1.73E+01	4.09E+00	1.42E+01
Sample1520	1.74E+01	1.98E+01	1.05E+01	2.21E+01
Sample1521	1.45E+01	1.58E+01	7.13E+00	2.33E+01
Sample1522	2.23E+01	1.28E+01	1.37E+01	2.30E+01
Sample1523	1.49E+01	1.89E+01	9.54E+00	1.46E+01
Sample1524	3.14E+01	1.78E+01	1.37E+01	2.72E+01
Sample1525	1.73E+01	1.39E+01	9.52E+00	9.20E+00
Sample1526	1.12E+01	9.24E+00	7.70E+00	2.10E+01
Sample1527	1.63E+01	1.84E+01	9.47E+00	2.19E+01
Sample1528	2.07E+01	1.11E+01	1.05E+01	2.68E+01
Sample1529	1.77E+01	1.56E+01	1.30E+01	1.78E+01
Sample1530	1.57E+01	1.13E+01	6.24E+00	2.28E+01
Sample1531	1.36E+01	1.20E+01	9.64E+00	1.14E+01
Sample1532	2.36E+01	2.02E+01	9.41E+00	1.69E+01
Sample1533	2.75E+01	1.57E+01	1.06E+01	2.04E+01
Sample1534	2.17E+01	2.36E+01	5.97E+00	1.69E+01
Sample1535	3.30E+01	2.06E+01	1.02E+01	7.03E+00
Sample1536	1.66E+01	2.21E+01	8.91E+00	2.50E+01
Sample1537	1.80E+01	1.26E+01	1.16E+01	1.27E+01
Sample1538	1.16E+01	1.52E+01	7.37E+00	1.75E+01
Sample1539	1.95E+01	2.04E+01	8.38E+00	1.46E+01
Sample1540	1.44E+01	1.49E+01	7.92E+00	2.30E+01
Sample1541	1.88E+01	1.07E+01	6.65E+00	1.67E+01
Sample1542	2.23E+01	1.32E+01	9.74E+00	1.44E+01
Sample1543	1.16E+01	1.72E+01	6.74E+00	1.73E+01
Sample1544	1.54E+01	1.12E+01	1.01E+01	1.93E+01
Sample1545	8.41E+00	1.81E+01	8.34E+00	1.66E+01
Sample1546	1.28E+01	1.98E+01	6.48E+00	1.48E+01
Sample1547	1.93E+01	1.87E+01	9.27E+00	1.26E+01
Sample1548	1.60E+01	2.01E+01	9.07E+00	1.93E+01
Sample1549	1.58E+01	9.05E+00	1.41E+01	2.05E+01
Sample1550	1.63E+01	1.86E+01	1.08E+01	1.81E+01
Sample1551	2.67E+01	2.23E+01	8.58E+00	1.50E+01
Sample1552	1.39E+01	1.99E+01	1.05E+01	2.13E+01
Sample1553	2.17E+01	1.91E+01	8.30E+00	2.53E+01
Sample1554	2.33E+01	2.27E+01	9.37E+00	1.47E+01
Sample1555	3.53E+01	1.77E+01	1.38E+01	3.27E+01
Sample1556	1.31E+01	1.35E+01	8.13E+00	1.35E+01
Sample1557	2.34E+01	1.99E+01	5.37E+00	8.95E+00
Sample1558	1.98E+01	2.22E+01	8.02E+00	1.91E+01
Sample1559	2.10E+01	1.61E+01	8.98E+00	1.98E+01
Sample1560	1.90E+01	2.28E+01	1.06E+01	1.92E+01
Sample1561	2.69E+01	1.97E+01	7.09E+00	1.69E+01
Sample1562	1.27E+01	2.08E+01	7.92E+00	1.85E+01
Sample1563	1.59E+01	1.81E+01	7.25E+00	1.47E+01
Sample1564	2.49E+01	1.27E+01	7.72E+00	2.46E+01
Sample1565	1.64E+01	6.51E+00	6.34E+00	2.05E+01
Sample1566	1.51E+01	2.79E+01	8.50E+00	2.28E+01
Sample1567	1.22E+01	2.56E+01	7.50E+00	2.87E+01
Sample1568	2.25E+01	1.79E+01	1.18E+01	2.43E+01
Sample1569	2.21E+01	1.65E+01	7.35E+00	1.86E+01
Sample1570	1.44E+01	2.24E+01	7.85E+00	1.62E+01
Sample1571	2.06E+01	1.61E+01	7.05E+00	3.39E+01
Sample1572	9.49E+00	1.04E+01	1.28E+01	1.69E+01
Sample1573	2.65E+01	1.97E+01	1.26E+01	2.69E+01
Sample1574	1.63E+01	1.17E+01	1.15E+01	1.88E+01
Sample1575	1.29E+01	7.40E+00	9.90E+00	1.58E+01
Sample1576	2.64E+01	1.82E+01	2.87E+00	1.90E+01
Sample1577	2.36E+01	1.88E+01	1.01E+01	1.19E+01
Sample1578	1.46E+01	1.15E+01	1.14E+01	1.73E+01
Sample1579	2.37E+01	1.96E+01	1.01E+01	8.40E+00
Sample1580	2.62E+01	3.23E+01	7.90E+00	1.66E+01
Sample1581	9.99E+00	1.33E+01	6.96E+00	1.25E+01
Sample1582	3.22E+01	2.30E+01	1.24E+01	1.92E+01
Sample1583	1.75E+01	1.78E+01	8.67E+00	2.30E+01
Sample1584	2.04E+01	2.46E+01	6.35E+00	1.96E+01
Sample1585	1.48E+01	1.25E+01	7.69E+00	6.04E+00
Sample1586	2.22E+01	1.12E+01	1.06E+01	2.37E+01
Sample1587	1.39E+01	1.93E+01	4.30E+00	1.82E+01
Sample1588	2.35E+01	1.21E+01	1.13E+01	1.60E+01
Sample1589	1.13E+01	2.07E+01	9.96E+00	2.11E+01
Sample1590	1.67E+01	1.60E+01	1.06E+01	2.30E+01
Sample1591	1.31E+01	1.77E+01	9.29E+00	1.31E+01
Sample1592	1.59E+01	2.14E+01	1.37E+01	1.69E+01
Sample1593	1.57E+01	1.49E+01	1.05E+01	1.59E+01
Sample1594	2.04E+01	1.60E+01	6.92E+00	1.50E+01
Sample1595	1.72E+01	1.30E+01	6.30E+00	1.21E+01
Sample1596	1.38E+01	1.30E+01	1.00E+01	2.14E+01
Sample1597	2.64E+01	8.01E+00	7.41E+00	2.88E+01
Sample1598	1.64E+01	1.70E+01	9.10E+00	1.52E+01
Sample1599	1.49E+01	1.94E+01	9.45E+00	2.46E+01
Sample1600	1.73E+01	1.22E+01	1.28E+01	1.43E+01
Sample1601	2.40E+01	1.68E+01	8.70E+00	1.83E+01
Sample1602	1.48E+01	1.86E+01	7.34E+00	1.85E+01
Sample1603	1.84E+01	2.08E+01	9.90E+00	2.24E+01
Sample1604	2.75E+01	2.32E+01	7.91E+00	3.35E+01
Sample1605	1.82E+01	1.67E+01	7.38E+00	1.26E+01
Sample1606	1.73E+01	2.62E+01	1.02E+01	1.73E+01
Sample1607	2.73E+01	1.70E+01	9.41E+00	2.15E+01
Sample1608	2.46E+01	2.27E+01	9.79E+00	2.01E+01
Sample1609	2.11E+01	1.57E+01	1.14E+01	1.98E+01
Sample1610	2.74E+01	1.99E+01	1.15E+01	2.05E+01
Sample1611	2.86E+01	2.07E+01	7.19E+00	2.90E+01
Sample1612	1.99E+01	1.62E+01	8.06E+00	1.11E+01
Sample1613	1.44E+01	1.78E+01	1.15E+01	1.94E+01
Sample1614	1.59E+01	2.24E+01	5.34E+00	1.88E+01
Sample1615	2.54E+01	1.45E+01	1.01E+01	1.87E+01
Sample1616	2.15E+01	1.51E+01	8.04E+00	1.59E+01
Sample1617	1.22E+01	1.54E+01	7.49E+00	2.18E+01
Sample1618	2.43E+01	2.05E+01	7.13E+00	1.35E+01
Sample1619	2.35E+01	1.34E+01	1.42E+01	1.54E+01
Sample1620	2.83E+01	1.95E+01	1.28E+01	3.68E+01
Sample1621	2.45E+01	1.40E+01	7.30E+00	1.47E+01
Sample1622	1.73E+01	1.29E+01	1.00E+01	1.84E+01
Sample1623	9.93E+00	2.00E+01	5.92E+00	1.76E+01
Sample1624	2.10E+01	1.80E+01	6.77E+00	2.05E+01
Sample1625	1.23E+01	1.16E+01	8.87E+00	1.68E+01
Sample1626	2.25E+01	2.35E+01	1.22E+01	2.14E+01
Sample1627	1.64E+01	2.05E+01	1.01E+01	2.20E+01
Sample1628	1.11E+01	1.90E+01	7.98E+00	2.51E+01
Sample1629	1.65E+01	1.38E+01	4.83E+00	1.30E+01
Sample1630	1.10E+01	3.00E+01	7.32E+00	2.23E+01
Sample1631	1.36E+01	2.67E+01	1.04E+01	2.65E+01
Sample1632	2.35E+01	2.23E+01	1.55E+01	2.61E+01
Sample1633	1.67E+01	1.64E+01	6.52E+00	0.00E+00
Sample1634	2.03E+01	1.51E+01	4.65E+00	1.93E+01
Sample1635	1.35E+01	1.69E+01	1.15E+01	2.17E+01
Sample1636	2.02E+01	3.38E+00	7.10E+00	2.09E+01
Sample1637	2.27E+01	1.17E+01	9.05E+00	2.37E+01
Sample1638	2.26E+01	1.66E+01	1.27E+01	2.14E+01
Sample1639	2.76E+01	2.20E+01	9.60E+00	1.65E+01
Sample1640	9.42E+00	1.65E+01	6.66E+00	1.03E+01
Sample1641	1.85E+01	1.65E+01	7.41E+00	1.81E+01
Sample1642	1.84E+01	2.23E+01	9.60E+00	2.41E+01
Sample1643	2.07E+01	1.50E+01	7.77E+00	2.11E+01
Sample1644	1.78E+01	1.41E+01	1.24E+01	9.06E+00
Sample1645	7.41E+00	9.35E+00	8.10E+00	1.52E+01
Sample1646	2.23E+01	1.53E+01	7.68E+00	1.77E+01
Sample1647	2.76E+01	2.02E+01	1.10E+01	2.04E+01
Sample1648	1.07E+01	1.26E+01	7.86E+00	1.34E+01
Sample1649	2.01E+01	1.99E+01	1.09E+01	1.87E+01
Sample1650	2.84E+01	2.14E+01	8.73E+00	2.11E+01
Sample1651	1.28E+01	1.21E+01	7.24E+00	1.70E+01
Sample1652	1.78E+01	1.85E+01	1.19E+01	1.21E+01
Sample1653	1.84E+01	2.14E+01	9.83E+00	1.77E+01
Sample1654	2.40E+01	1.75E+01	9.64E+00	2.23E+01
Sample1655	1.51E+01	1.79E+01	1.00E+01	2.05E+01
Sample1656	1.82E+01	1.06E+01	4.62E+00	2.50E+01
Sample1657	1.32E+01	1.52E+01	1.00E+01	1.22E+01
Sample1658	1.68E+01	1.07E+01	9.17E+00	1.53E+01
Sample1659	1.99E+01	1.23E+01	7.43E+00	1.24E+01
Sample1660	1.85E+01	2.42E+01	9.69E+00	2.17E+01
Sample1661	1.46E+01	1.78E+01	8.22E+00	1.58E+01
Sample1662	1.12E+01	1.79E+01	1.21E+01	2.19E+01
Sample1663	1.79E+01	2.40E+01	7.92E+00	1.54E+01
Sample1664	1.60E+01	1.91E+01	3.37E+00	1.79E+01
Sample1665	2.83E+01	1.72E+01	1.01E+01	2.22E+01
Sample1666	1.36E+01	2.24E+01	1.30E+01	1.90E+01
Sample1667	1.89E+01	1.97E+01	8.05E+00	1.73E+01
Sample1668	1.13E+01	1.32E+01	7.25E+00	1.03E+01
Sample1669	1.35E+01	1.51E+01	7.15E+00	1.89E+01
Sample1670	2.35E+01	1.78E+01	7.47E+00	1.76E+01
Sample1671	1.91E+01	1.33E+01	7.65E+00	1.75E+01
Sample1672	1.53E+01	1.38E+01	4.69E+00	0.00E+00
Sample1673	1.72E+01	1.17E+01	1.09E+01	1.60E+01
Sample1674	1.04E+01	8.89E+00	7.03E+00	1.32E+01
Sample1675	1.56E+01	1.66E+01	6.94E+00	1.68E+01
Sample1676	9.57E+00	9.66E+00	1.07E+01	1.71E+01
Sample1677	1.32E+01	1.23E+01	7.91E+00	1.24E+01
Sample1678	1.47E+01	1.95E+01	1.19E+01	2.37E+01
Sample1679	1.42E+01	1.14E+01	1.12E+01	1.39E+01
Sample1680	2.34E+01	1.43E+01	1.61E+01	1.93E+01
Sample1681	1.89E+01	2.41E+01	1.28E+01	2.66E+01
Sample1682	2.33E+01	2.53E+01	6.39E+00	1.49E+01
Sample1683	1.80E+01	1.77E+01	9.86E+00	3.00E+01
Sample1684	1.50E+01	2.67E+01	1.10E+01	2.97E+01
Sample1685	2.95E+01	2.21E+01	4.84E+00	2.27E+01
Sample1686	1.39E+01	1.51E+01	6.48E+00	0.00E+00
Sample1687	1.19E+01	8.74E+00	8.43E+00	1.29E+01
Sample1688	1.91E+01	1.43E+01	8.71E+00	1.68E+01
Sample1689	1.95E+01	1.66E+01	9.88E+00	9.60E+00
Sample1690	1.26E+01	1.07E+01	8.65E+00	1.76E+01
Sample1691	1.79E+01	1.55E+01	6.68E+00	1.70E+01
Sample1692	1.88E+01	1.26E+01	4.89E+00	1.86E+01
Sample1693	2.05E+01	1.03E+01	7.18E+00	1.82E+01
Sample1694	9.13E+00	1.41E+01	6.71E+00	1.32E+01
Sample1695	2.46E+01	1.48E+01	9.16E+00	1.45E+01
Sample1696	1.61E+01	1.07E+01	8.73E+00	1.07E+01
Sample1697	3.71E+01	2.26E+01	9.38E+00	1.54E+01
Sample1698	1.95E+01	2.00E+01	1.24E+01	2.52E+01
Sample1699	1.23E+01	1.12E+01	6.86E+00	1.11E+01
Sample1700	1.34E+01	1.74E+01	8.18E+00	2.33E+01
Sample1701	1.74E+01	1.20E+01	7.30E+00	1.65E+01
Sample1702	1.19E+01	6.88E+00	5.70E+00	1.13E+01
Sample1703	1.16E+01	1.95E+01	6.31E+00	1.31E+01
Sample1704	2.86E+01	2.02E+01	8.44E+00	2.76E+01
Sample1705	2.46E+01	1.32E+01	9.49E+00	1.76E+01
Sample1706	9.08E+00	1.82E+01	9.02E+00	1.45E+01
Sample1707	1.18E+01	2.22E+01	9.58E+00	1.97E+01
Sample1708	1.57E+01	1.40E+01	9.58E+00	1.44E+01
Sample1709	8.94E+00	1.85E+01	5.23E+00	1.69E+01
Sample1710	2.30E+01	1.48E+01	3.55E+00	1.59E+01
Sample1711	1.62E+01	1.37E+01	1.04E+01	1.63E+01
Sample1712	1.29E+01	1.44E+01	8.88E+00	1.11E+01
Sample1713	1.72E+01	1.23E+01	7.45E+00	1.41E+01
Sample1714	1.36E+01	2.50E+01	2.46E+00	2.35E+01
