Samples	Signature A	Signature B	Signature C	Signature D
Sample1	278	122	370	235
Sample2	694	152	87	67
Sample3	700	92	128	80
Sample4	268	564	142	13
Sample5	294	363	368	11
Sample6	288	524	186	18
Sample7	425	198	45	347
Sample8	585	98	179	123
Sample9	591	132	179	90
Sample10	625	238	54	75
Sample11	301	484	232	8
Sample12	426	283	261	0
Sample13	719	22	168	79
Sample14	452	208	140	183
Sample15	259	520	189	67
Sample16	259	589	126	56
Sample17	447	0	458	78
Sample18	385	135	156	339
Sample19	595	166	149	98
Sample20	682	85	149	68
Sample21	660	198	73	49
Sample22	606	253	93	62
Sample23	151	552	100	213
Sample24	292	530	172	21
Sample25	657	207	104	32
Sample26	322	141	357	167
Sample27	584	185	149	90
Sample28	622	190	132	56
Sample29	327	101	525	19
Sample30	424	191	119	250
Sample31	664	99	107	130
Sample32	699	118	61	102
Sample33	419	182	80	305
Sample34	673	114	138	75
Sample35	695	142	70	93
Sample36	684	138	97	89
Sample37	656	137	111	88
Sample38	677	74	146	95
Sample39	85	433	249	258
Sample40	714	124	89	73
Sample41	304	481	128	67
Sample42	682	144	95	59
Sample43	327	101	525	19
Sample44	257	634	61	22
Sample45	224	530	149	81
Sample46	234	553	170	79
Sample47	660	98	173	77
Sample48	327	101	525	19
Sample49	649	120	166	65
Sample50	639	130	171	68
Sample51	650	200	69	89
Sample52	652	96	148	131
Sample53	327	101	525	19
Sample54	676	140	79	84
Sample55	483	221	219	57
Sample56	573	245	0	156
Sample57	673	151	93	83
Sample58	557	153	213	92
Sample59	229	545	139	76
Sample60	639	114	166	60
Sample61	703	46	177	82
Sample62	210	474	205	97
Sample63	737	82	93	69
Sample64	232	596	104	49
Sample65	255	347	250	135
Sample66	656	137	106	116
Sample67	655	134	115	86
Sample68	261	661	22	36
Sample69	604	87	177	112
Sample70	487	186	232	87
Sample71	648	125	173	68
Sample72	602	182	80	103
Sample73	669	210	81	48
Sample74	653	140	117	75
Sample75	622	187	169	36
Sample76	582	158	143	102
Sample77	129	631	124	130
Sample78	316	506	140	22
Sample79	255	582	99	42
Sample80	327	101	525	19
Sample81	563	204	104	154
Sample82	580	110	219	75
Sample83	241	579	161	35
Sample84	332	469	183	50
Sample85	193	721	19	52
Sample86	262	490	203	60
Sample87	699	48	135	96
Sample88	575	325	16	107
Sample89	688	125	102	99
Sample90	685	190	78	47
Sample91	633	120	96	177
Sample92	576	116	220	96
Sample93	593	119	202	94
Sample94	623	152	154	100
Sample95	724	157	51	60
Sample96	736	85	79	80
Sample97	712	62	119	107
Sample98	484	257	52	225
Sample99	389	424	16	144
Sample100	668	30	214	80
Sample101	682	65	162	91
Sample102	247	532	150	38
Sample103	617	113	167	88
Sample104	365	260	338	29
Sample105	237	517	132	99
Sample106	724	135	77	72
Sample107	661	113	132	108
Sample108	639	87	131	143
Sample109	550	161	153	116
Sample110	146	623	138	94
Sample111	380	185	112	336
Sample112	598	160	133	117
Sample113	327	101	525	19
Sample114	250	463	216	39
Sample115	592	106	207	116
Sample116	577	169	210	52
Sample117	724	135	77	72
Sample118	708	88	157	62
Sample119	224	346	144	294
Sample120	685	129	76	95
Sample121	652	206	84	50
Sample122	537	250	132	100
Sample123	365	1	561	98
Sample124	165	634	137	31
Sample125	209	512	201	46
Sample126	583	207	64	161
Sample127	381	27	496	56
Sample128	636	82	198	102
Sample129	691	138	65	78
Sample130	723	0	151	106
Sample131	583	149	154	99
Sample132	678	73	114	115
Sample133	684	138	97	89
Sample134	736	46	113	94
Sample135	626	82	205	102
Sample136	623	146	149	90
Sample137	636	98	171	83
Sample138	275	601	53	55
Sample139	410	339	233	33
Sample140	350	174	156	328
Sample141	720	61	113	95
Sample142	342	200	122	332
Sample143	568	82	275	56
Sample144	149	716	76	44
Sample145	231	591	142	4
Sample146	718	157	63	76
Sample147	302	549	157	28
Sample148	699	155	74	72
Sample149	313	191	428	95
Sample150	508	193	108	176
Sample151	659	83	130	108
Sample152	653	216	82	57
Sample153	597	195	92	152
Sample154	216	466	279	14
Sample155	569	102	244	77
Sample156	654	119	138	97
Sample157	694	152	87	67
Sample158	635	199	103	55
Sample159	699	67	163	59
Sample160	273	588	80	28
Sample161	635	228	79	66
Sample162	179	527	181	121
Sample163	612	136	142	118
Sample164	725	19	134	107
Sample165	683	123	101	82
Sample166	591	180	104	125
Sample167	508	181	72	225
Sample168	193	281	423	74
Sample169	177	593	176	32
Sample170	616	166	142	76
Sample171	724	135	77	72
Sample172	260	605	70	44
Sample173	267	601	90	19
Sample174	674	170	80	84
Sample175	203	633	70	76
Sample176	333	240	347	88
Sample177	220	544	167	42
Sample178	563	180	193	72
Sample179	663	89	146	94
Sample180	345	132	475	66
Sample181	614	135	151	92
Sample182	9	478	244	277
Sample183	632	150	134	76
Sample184	231	504	171	68
Sample185	397	166	75	376
Sample186	578	193	146	83
Sample187	619	238	111	52
Sample188	258	588	165	13
Sample189	551	211	21	205
Sample190	733	122	54	77
Sample191	646	139	108	99
Sample192	653	88	157	94
Sample193	327	101	525	19
Sample194	205	622	84	109
Sample195	701	0	144	155
Sample196	312	122	576	22
Sample197	242	557	115	53
Sample198	675	195	68	54
Sample199	638	188	122	42
Sample200	628	194	92	121
Sample201	666	35	183	108
Sample202	232	573	120	43
Sample203	371	259	39	349
Sample204	685	189	67	47
Sample205	202	560	172	47
Sample206	478	156	247	156
Sample207	694	152	87	67
Sample208	661	34	213	73
Sample209	157	551	62	249
Sample210	234	557	103	85
Sample211	327	101	525	19
Sample212	221	529	120	103
Sample213	163	678	81	53
Sample214	654	112	168	66
Sample215	415	132	145	322
Sample216	314	270	206	204
Sample217	228	608	118	14
Sample218	721	60	93	114
Sample219	141	113	398	347
Sample220	99	625	89	196
Sample221	218	548	221	42
Sample222	752	68	94	102
Sample223	250	570	67	81
Sample224	142	659	100	74
Sample225	701	199	7	85
Sample226	639	66	169	105
Sample227	629	71	221	94
Sample228	550	233	52	139
Sample229	393	156	135	334
Sample230	629	156	118	97
Sample231	105	623	70	165
Sample232	694	213	38	69
Sample233	350	48	549	27
Sample234	710	104	101	93
Sample235	715	61	109	100
Sample236	593	239	158	32
Sample237	327	101	525	19
Sample238	320	63	604	55
Sample239	604	176	191	45
Sample240	694	56	116	134
Sample241	746	57	110	73
Sample242	134	114	499	243
Sample243	138	573	209	55
Sample244	623	162	115	92
Sample245	538	197	223	55
Sample246	616	116	137	117
Sample247	709	117	95	93
Sample248	580	151	124	160
Sample249	685	191	43	60
Sample250	303	572	91	64
Sample251	350	171	162	334
Sample252	650	150	132	76
Sample253	649	85	168	77
Sample254	655	179	90	56
Sample255	183	598	92	121
Sample256	327	101	525	19
Sample257	649	103	182	58
Sample258	625	315	0	68
Sample259	664	88	151	89
Sample260	682	0	173	130
Sample261	362	159	151	336
Sample262	131	713	79	63
Sample263	188	666	95	25
Sample264	724	135	77	72
Sample265	436	207	13	361
Sample266	649	183	100	47
Sample267	434	245	259	62
Sample268	672	91	129	97
Sample269	364	286	147	216
Sample270	141	113	398	347
Sample271	609	126	170	103
Sample272	375	129	147	334
Sample273	248	596	43	98
Sample274	590	189	112	109
Sample275	628	175	151	73
Sample276	428	451	129	0
Sample277	644	139	128	76
Sample278	646	190	81	68
Sample279	608	115	208	94
Sample280	637	161	113	69
Sample281	648	118	171	81
Sample282	143	499	246	89
Sample283	707	179	52	54
Sample284	182	667	66	60
Sample285	326	55	421	188
Sample286	160	453	248	154
Sample287	722	163	54	69
Sample288	499	217	162	98
Sample289	666	112	145	104
Sample290	247	626	129	27
Sample291	163	621	134	46
Sample292	765	147	39	57
Sample293	384	196	48	371
Sample294	651	153	80	116
Sample295	626	79	205	82
Sample296	269	404	346	0
Sample297	627	174	147	44
Sample298	354	16	603	50
Sample299	657	89	152	110
Sample300	549	157	184	126
Sample301	225	574	146	36
Sample302	668	199	67	58
Sample303	705	101	125	69
Sample304	551	147	195	115
Sample305	301	553	131	44
Sample306	262	581	65	69
Sample307	645	5	219	150
Sample308	667	131	161	60
Sample309	653	139	124	92
Sample310	664	140	128	60
Sample311	603	0	263	119
Sample312	512	148	116	212
Sample313	327	101	525	19
Sample314	436	173	65	343
Sample315	673	151	93	83
Sample316	655	114	145	86
Sample317	662	265	45	42
Sample318	152	98	487	243
Sample319	651	94	137	118
Sample320	344	240	106	327
Sample321	711	86	92	91
Sample322	182	647	94	61
Sample323	724	135	77	72
Sample324	232	614	96	35
Sample325	714	56	116	114
Sample326	610	174	106	128
Sample327	582	81	213	124
Sample328	119	686	129	54
Sample329	156	594	215	63
Sample330	610	76	236	63
Sample331	124	544	123	182
Sample332	375	210	103	320
Sample333	293	547	69	76
Sample334	705	133	70	78
Sample335	126	644	53	191
Sample336	335	248	116	320
Sample337	604	206	114	91
Sample338	52	181	549	202
Sample339	639	172	106	97
Sample340	663	83	152	110
Sample341	547	151	192	146
Sample342	239	278	211	262
Sample343	610	170	172	75
Sample344	694	152	87	67
Sample345	257	563	121	34
Sample346	196	676	36	76
Sample347	585	190	94	110
Sample348	231	477	176	129
Sample349	365	301	77	229
Sample350	662	73	146	98
Sample351	658	171	67	90
Sample352	373	172	140	333
Sample353	134	226	454	178
Sample354	234	608	16	123
Sample355	535	268	23	142
Sample356	702	29	145	114
Sample357	664	64	177	110
Sample358	471	179	66	285
Sample359	278	405	246	107
Sample360	693	67	156	99
Sample361	619	104	211	74
Sample362	670	126	113	83
Sample363	657	230	77	55
Sample364	325	389	167	102
Sample365	618	126	155	116
Sample366	686	72	123	136
Sample367	277	521	159	71
Sample368	668	152	103	69
Sample369	717	66	116	90
Sample370	694	126	81	85
Sample371	676	54	138	132
Sample372	675	76	158	99
Sample373	360	312	284	60
Sample374	651	132	123	94
Sample375	391	272	49	308
Sample376	92	665	145	82
Sample377	379	297	152	195
Sample378	314	525	81	48
Sample379	642	142	139	91
Sample380	60	560	201	195
Sample381	645	159	127	69
Sample382	255	452	125	185
Sample383	648	129	119	126
Sample384	587	199	120	122
Sample385	627	183	37	181
Sample386	303	431	257	43
Sample387	640	116	160	103
Sample388	631	200	76	101
Sample389	667	108	150	94
Sample390	523	297	18	138
Sample391	171	701	56	37
Sample392	719	6	152	115
Sample393	141	113	398	347
Sample394	372	87	449	56
Sample395	319	364	212	86
Sample396	620	155	134	99
Sample397	706	85	99	89
Sample398	639	70	211	106
Sample399	616	144	111	97
Sample400	274	526	168	67
Sample401	327	101	525	19
Sample402	675	152	58	101
Sample403	672	78	160	75
Sample404	588	110	200	115
Sample405	724	135	77	72
Sample406	325	612	37	14
Sample407	300	197	325	140
Sample408	342	373	271	0
Sample409	181	518	216	67
Sample410	694	41	139	118
Sample411	346	325	292	57
Sample412	638	244	81	22
Sample413	297	520	128	36
Sample414	267	613	105	43
Sample415	391	252	215	124
Sample416	336	88	545	50
Sample417	472	212	105	191
Sample418	327	101	525	19
Sample419	665	145	103	79
Sample420	360	132	151	370
Sample421	192	601	131	51
Sample422	312	312	78	302
Sample423	642	166	133	48
Sample424	306	605	63	12
Sample425	686	113	109	92
Sample426	668	146	115	63
Sample427	371	105	175	352
Sample428	651	51	210	67
Sample429	606	167	141	86
Sample430	327	101	525	19
Sample431	634	132	144	90
Sample432	668	192	48	100
Sample433	141	113	398	347
Sample434	648	96	159	89
Sample435	379	297	152	195
Sample436	663	183	103	59
Sample437	641	69	217	81
Sample438	478	268	0	239
Sample439	233	581	104	55
Sample440	280	616	92	28
Sample441	592	17	261	108
Sample442	638	138	136	69
Sample443	423	232	258	87
Sample444	559	189	174	94
Sample445	674	100	118	121
Sample446	676	107	127	82
Sample447	156	582	83	198
Sample448	676	69	154	86
Sample449	198	684	51	38
Sample450	638	42	218	81
Sample451	625	256	51	82
Sample452	374	249	76	309
Sample453	655	69	152	102
Sample454	242	572	18	182
Sample455	190	651	123	59
Sample456	566	162	172	81
Sample457	619	148	40	212
Sample458	711	133	80	84
Sample459	602	190	107	93
Sample460	314	189	187	328
Sample461	578	194	184	52
Sample462	662	98	150	90
Sample463	278	506	148	35
Sample464	634	154	131	53
Sample465	654	160	85	81
Sample466	577	160	215	48
Sample467	335	407	259	19
Sample468	780	23	78	100
Sample469	682	48	148	114
Sample470	677	198	54	71
Sample471	411	454	111	52
Sample472	338	575	109	13
Sample473	522	195	213	88
Sample474	606	196	101	118
Sample475	205	100	547	118
Sample476	329	250	426	13
Sample477	653	183	102	51
Sample478	675	143	77	85
Sample479	635	193	136	51
Sample480	215	599	98	68
Sample481	676	184	61	65
Sample482	709	88	122	60
Sample483	629	174	129	82
Sample484	683	123	97	83
Sample485	727	141	52	66
Sample486	730	125	126	8
Sample487	272	527	99	85
Sample488	644	50	214	100
Sample489	681	104	99	88
Sample490	724	135	77	72
Sample491	147	691	82	59
Sample492	103	520	214	180
Sample493	568	193	114	148
Sample494	141	615	170	43
Sample495	606	184	123	68
Sample496	341	416	7	208
Sample497	342	310	340	0
Sample498	164	617	163	68
Sample499	613	119	169	91
Sample500	149	254	433	177
Sample501	106	116	567	219
Sample502	707	148	64	73
Sample503	640	298	0	75
Sample504	675	273	9	61
Sample505	658	40	192	126
Sample506	272	408	166	128
Sample507	715	72	101	92
Sample508	608	200	133	59
Sample509	177	458	172	207
Sample510	414	299	54	217
Sample511	345	232	148	290
Sample512	609	141	177	98
Sample513	726	35	123	104
Sample514	399	159	129	339
Sample515	590	149	197	64
Sample516	263	296	118	331
Sample517	695	123	94	96
Sample518	664	89	143	89
Sample519	684	33	148	135
Sample520	662	122	129	79
Sample521	604	64	191	133
Sample522	518	216	29	216
Sample523	329	567	24	59
Sample524	553	128	251	76
Sample525	354	157	139	358
Sample526	635	152	157	35
Sample527	277	251	103	377
Sample528	327	101	525	19
Sample529	647	129	114	89
Sample530	348	342	275	20
Sample531	629	172	71	120
Sample532	367	196	65	385
Sample533	587	96	236	60
Sample534	276	612	72	6
Sample535	594	207	140	83
Sample536	499	216	184	101
Sample537	627	145	152	68
Sample538	577	157	170	88
Sample539	338	153	272	251
Sample540	213	309	174	319
Sample541	525	210	187	70
Sample542	125	700	107	42
Sample543	629	75	179	117
Sample544	660	98	182	40
Sample545	386	229	19	392
Sample546	287	506	188	53
Sample547	738	34	63	144
Sample548	323	86	498	119
Sample549	162	262	460	116
Sample550	708	55	129	96
Sample551	630	119	148	82
Sample552	676	151	78	95
Sample553	640	79	197	68
Sample554	631	118	188	63
Sample555	230	550	149	56
Sample556	686	174	90	70
Sample557	657	164	72	94
Sample558	680	25	162	118
Sample559	507	182	200	111
Sample560	569	195	45	168
Sample561	141	113	398	347
Sample562	711	112	92	93
Sample563	211	653	37	83
Sample564	701	100	91	87
Sample565	642	0	254	118
Sample566	708	182	59	70
Sample567	662	31	169	111
Sample568	223	83	474	189
Sample569	363	414	55	162
Sample570	681	95	175	41
Sample571	710	76	117	82
Sample572	496	214	42	220
Sample573	295	200	431	98
Sample574	589	154	148	89
Sample575	283	167	171	396
Sample576	141	113	398	347
Sample577	592	111	159	138
Sample578	606	182	120	106
Sample579	204	562	169	48
Sample580	697	92	92	100
Sample581	692	33	205	78
Sample582	241	294	171	298
Sample583	666	78	137	111
Sample584	235	559	121	52
Sample585	141	113	398	347
Sample586	639	113	135	113
Sample587	74	533	147	271
Sample588	650	102	152	88
Sample589	308	519	154	33
Sample590	216	469	179	110
Sample591	633	121	122	104
Sample592	245	629	120	41
Sample593	136	421	263	152
Sample594	505	310	44	128
Sample595	636	65	172	135
Sample596	323	300	96	303
Sample597	116	511	199	182
Sample598	580	255	55	145
Sample599	698	142	84	68
Sample600	305	181	139	380
Sample601	674	73	153	92
Sample602	572	80	219	137
Sample603	307	391	136	174
Sample604	715	148	90	61
Sample605	649	181	67	119
Sample606	627	103	128	160
Sample607	571	186	116	154
Sample608	652	108	162	62
Sample609	661	150	76	98
Sample610	194	530	84	206
Sample611	686	201	59	62
Sample612	516	266	0	199
Sample613	625	156	122	97
Sample614	248	298	128	333
Sample615	713	30	117	125
Sample616	651	203	81	44
Sample617	153	603	72	187
Sample618	708	146	60	86
Sample619	684	125	143	37
Sample620	726	63	103	88
Sample621	622	174	131	65
Sample622	700	152	75	65
Sample623	555	215	72	187
Sample624	166	643	129	34
Sample625	466	337	0	191
Sample626	603	269	96	56
Sample627	363	212	112	333
Sample628	417	322	55	223
Sample629	677	195	46	90
Sample630	290	140	443	90
Sample631	623	177	114	72
Sample632	618	179	154	57
Sample633	254	510	178	26
Sample634	252	579	117	26
Sample635	720	85	74	106
Sample636	741	131	46	70
Sample637	643	89	155	128
Sample638	662	144	104	90
Sample639	646	54	177	101
Sample640	329	451	123	77
Sample641	580	157	198	57
Sample642	674	120	111	84
Sample643	300	223	158	333
Sample644	355	489	142	42
Sample645	701	48	124	108
Sample646	147	561	100	205
Sample647	219	576	117	73
Sample648	31	598	182	191
Sample649	545	188	191	76
Sample650	511	216	233	48
Sample651	645	119	114	114
Sample652	580	189	185	64
Sample653	609	95	230	58
Sample654	306	455	214	52
Sample655	648	157	95	92
Sample656	715	109	123	53
Sample657	635	37	169	144
Sample658	458	69	461	53
Sample659	477	331	0	166
Sample660	138	491	183	205
Sample661	197	594	137	39
Sample662	279	612	25	53
Sample663	578	192	94	151
Sample664	658	98	149	80
Sample665	266	231	189	330
Sample666	161	627	94	123
Sample667	407	43	545	37
Sample668	761	91	79	58
Sample669	410	245	40	312
Sample670	416	435	159	5
Sample671	219	612	127	36
Sample672	653	126	144	85
Sample673	707	148	64	73
Sample674	439	200	105	264
Sample675	651	95	133	106
Sample676	362	245	121	288
Sample677	641	99	173	102
Sample678	455	228	86	239
Sample679	563	161	103	148
Sample680	689	99	95	96
Sample681	576	142	200	82
Sample682	599	216	119	58
Sample683	591	156	152	86
Sample684	693	115	90	94
Sample685	206	575	85	145
Sample686	624	0	247	137
Sample687	632	78	196	102
Sample688	695	101	108	88
Sample689	724	135	77	72
Sample690	97	608	166	146
Sample691	660	36	216	59
Sample692	548	155	231	74
Sample693	694	182	53	57
Sample694	721	137	74	68
Sample695	625	144	158	73
Sample696	687	71	144	83
Sample697	285	485	172	35
Sample698	649	128	80	124
Sample699	141	607	194	66
Sample700	279	528	180	47
Sample701	632	120	180	83
Sample702	663	248	65	37
Sample703	423	311	44	235
Sample704	709	117	95	93
Sample705	319	499	121	29
Sample706	624	37	240	99
Sample707	711	58	127	93
Sample708	253	433	152	149
Sample709	223	94	496	188
Sample710	655	60	176	87
Sample711	220	548	147	72
Sample712	117	212	456	196
Sample713	757	58	112	62
Sample714	321	510	132	52
Sample715	610	201	136	80
Sample716	611	173	123	93
Sample717	327	101	525	19
Sample718	100	623	208	49
Sample719	289	405	205	135
Sample720	546	128	172	139
Sample721	723	148	69	47
Sample722	218	528	257	12
Sample723	597	188	168	60
Sample724	708	88	157	62
Sample725	218	572	154	57
Sample726	205	645	48	69
Sample727	618	185	139	46
Sample728	636	197	99	84
Sample729	386	320	280	0
Sample730	221	496	201	65
Sample731	312	532	131	59
Sample732	606	129	193	64
Sample733	614	145	124	103
Sample734	619	178	78	108
Sample735	634	145	112	109
Sample736	687	25	213	75
Sample737	404	397	56	125
Sample738	218	559	114	128
Sample739	674	211	44	58
Sample740	594	227	119	40
Sample741	664	128	105	91
Sample742	277	344	124	271
Sample743	646	127	120	92
Sample744	641	77	162	108
Sample745	537	209	182	92
Sample746	587	19	220	154
Sample747	50	442	312	210
Sample748	187	619	116	58
Sample749	680	130	90	81
Sample750	289	487	233	19
Sample751	643	153	155	67
Sample752	327	101	525	19
Sample753	623	203	64	96
Sample754	655	168	101	62
Sample755	700	71	123	91
Sample756	694	152	87	67
Sample757	186	540	183	74
Sample758	205	566	133	81
Sample759	574	171	104	173
Sample760	618	99	193	75
Sample761	684	138	97	89
Sample762	613	175	113	99
Sample763	616	132	158	79
Sample764	289	469	172	40
Sample765	662	92	149	97
Sample766	711	80	96	93
Sample767	343	419	220	0
Sample768	612	172	177	54
Sample769	584	220	7	170
Sample770	616	210	121	31
Sample771	712	103	111	100
Sample772	599	101	193	91
Sample773	606	235	85	54
Sample774	600	78	186	116
Sample775	507	184	94	193
Sample776	327	101	525	19
Sample777	83	508	217	206
Sample778	613	74	226	79
Sample779	202	649	128	0
Sample780	574	228	146	66
Sample781	630	237	68	78
Sample782	736	74	79	91
Sample783	626	188	96	90
Sample784	336	161	168	349
Sample785	663	174	123	58
Sample786	609	132	126	118
Sample787	635	131	203	39
Sample788	193	601	122	66
Sample789	315	544	38	76
Sample790	635	133	154	78
Sample791	732	56	161	59
Sample792	480	133	305	116
Sample793	334	121	413	155
Sample794	585	171	12	199
Sample795	588	173	144	112
Sample796	293	316	153	226
Sample797	654	46	176	124
Sample798	322	569	88	43
Sample799	188	599	130	57
Sample800	639	108	143	102
Sample801	673	69	167	91
Sample802	237	382	263	87
Sample803	672	124	104	108
Sample804	652	94	162	110
Sample805	727	48	106	100
Sample806	680	84	126	100
Sample807	709	117	95	93
Sample808	407	215	220	128
Sample809	183	645	107	46
Sample810	656	42	186	101
Sample811	677	109	125	89
Sample812	628	275	64	59
Sample813	690	124	77	88
Sample814	642	183	108	53
Sample815	683	179	57	81
Sample816	213	685	82	0
Sample817	633	190	87	124
Sample818	133	136	535	189
Sample819	598	270	4	111
Sample820	521	191	93	171
Sample821	633	96	187	103
Sample822	650	68	159	107
Sample823	666	95	165	74
Sample824	727	48	106	100
Sample825	274	398	212	96
Sample826	86	534	271	83
Sample827	584	132	192	100
Sample828	629	154	78	147
Sample829	645	201	100	46
Sample830	83	501	238	187
Sample831	712	34	129	104
Sample832	296	515	145	71
Sample833	642	117	131	102
Sample834	569	164	170	110
Sample835	327	101	525	19
Sample836	620	0	238	127
Sample837	252	636	45	55
Sample838	681	74	135	89
Sample839	643	109	172	94
Sample840	140	113	399	356
Sample841	358	478	66	79
Sample842	685	0	189	145
Sample843	327	101	525	19
Sample844	734	92	85	81
Sample845	218	620	116	12
Sample846	366	253	101	295
Sample847	493	186	70	252
Sample848	672	83	168	85
Sample849	325	254	98	336
Sample850	347	95	489	68
Sample851	460	233	258	63
Sample852	529	91	298	90
Sample853	287	583	59	58
Sample854	479	260	87	142
Sample855	327	101	525	19
Sample856	709	117	95	93
Sample857	85	210	442	243
Sample858	719	120	62	79
Sample859	312	184	167	345
Sample860	650	86	155	101
Sample861	694	152	87	67
Sample862	659	165	90	94
Sample863	671	87	140	94
Sample864	603	195	142	60
Sample865	178	642	60	87
Sample866	702	98	101	99
Sample867	668	96	142	94
Sample868	285	195	391	92
Sample869	375	116	314	215
Sample870	674	186	28	126
Sample871	351	312	233	123
Sample872	327	101	525	19
Sample873	273	586	140	35
Sample874	709	117	95	93
Sample875	464	174	249	75
Sample876	650	163	142	24
Sample877	327	101	525	19
Sample878	142	644	64	165
Sample879	331	205	349	96
Sample880	205	100	547	118
Sample881	532	300	123	60
Sample882	599	181	184	53
Sample883	401	351	232	1
Sample884	579	101	233	102
Sample885	613	168	116	103
Sample886	607	138	208	62
Sample887	558	223	124	87
Sample888	716	35	170	58
Sample889	192	562	177	49
Sample890	709	117	95	93
Sample891	584	111	194	111
Sample892	697	123	90	70
Sample893	605	231	78	78
Sample894	438	254	58	238
Sample895	296	199	152	369
Sample896	155	591	122	109
Sample897	676	60	134	102
Sample898	141	113	398	347
Sample899	692	44	156	100
Sample900	216	562	170	19
Sample901	667	121	153	77
Sample902	620	109	139	132
Sample903	652	159	12	151
Sample904	677	61	195	81
Sample905	535	185	170	110
Sample906	594	268	51	74
Sample907	689	74	106	110
Sample908	564	242	129	87
Sample909	612	132	169	101
Sample910	85	472	246	203
Sample911	672	121	113	86
Sample912	662	147	99	71
Sample913	216	536	138	91
Sample914	351	335	270	25
Sample915	651	60	199	70
Sample916	328	210	164	297
Sample917	643	143	126	102
Sample918	766	56	77	88
Sample919	391	194	95	306
Sample920	252	553	104	65
Sample921	536	298	108	82
Sample922	635	205	110	58
Sample923	675	58	161	91
Sample924	84	231	492	174
Sample925	600	98	182	143
Sample926	708	53	130	89
Sample927	632	128	156	84
Sample928	86	710	156	24
Sample929	570	194	161	89
Sample930	478	292	54	151
Sample931	327	101	525	19
Sample932	572	128	177	115
Sample933	461	309	26	225
Sample934	158	78	441	337
Sample935	706	115	107	60
Sample936	435	256	83	244
Sample937	246	290	160	307
Sample938	634	104	145	102
Sample939	663	116	149	57
Sample940	284	276	109	330
Sample941	327	101	525	19
Sample942	241	77	427	270
Sample943	221	598	173	46
Sample944	693	5	235	102
Sample945	653	147	122	63
Sample946	350	172	114	372
Sample947	319	262	111	324
Sample948	655	84	140	106
Sample949	513	164	40	257
Sample950	327	101	525	19
Sample951	627	67	201	113
Sample952	266	304	145	285
Sample953	673	151	93	83
Sample954	587	163	167	75
Sample955	578	66	233	100
Sample956	696	20	151	118
Sample957	152	513	207	143
Sample958	635	212	103	64
Sample959	645	95	191	88
Sample960	271	207	183	358
Sample961	593	190	138	99
Sample962	627	0	234	131
Sample963	272	417	93	236
Sample964	327	101	525	19
Sample965	309	535	103	35
Sample966	268	459	225	63
Sample967	299	121	414	146
Sample968	165	645	105	93
Sample969	491	271	35	177
Sample970	204	674	90	16
Sample971	141	113	398	347
Sample972	490	166	219	133
Sample973	327	101	525	19
Sample974	685	135	121	67
Sample975	327	101	525	19
Sample976	199	571	183	34
Sample977	638	199	74	97
Sample978	634	172	79	101
Sample979	161	246	414	161
Sample980	295	323	281	112
Sample981	626	102	163	87
Sample982	707	170	59	56
Sample983	696	172	102	53
Sample984	724	135	77	72
Sample985	219	623	137	9
Sample986	333	579	103	12
Sample987	315	373	320	0
Sample988	678	176	76	84
Sample989	669	106	151	66
Sample990	449	206	163	166
Sample991	679	50	159	90
Sample992	695	128	97	88
Sample993	726	117	28	137
Sample994	686	125	151	56
Sample995	666	201	48	112
Sample996	656	8	217	111
Sample997	680	164	78	70
Sample998	428	275	104	201
Sample999	265	578	105	33
Sample1000	712	83	114	71
Sample1001	574	94	224	134
Sample1002	680	99	131	90
Sample1003	591	191	148	49
Sample1004	209	616	95	57
Sample1005	677	146	83	72
Sample1006	638	144	149	77
Sample1007	641	163	144	52
Sample1008	319	579	79	9
Sample1009	653	67	197	83
Sample1010	713	24	161	117
Sample1011	652	51	241	71
Sample1012	444	0	470	103
Sample1013	694	152	87	67
Sample1014	224	570	102	85
Sample1015	518	224	157	101
Sample1016	657	217	60	80
Sample1017	246	308	90	374
Sample1018	357	342	301	0
Sample1019	550	152	143	123
Sample1020	724	135	77	72
Sample1021	298	206	177	327
Sample1022	677	182	41	86
Sample1023	327	101	525	19
Sample1024	327	221	171	297
Sample1025	644	148	122	86
Sample1026	263	81	567	124
Sample1027	641	193	114	60
Sample1028	390	404	28	197
Sample1029	243	577	111	49
Sample1030	649	70	167	99
Sample1031	327	101	525	19
Sample1032	408	359	48	197
Sample1033	282	188	243	292
Sample1034	609	205	130	77
Sample1035	604	81	200	100
Sample1036	264	617	31	67
Sample1037	262	618	105	44
Sample1038	289	190	158	371
Sample1039	293	161	515	39
Sample1040	614	134	122	138
Sample1041	495	215	218	58
Sample1042	690	151	73	74
Sample1043	327	101	525	19
Sample1044	145	102	507	240
Sample1045	644	83	168	94
Sample1046	575	138	211	103
Sample1047	638	318	0	63
Sample1048	632	106	174	68
Sample1049	689	13	185	91
Sample1050	664	73	121	127
Sample1051	237	588	65	83
Sample1052	192	701	65	21
Sample1053	703	61	153	75
Sample1054	552	214	96	153
Sample1055	292	529	130	85
Sample1056	615	236	118	39
Sample1057	673	130	94	95
Sample1058	279	455	169	69
Sample1059	383	163	76	396
Sample1060	368	174	97	366
Sample1061	465	292	60	170
Sample1062	486	153	93	255
Sample1063	193	561	130	90
Sample1064	669	110	116	105
Sample1065	695	138	61	91
Sample1066	180	608	112	65
Sample1067	694	106	94	85
Sample1068	695	144	104	65
Sample1069	327	101	525	19
Sample1070	92	613	134	168
Sample1071	288	429	246	53
Sample1072	603	200	98	107
Sample1073	95	617	123	183
Sample1074	542	229	60	144
Sample1075	565	174	190	71
Sample1076	690	115	147	56
Sample1077	642	150	90	118
Sample1078	619	43	179	144
Sample1079	356	0	609	54
Sample1080	212	638	89	36
Sample1081	621	86	213	88
Sample1082	714	102	95	81
Sample1083	645	139	140	84
Sample1084	558	220	67	190
Sample1085	696	82	132	82
Sample1086	707	125	81	73
Sample1087	711	139	70	66
Sample1088	387	222	298	78
Sample1089	645	81	156	99
Sample1090	159	560	242	74
Sample1091	602	202	98	98
Sample1092	651	135	124	98
Sample1093	674	49	137	120
Sample1094	691	143	65	93
Sample1095	303	185	154	358
Sample1096	617	170	157	41
Sample1097	669	37	200	80
Sample1098	731	132	55	90
Sample1099	558	242	55	120
Sample1100	327	300	84	296
Sample1101	632	138	168	81
Sample1102	329	165	142	360
Sample1103	474	174	70	290
Sample1104	438	263	13	267
Sample1105	635	75	228	70
Sample1106	513	211	171	105
Sample1107	553	224	101	114
Sample1108	653	50	174	108
Sample1109	478	195	268	30
Sample1110	738	1	129	132
Sample1111	478	364	0	140
Sample1112	650	146	121	64
Sample1113	429	122	363	109
Sample1114	505	267	101	153
Sample1115	697	97	103	83
Sample1116	267	120	530	83
Sample1117	468	0	467	73
Sample1118	628	217	94	40
Sample1119	313	413	156	83
Sample1120	620	122	171	95
Sample1121	16	472	276	268
Sample1122	458	241	82	220
Sample1123	279	538	89	80
Sample1124	644	148	144	64
Sample1125	595	200	120	109
Sample1126	629	118	178	90
Sample1127	469	252	209	54
Sample1128	639	188	111	54
Sample1129	233	534	145	70
Sample1130	318	174	181	312
Sample1131	724	135	77	72
Sample1132	287	310	195	230
Sample1133	568	143	200	116
Sample1134	270	628	13	57
Sample1135	319	285	103	307
Sample1136	137	509	195	175
Sample1137	618	116	175	91
Sample1138	583	156	184	91
Sample1139	522	144	257	104
Sample1140	247	340	253	128
Sample1141	327	101	525	19
Sample1142	327	101	525	19
Sample1143	313	488	173	47
Sample1144	379	297	152	195
Sample1145	385	155	121	335
Sample1146	598	177	166	85
Sample1147	218	625	116	16
Sample1148	697	96	112	87
Sample1149	641	208	107	80
Sample1150	696	122	86	88
Sample1151	238	567	149	47
Sample1152	329	218	98	370
Sample1153	327	101	525	19
Sample1154	188	626	117	42
Sample1155	474	127	149	237
Sample1156	712	79	134	64
Sample1157	642	143	100	101
Sample1158	589	264	108	47
Sample1159	202	642	102	29
Sample1160	340	269	73	325
Sample1161	645	117	100	152
Sample1162	683	126	116	60
Sample1163	410	208	157	198
Sample1164	647	105	178	78
Sample1165	228	574	92	88
Sample1166	689	34	140	122
Sample1167	293	229	176	298
Sample1168	475	271	162	100
Sample1169	718	88	97	105
Sample1170	336	378	265	0
Sample1171	272	589	20	86
Sample1172	663	179	99	51
Sample1173	739	45	108	71
Sample1174	710	85	104	89
Sample1175	636	177	84	111
Sample1176	624	247	70	67
Sample1177	668	83	146	81
Sample1178	271	554	102	53
Sample1179	658	144	124	66
Sample1180	679	158	102	47
Sample1181	709	117	95	93
Sample1182	91	600	151	180
Sample1183	636	119	167	78
Sample1184	664	66	225	53
Sample1185	687	73	126	94
Sample1186	671	84	125	112
Sample1187	644	154	148	75
Sample1188	675	225	66	48
Sample1189	226	445	167	179
Sample1190	653	128	87	112
Sample1191	230	501	164	90
Sample1192	181	578	136	87
Sample1193	243	203	555	27
Sample1194	204	654	87	31
Sample1195	664	132	114	90
Sample1196	688	120	117	75
Sample1197	304	259	119	316
Sample1198	593	226	124	76
Sample1199	724	135	77	72
Sample1200	211	511	144	114
Sample1201	188	600	139	55
Sample1202	583	115	156	146
Sample1203	629	190	135	54
Sample1204	711	155	63	63
Sample1205	452	281	214	65
Sample1206	681	123	129	59
Sample1207	611	143	159	79
Sample1208	420	2	527	75
Sample1209	685	110	103	74
Sample1210	726	84	73	102
Sample1211	422	179	245	139
Sample1212	653	167	92	88
Sample1213	704	101	100	95
Sample1214	283	543	144	16
Sample1215	665	48	165	100
Sample1216	676	221	70	60
Sample1217	652	127	109	97
Sample1218	368	209	83	353
Sample1219	328	551	60	43
Sample1220	673	102	122	88
Sample1221	101	485	122	262
Sample1222	654	96	177	98
Sample1223	479	232	101	182
Sample1224	574	105	240	71
Sample1225	599	198	151	67
Sample1226	599	136	156	135
Sample1227	721	89	112	66
Sample1228	446	102	415	0
Sample1229	220	610	146	0
Sample1230	517	218	25	224
Sample1231	339	491	153	50
Sample1232	672	73	152	91
Sample1233	669	110	113	88
Sample1234	578	152	191	94
Sample1235	140	514	128	231
Sample1236	659	117	128	76
Sample1237	709	117	95	93
Sample1238	246	426	191	111
Sample1239	735	114	65	78
Sample1240	168	549	200	70
Sample1241	353	339	77	203
Sample1242	616	138	170	76
Sample1243	155	649	142	35
Sample1244	677	157	37	152
Sample1245	199	595	144	41
Sample1246	685	121	68	134
Sample1247	662	98	151	70
Sample1248	233	571	144	80
Sample1249	656	120	127	89
Sample1250	116	668	86	109
Sample1251	664	58	151	112
Sample1252	408	197	155	227
Sample1253	637	204	74	93
Sample1254	622	172	135	63
Sample1255	702	178	60	45
Sample1256	639	83	166	120
Sample1257	683	159	71	87
Sample1258	627	163	100	89
Sample1259	662	149	85	112
Sample1260	124	503	298	59
Sample1261	303	255	116	344
Sample1262	711	86	92	91
Sample1263	639	114	150	89
Sample1264	578	168	146	130
Sample1265	701	110	93	76
Sample1266	220	612	111	31
Sample1267	254	480	158	83
Sample1268	699	160	34	125
Sample1269	641	87	135	129
Sample1270	378	501	0	102
Sample1271	557	163	178	117
Sample1272	591	98	106	179
Sample1273	619	138	188	70
Sample1274	438	224	72	267
Sample1275	210	656	68	47
Sample1276	319	243	134	319
Sample1277	327	101	525	19
Sample1278	175	596	127	86
Sample1279	653	112	115	106
Sample1280	345	170	114	357
Sample1281	349	246	57	356
Sample1282	494	249	117	119
Sample1283	253	420	121	208
Sample1284	694	152	87	67
Sample1285	156	547	235	63
Sample1286	433	160	371	0
Sample1287	649	76	139	116
Sample1288	218	481	171	111
Sample1289	656	131	136	66
Sample1290	560	222	169	57
Sample1291	500	281	67	171
Sample1292	681	62	156	109
Sample1293	599	204	125	64
Sample1294	602	264	94	53
Sample1295	462	239	198	101
Sample1296	430	190	170	218
Sample1297	386	203	95	324
Sample1298	184	512	246	23
Sample1299	179	518	153	168
Sample1300	642	141	131	86
Sample1301	598	204	114	92
Sample1302	0	226	563	232
Sample1303	363	186	407	36
Sample1304	338	86	516	68
Sample1305	441	151	131	289
Sample1306	610	227	28	169
Sample1307	618	213	86	101
Sample1308	288	619	35	31
Sample1309	688	110	118	76
Sample1310	516	0	371	96
Sample1311	187	569	136	94
Sample1312	8	531	116	319
Sample1313	493	256	48	171
Sample1314	677	143	93	72
Sample1315	256	218	179	349
Sample1316	327	101	525	19
Sample1317	592	130	197	89
Sample1318	719	125	58	78
Sample1319	327	101	525	19
Sample1320	700	93	142	73
Sample1321	250	570	67	81
Sample1322	296	203	182	334
Sample1323	386	67	169	379
Sample1324	195	601	125	47
Sample1325	684	89	114	113
Sample1326	501	377	0	97
Sample1327	247	559	139	22
Sample1328	355	316	309	0
Sample1329	695	152	128	33
Sample1330	676	61	126	122
Sample1331	175	566	174	51
Sample1332	281	199	176	351
Sample1333	636	255	83	34
Sample1334	100	646	35	192
Sample1335	251	584	50	103
Sample1336	671	162	66	86
Sample1337	622	101	177	100
Sample1338	251	498	145	107
Sample1339	688	36	177	91
Sample1340	264	596	101	19
Sample1341	657	159	118	82
Sample1342	281	522	185	47
Sample1343	630	71	208	72
Sample1344	295	183	484	55
Sample1345	648	100	183	96
Sample1346	713	102	100	70
Sample1347	650	207	0	117
Sample1348	688	88	116	96
Sample1349	179	581	142	71
Sample1350	495	229	257	0
Sample1351	136	653	71	171
Sample1352	684	138	97	89
Sample1353	370	174	151	321
Sample1354	247	532	150	53
Sample1355	246	588	70	75
Sample1356	690	119	98	78
Sample1357	679	147	46	113
Sample1358	362	154	145	354
Sample1359	639	111	176	66
Sample1360	730	93	78	88
Sample1361	240	541	154	45
Sample1362	171	617	122	70
Sample1363	243	540	161	31
Sample1364	654	50	163	112
Sample1365	544	179	180	131
Sample1366	599	114	213	92
Sample1367	719	60	120	120
Sample1368	604	80	195	129
Sample1369	61	634	143	165
Sample1370	648	174	94	64
Sample1371	659	204	88	57
Sample1372	472	230	210	69
Sample1373	271	652	73	32
Sample1374	688	124	103	77
Sample1375	598	213	84	105
Sample1376	669	102	89	128
Sample1377	634	148	135	75
Sample1378	719	120	62	79
Sample1379	722	103	73	89
Sample1380	381	225	142	270
Sample1381	258	472	161	93
Sample1382	151	244	492	99
Sample1383	596	141	112	137
Sample1384	538	237	102	157
Sample1385	225	491	202	64
Sample1386	591	189	168	60
Sample1387	627	153	118	102
Sample1388	617	119	166	106
Sample1389	664	128	142	74
Sample1390	164	692	68	65
Sample1391	287	499	201	40
Sample1392	370	341	120	159
Sample1393	338	452	127	63
Sample1394	685	35	190	79
Sample1395	673	152	137	53
Sample1396	627	158	96	119
Sample1397	712	134	73	73
Sample1398	658	41	178	104
Sample1399	689	178	74	59
Sample1400	646	68	190	88
Sample1401	646	160	131	63
Sample1402	515	60	386	81
Sample1403	258	502	184	31
Sample1404	628	177	75	101
Sample1405	692	194	47	59
Sample1406	24	658	179	153
Sample1407	612	97	203	80
Sample1408	156	612	153	60
Sample1409	691	115	112	90
Sample1410	694	152	87	67
Sample1411	493	292	0	197
Sample1412	81	234	516	170
Sample1413	724	135	77	72
Sample1414	709	137	69	85
Sample1415	267	507	157	41
Sample1416	209	512	202	71
Sample1417	590	102	190	110
Sample1418	625	102	193	80
Sample1419	258	519	77	114
Sample1420	585	105	230	98
Sample1421	578	170	190	88
Sample1422	335	198	84	379
Sample1423	295	201	147	327
Sample1424	548	240	0	192
Sample1425	620	147	130	111
Sample1426	268	552	99	54
Sample1427	724	135	77	72
Sample1428	161	451	273	96
Sample1429	753	31	129	76
Sample1430	317	575	68	75
Sample1431	734	7	148	125
Sample1432	673	53	159	107
Sample1433	327	101	525	19
Sample1434	196	608	161	22
Sample1435	741	93	76	82
Sample1436	617	134	160	68
Sample1437	744	186	40	44
Sample1438	720	137	77	51
Sample1439	327	101	525	19
Sample1440	596	166	164	87
Sample1441	264	593	138	40
Sample1442	649	145	137	84
Sample1443	690	128	88	74
Sample1444	193	587	112	74
Sample1445	252	586	109	27
Sample1446	594	158	174	100
Sample1447	281	452	177	64
Sample1448	661	116	131	78
Sample1449	686	102	86	118
Sample1450	657	106	127	125
Sample1451	486	214	95	206
Sample1452	643	86	161	110
Sample1453	677	182	41	86
Sample1454	455	302	43	219
Sample1455	678	161	97	64
Sample1456	662	101	148	81
Sample1457	680	74	173	53
Sample1458	84	573	171	190
Sample1459	630	157	140	81
Sample1460	196	640	109	36
Sample1461	674	68	177	61
Sample1462	195	531	149	141
Sample1463	346	98	427	158
Sample1464	612	101	165	122
Sample1465	712	39	116	106
Sample1466	628	117	166	81
Sample1467	156	513	190	158
Sample1468	640	138	140	109
Sample1469	628	32	185	155
Sample1470	564	184	160	92
Sample1471	274	305	235	157
Sample1472	225	556	169	34
Sample1473	129	558	109	220
Sample1474	237	477	266	43
Sample1475	717	130	54	79
Sample1476	181	600	170	37
Sample1477	506	260	59	164
Sample1478	693	165	84	58
Sample1479	626	92	164	103
Sample1480	679	120	103	77
Sample1481	373	114	154	367
Sample1482	628	125	158	81
Sample1483	653	155	87	84
Sample1484	640	15	193	130
Sample1485	684	138	97	89
Sample1486	668	94	140	98
Sample1487	401	286	136	165
Sample1488	623	119	176	90
Sample1489	694	156	43	92
Sample1490	670	41	154	113
Sample1491	130	566	136	179
Sample1492	278	465	211	73
Sample1493	550	224	80	182
Sample1494	138	531	117	232
Sample1495	635	104	174	79
Sample1496	389	312	216	69
Sample1497	601	158	162	105
Sample1498	745	126	55	66
Sample1499	709	44	137	91
Sample1500	313	455	132	75
Sample1501	194	646	103	31
Sample1502	328	176	151	364
Sample1503	663	180	126	48
Sample1504	617	175	85	141
Sample1505	544	176	199	73
Sample1506	283	217	150	368
Sample1507	386	117	394	121
Sample1508	102	515	217	169
Sample1509	626	183	100	83
Sample1510	723	130	64	75
Sample1511	544	171	192	120
Sample1512	327	101	525	19
Sample1513	614	163	133	105
Sample1514	657	98	151	74
Sample1515	673	151	93	83
Sample1516	633	99	144	124
Sample1517	393	467	160	0
Sample1518	646	251	45	78
Sample1519	327	101	525	19
Sample1520	226	524	75	192
Sample1521	634	80	206	80
Sample1522	143	522	186	150
Sample1523	688	120	111	95
Sample1524	294	182	214	326
Sample1525	692	120	125	81
Sample1526	700	85	109	85
Sample1527	668	125	83	109
Sample1528	266	269	173	306
Sample1529	597	165	138	92
Sample1530	265	571	99	33
Sample1531	630	165	91	140
Sample1532	688	149	67	88
Sample1533	141	113	398	347
Sample1534	268	344	177	205
Sample1535	642	205	71	103
Sample1536	724	93	73	118
Sample1537	709	71	127	108
Sample1538	632	287	60	29
Sample1539	624	47	237	107
Sample1540	643	118	143	75
Sample1541	685	61	138	116
Sample1542	188	645	56	126
Sample1543	354	495	80	39
Sample1544	699	162	69	62
Sample1545	534	245	178	57
Sample1546	563	245	0	159
Sample1547	671	91	169	61
Sample1548	87	570	150	206
Sample1549	708	123	83	58
Sample1550	711	86	92	91
Sample1551	134	506	173	195
Sample1552	141	113	398	347
Sample1553	251	519	104	107
Sample1554	210	654	43	80
Sample1555	251	251	181	332
Sample1556	282	143	426	112
Sample1557	633	186	132	29
Sample1558	666	86	152	96
Sample1559	238	616	91	35
Sample1560	625	167	104	104
Sample1561	738	13	128	101
Sample1562	688	115	112	65
Sample1563	266	560	139	59
Sample1564	141	113	398	347
Sample1565	231	597	99	38
Sample1566	224	564	139	60
Sample1567	454	225	93	237
Sample1568	724	135	77	72
Sample1569	306	501	178	23
Sample1570	253	616	123	38
Sample1571	635	96	169	115
Sample1572	183	543	148	139
Sample1573	618	122	135	125
Sample1574	343	303	180	185
Sample1575	327	101	525	19
Sample1576	414	306	85	207
Sample1577	241	614	95	30
Sample1578	184	594	92	103
Sample1579	674	59	138	144
Sample1580	659	134	131	84
Sample1581	611	132	48	174
Sample1582	675	72	146	115
Sample1583	672	117	149	54
Sample1584	282	535	177	40
Sample1585	680	94	114	97
Sample1586	250	613	65	59
Sample1587	632	157	100	96
Sample1588	255	360	107	292
Sample1589	404	152	416	52
Sample1590	295	525	115	45
Sample1591	607	133	128	147
Sample1592	212	464	200	99
Sample1593	508	208	189	122
Sample1594	609	78	217	80
Sample1595	442	200	107	227
Sample1596	569	176	151	122
Sample1597	258	612	59	37
Sample1598	678	40	200	82
Sample1599	542	134	116	214
Sample1600	561	145	201	120
Sample1601	692	151	75	90
Sample1602	668	83	132	103
Sample1603	695	81	150	82
Sample1604	217	515	270	34
Sample1605	254	576	128	19
Sample1606	193	559	128	94
Sample1607	635	104	192	69
Sample1608	639	170	97	86
Sample1609	646	142	98	106
Sample1610	685	166	122	53
Sample1611	242	479	311	4
Sample1612	623	166	159	80
Sample1613	575	165	140	128
Sample1614	642	138	145	89
Sample1615	232	563	99	71
Sample1616	640	160	114	112
Sample1617	298	546	74	64
Sample1618	327	101	525	19
Sample1619	127	596	111	168
Sample1620	141	113	398	347
Sample1621	603	145	179	57
Sample1622	610	81	228	73
Sample1623	427	190	270	97
Sample1624	224	654	110	36
Sample1625	656	129	121	102
Sample1626	285	145	236	342
Sample1627	81	566	135	225
Sample1628	261	379	266	120
Sample1629	662	127	140	71
Sample1630	259	524	175	18
Sample1631	363	171	326	154
Sample1632	444	89	162	321
Sample1633	447	0	458	78
Sample1634	674	107	160	59
Sample1635	714	194	39	53
Sample1636	608	216	0	143
Sample1637	387	293	154	153
Sample1638	681	141	80	84
Sample1639	775	99	63	55
Sample1640	708	129	53	96
Sample1641	713	138	61	96
Sample1642	415	350	33	177
Sample1643	684	254	0	75
Sample1644	310	571	17	68
Sample1645	327	101	525	19
Sample1646	628	194	111	93
Sample1647	300	230	146	342
Sample1648	331	505	99	41
Sample1649	190	514	285	27
Sample1650	236	555	140	48
Sample1651	432	399	0	163
Sample1652	413	125	130	345
Sample1653	252	601	93	42
Sample1654	663	236	45	74
Sample1655	230	504	218	29
Sample1656	327	101	525	19
Sample1657	551	199	166	76
Sample1658	677	151	103	99
Sample1659	633	123	168	66
Sample1660	731	82	107	88
Sample1661	598	205	141	75
Sample1662	185	601	140	47
Sample1663	563	275	118	52
Sample1664	707	102	67	109
Sample1665	760	41	66	105
Sample1666	113	325	360	220
Sample1667	145	641	86	143
Sample1668	421	409	0	143
Sample1669	245	631	54	38
Sample1670	307	321	255	99
Sample1671	709	117	95	93
Sample1672	447	0	458	78
Sample1673	616	215	137	40
Sample1674	724	135	77	72
Sample1675	646	105	155	86
Sample1676	274	610	52	37
Sample1677	337	518	113	58
Sample1678	694	145	88	73
Sample1679	286	532	133	18
Sample1680	339	255	67	351
Sample1681	623	123	142	97
Sample1682	442	250	200	131
Sample1683	229	545	131	70
Sample1684	433	131	93	324
Sample1685	275	586	65	56
Sample1686	447	0	458	78
Sample1687	705	104	101	79
Sample1688	674	74	150	87
Sample1689	662	101	131	106
Sample1690	580	125	177	110
Sample1691	177	191	479	175
Sample1692	559	170	205	46
Sample1693	612	155	147	100
Sample1694	183	734	23	39
Sample1695	246	586	120	75
Sample1696	341	489	20	144
Sample1697	694	152	87	67
Sample1698	379	297	152	195
Sample1699	287	471	192	85
Sample1700	694	105	92	109
Sample1701	692	79	149	88
Sample1702	590	231	22	137
Sample1703	505	235	118	171
Sample1704	635	171	156	55
Sample1705	318	508	45	102
Sample1706	366	274	189	153
Sample1707	684	139	79	106
Sample1708	327	101	525	19
Sample1709	625	205	96	89
Sample1710	556	69	258	109
Sample1711	603	113	149	135
Sample1712	683	0	207	89
Sample1713	327	101	525	19
Sample1714	294	419	267	0
