Mutation Types	Sample1	Sample2	Sample3	Sample4	Sample5	Sample6	Sample7	Sample8	Sample9	Sample10	Sample11	Sample12	Sample13	Sample14	Sample15	Sample16	Sample17	Sample18	Sample19	Sample20	Sample21	Sample22	Sample23	Sample24	Sample25	Sample26	Sample27	Sample28	Sample29	Sample30	Sample31	Sample32	Sample33	Sample34	Sample35	Sample36	Sample37	Sample38	Sample39	Sample40	Sample41	Sample42	Sample43	Sample44	Sample45	Sample46	Sample47	Sample48	Sample49	Sample50	Sample51	Sample52	Sample53	Sample54	Sample55	Sample56	Sample57	Sample58	Sample59	Sample60	Sample61	Sample62	Sample63
A[C>A]A	41	61	41	21	41	41	41	21	41	41	41	41	41	1	41	41	41	41	41	41	21	41	61	41	41	41	41	41	61	41	41	41	41	41	41	41	61	41	41	41	41	41	61	61	41	41	41	41	41	41	41	41	41	41	41	41	41	41	41	61	21	61	41
A[C>A]C	41	41	21	21	41	41	41	41	41	41	21	21	41	41	41	41	41	41	41	41	41	41	41	41	21	41	21	41	21	41	21	41	41	41	21	41	41	41	41	41	21	41	1	41	41	41	41	41	41	21	41	41	41	41	41	21	41	41	41	21	21	41	41
A[C>A]G	1	1	1	1	1	1	1	1	1	1	1	1	1	1	1	1	1	1	1	1	1	1	1	1	1	1	1	1	1	1	1	1	1	1	1	1	1	1	1	1	1	1	1	1	1	1	1	1	1	1	1	1	1	1	1	1	1	1	1	1	1	1	1
A[C>A]T	1	1	41	1	1	21	1	21	21	1	41	1	21	1	1	1	1	1	1	21	1	1	1	1	21	1	1	21	1	1	21	21	1	1	1	21	1	21	1	1	1	1	1	21	1	1	21	1	1	1	1	1	21	1	1	21	1	1	1	41	1	1	1
A[C>G]A	21	21	21	41	21	21	21	21	21	41	21	21	1	21	21	21	21	21	21	21	41	21	21	21	21	41	1	21	21	21	21	21	21	21	21	21	21	21	21	21	21	21	21	21	21	21	21	21	21	21	21	21	21	21	21	41	21	21	21	21	41	21	21
A[C>G]C	1	1	21	1	1	1	1	1	1	1	1	21	1	1	1	1	1	1	1	1	1	1	1	1	1	1	1	1	1	1	1	1	1	1	21	1	1	1	1	1	1	1	21	1	1	1	1	1	1	1	1	1	1	1	1	1	1	1	1	21	1	1	1
A[C>G]G	1	1	1	1	1	1	1	1	1	1	1	1	1	1	1	1	1	1	1	1	1	1	1	1	1	1	1	1	1	1	1	1	1	1	1	1	1	1	1	1	1	1	1	1	1	1	1	1	1	1	1	1	1	1	1	1	1	1	1	1	1	1	1
A[C>G]T	21	1	1	1	21	1	1	1	1	21	1	1	1	1	1	1	21	21	1	1	1	21	1	1	1	1	21	1	1	21	1	1	21	1	1	1	1	1	1	1	1	21	1	1	1	1	1	1	1	1	21	1	1	1	1	1	1	21	1	1	21	21	1
A[C>T]A	121	101	121	101	101	121	181	121	181	121	121	121	121	121	121	101	121	121	101	101	141	121	121	121	141	141	121	121	61	101	121	121	121	181	141	101	81	101	161	121	81	121	141	121	141	161	121	161	121	101	101	121	121	121	161	101	181	121	121	101	101	121	161
A[C>T]C	1	1	1	1	1	1	1	1	41	1	41	21	1	1	21	1	1	21	21	1	1	1	1	21	1	1	1	21	61	21	1	1	41	1	21	1	1	1	21	1	41	1	41	1	1	21	1	1	1	41	1	1	1	1	1	41	21	1	21	1	21	21	21
A[C>T]G	21	21	21	1	21	21	21	21	21	21	21	21	21	21	21	21	21	21	21	21	21	21	21	21	21	21	21	21	21	21	21	21	21	21	21	21	21	21	21	21	21	21	21	21	21	21	21	21	21	21	21	21	21	21	21	21	21	21	21	21	21	21	21
A[C>T]T	41	61	41	61	81	41	61	61	61	61	61	81	41	61	41	41	61	81	101	41	61	61	81	41	41	61	41	61	61	81	41	61	61	61	41	81	61	101	41	41	61	101	61	101	61	81	61	81	41	41	101	41	61	41	41	41	41	81	41	61	61	81	61
A[T>A]A	1	1	1	1	1	1	1	1	1	1	1	1	1	1	1	1	1	21	1	1	1	1	1	1	1	21	1	1	1	1	1	1	1	1	1	1	1	21	1	1	1	1	21	1	1	1	1	1	1	1	1	1	1	1	1	1	1	1	1	1	1	1	1
A[T>A]C	41	21	21	1	21	1	1	41	21	1	1	1	21	1	1	1	21	21	1	1	21	1	1	21	1	1	1	1	1	1	21	1	1	1	1	1	21	1	21	21	1	21	21	1	1	1	1	1	1	21	1	1	21	21	21	21	21	1	21	1	1	1	1
A[T>A]G	41	41	41	21	61	41	41	21	41	41	41	41	41	41	41	21	21	41	41	41	41	41	21	41	41	41	41	41	41	41	41	41	41	41	41	41	41	61	41	41	41	41	41	41	41	61	41	41	41	41	41	41	21	41	41	41	61	41	41	41	41	21	41
A[T>A]T	1	1	1	1	1	1	1	21	1	1	1	1	21	1	1	1	1	1	1	1	1	1	1	1	1	1	1	21	1	1	1	1	1	1	1	1	1	1	1	1	1	1	1	1	1	1	1	1	1	1	1	1	1	21	1	1	1	1	1	1	1	1	1
A[T>C]A	81	81	61	101	81	81	101	121	61	81	61	81	61	81	61	121	101	41	81	81	101	81	61	61	101	41	81	81	61	101	101	81	101	81	101	101	81	61	81	61	61	81	61	101	101	81	81	101	81	81	61	121	101	101	81	81	61	81	61	81	81	81	81
A[T>C]C	41	81	81	101	41	61	61	101	101	81	61	141	61	41	61	61	41	101	61	61	41	41	101	81	61	61	101	41	61	61	81	81	41	81	41	61	81	61	81	41	81	41	81	41	61	81	81	61	101	61	61	41	101	81	41	41	81	41	61	61	61	61	61
A[T>C]G	21	41	21	21	21	21	41	21	21	21	41	41	21	21	1	21	21	21	21	21	21	21	81	21	21	21	21	21	21	21	21	21	21	41	21	1	41	1	61	21	21	21	1	41	41	21	21	41	41	21	41	21	21	21	21	1	21	21	41	41	21	21	41
A[T>C]T	141	101	121	121	141	141	101	61	101	141	61	121	61	141	101	81	121	141	81	121	141	121	121	81	121	121	121	81	101	101	101	121	101	81	121	141	101	101	101	101	141	101	81	121	141	121	121	81	121	121	121	101	121	81	61	101	81	61	101	101	121	141	101
A[T>G]A	1	1	1	1	1	1	1	1	1	1	1	1	1	1	1	1	1	1	1	1	1	1	1	1	1	1	1	1	1	1	1	1	1	1	1	1	1	1	1	1	1	1	1	1	1	1	1	1	1	1	1	1	1	1	1	1	1	1	1	1	1	1	1
A[T>G]C	1	1	21	41	21	41	41	1	21	41	41	41	21	41	41	41	21	21	41	41	21	41	21	41	41	41	41	41	61	41	21	41	41	41	41	41	1	41	21	21	41	21	21	21	41	41	41	41	41	21	41	41	21	21	21	21	21	41	21	21	41	41	41
A[T>G]G	21	1	1	1	1	1	1	1	1	1	1	1	1	1	1	1	1	1	1	1	1	1	1	1	1	1	1	1	1	1	1	1	1	1	1	1	1	1	1	1	1	1	1	1	1	1	1	1	1	1	1	1	1	1	1	21	1	1	1	1	1	1	1
A[T>G]T	1	1	1	1	1	1	1	1	1	1	1	1	1	1	1	1	1	1	1	1	1	1	1	1	1	1	1	1	1	1	1	1	1	1	1	1	1	1	1	1	1	1	1	1	1	1	1	1	1	1	1	1	1	1	1	1	1	1	1	1	1	1	1
C[C>A]A	1	1	1	1	1	1	1	1	1	1	1	1	1	1	21	1	1	1	1	1	1	1	1	1	1	1	1	1	21	1	1	1	1	1	1	1	1	1	1	1	1	1	1	1	1	1	1	1	1	1	1	1	1	1	1	1	1	1	1	1	1	1	1
C[C>A]C	1	1	1	1	1	1	1	1	1	1	1	1	1	1	1	1	1	1	1	1	1	1	1	1	1	1	1	1	1	1	1	1	1	1	1	1	1	1	1	1	1	1	1	1	1	1	1	1	1	1	1	1	1	1	1	1	1	1	1	1	1	1	1
C[C>A]G	1	1	1	1	1	1	1	1	1	1	1	1	1	1	1	1	1	1	1	1	1	1	1	1	1	1	1	1	1	1	1	1	1	1	1	1	1	1	1	1	1	1	1	1	1	1	1	1	1	1	1	1	1	1	1	1	1	1	1	1	1	1	1
C[C>A]T	1	21	21	1	1	1	1	1	1	1	1	1	1	1	1	1	1	1	1	1	1	1	1	21	1	21	1	1	1	21	1	21	41	1	1	1	21	1	1	1	1	1	1	1	1	21	21	1	21	1	21	21	1	1	1	21	21	1	1	1	21	1	1
C[C>G]A	1	1	1	1	1	1	1	1	1	1	1	21	1	1	1	1	1	1	1	1	1	1	1	1	1	1	1	1	1	1	1	1	1	1	1	1	1	1	1	1	1	1	1	1	1	1	1	1	1	1	1	1	1	1	1	1	1	1	1	1	1	1	1
C[C>G]C	1	1	1	1	1	1	1	1	1	1	1	1	1	1	1	1	1	1	1	1	1	1	1	1	1	1	1	1	1	1	1	1	1	1	1	1	1	1	1	1	1	1	1	1	1	1	1	1	1	1	1	1	1	1	1	1	1	1	1	1	1	1	1
C[C>G]G	1	1	1	1	1	1	1	1	1	1	1	1	1	1	1	1	1	1	1	1	1	1	1	1	1	1	1	1	1	1	1	1	1	1	1	1	1	1	1	1	1	1	1	1	1	1	1	1	1	1	1	1	1	1	1	1	1	1	1	1	1	1	1
C[C>G]T	1	1	1	1	1	1	1	1	1	1	1	1	1	1	1	1	1	1	1	1	1	1	21	1	1	1	1	1	1	1	1	1	1	1	1	1	1	1	1	1	1	1	1	1	1	1	1	1	1	1	1	1	1	1	1	1	1	1	1	1	1	1	1
C[C>T]A	21	21	21	21	21	41	21	21	41	21	41	1	21	21	41	21	1	21	21	21	21	21	21	21	21	41	21	21	21	21	21	21	41	21	21	21	41	41	21	21	21	21	21	21	21	21	21	21	21	21	21	41	21	21	21	61	21	21	21	21	21	21	21
C[C>T]C	21	21	21	21	41	21	21	21	21	1	21	21	21	21	21	1	21	21	21	21	21	41	21	21	21	41	21	41	21	21	21	41	21	21	21	21	21	21	21	21	21	21	21	21	21	21	41	21	21	41	41	1	1	21	21	21	21	21	21	21	21	41	21
C[C>T]G	21	21	21	21	21	21	21	21	21	21	21	21	21	21	21	21	21	21	21	21	21	21	21	21	21	21	21	21	21	21	21	21	21	21	21	21	21	21	21	21	21	21	21	21	21	21	21	21	21	21	21	21	21	21	21	21	21	21	21	21	21	21	21
C[C>T]T	41	41	41	41	41	41	41	21	41	41	41	41	61	41	41	61	41	41	41	41	41	41	21	61	41	41	41	41	41	41	41	41	41	41	41	41	41	41	41	101	41	61	41	41	101	41	41	41	41	41	41	21	41	41	41	41	21	41	41	41	41	41	41
C[T>A]A	1	21	1	21	21	1	1	1	1	21	1	21	1	21	1	21	1	1	1	1	1	21	1	1	21	1	21	1	21	1	1	1	1	1	1	1	21	1	21	1	21	1	1	1	1	1	1	1	1	1	21	1	21	1	1	1	1	1	1	1	1	1	1
C[T>A]C	21	41	41	41	41	41	41	41	41	41	41	21	41	41	41	41	21	41	21	21	41	41	21	41	41	41	41	41	1	41	21	41	41	41	41	41	41	41	41	41	41	41	41	21	41	41	41	21	21	41	21	21	41	41	41	41	41	41	41	41	41	41	41
C[T>A]G	21	41	21	41	21	21	41	21	41	41	21	21	21	21	41	21	21	41	41	21	21	21	21	21	21	21	21	21	21	21	21	1	21	21	41	21	41	21	21	21	21	41	1	21	21	21	41	21	21	21	21	21	21	41	21	21	21	21	21	21	21	21	21
C[T>A]T	1	1	1	1	1	1	1	1	1	1	1	1	21	1	1	1	1	1	1	1	1	1	1	1	1	1	1	1	1	1	1	1	1	41	1	1	1	1	1	1	1	1	1	1	1	1	1	1	1	1	1	1	1	1	1	1	1	1	1	21	1	1	1
C[T>C]A	41	61	61	41	41	81	81	81	61	41	61	61	61	21	61	81	41	61	61	81	81	41	41	61	61	61	61	61	81	61	61	81	61	61	61	41	61	61	81	41	61	61	41	41	61	61	61	61	61	61	41	61	41	81	61	61	61	61	81	61	41	61	61
C[T>C]C	61	81	81	61	41	41	61	61	61	41	41	81	61	61	61	81	61	61	81	61	81	61	81	61	61	61	61	41	61	61	61	61	61	61	61	61	81	61	81	61	61	61	61	81	81	61	61	61	61	61	61	61	61	61	41	61	61	61	61	41	61	61	61
C[T>C]G	1	1	1	1	1	1	1	1	21	1	1	1	1	1	1	1	1	1	1	1	1	1	1	1	1	1	21	1	1	1	1	1	1	1	1	1	1	1	1	1	21	1	1	21	1	21	1	1	1	1	1	1	1	1	1	1	1	1	1	1	1	1	1
C[T>C]T	1	1	1	1	1	1	1	21	21	1	1	1	21	1	1	1	21	1	1	1	1	1	21	1	1	21	1	21	21	1	1	21	1	21	1	1	1	1	1	21	21	1	1	21	1	21	1	1	1	21	1	1	1	1	1	21	1	1	1	1	21	1	1
C[T>G]A	1	1	1	1	1	1	1	1	1	1	1	1	1	1	1	1	1	1	1	1	1	1	1	1	1	1	1	1	1	1	1	1	1	1	1	1	1	1	1	1	1	1	1	1	1	1	1	1	1	1	1	1	1	1	1	1	1	1	1	1	1	1	1
C[T>G]C	21	1	1	1	1	1	1	1	1	1	1	1	1	1	1	1	1	1	1	21	1	1	1	1	21	1	1	1	21	1	21	1	1	1	1	1	1	1	1	1	1	1	1	1	1	1	1	1	1	1	1	21	1	1	1	1	1	1	1	1	1	1	1
C[T>G]G	1	1	1	1	1	1	21	1	1	1	21	21	1	1	1	1	1	1	21	1	1	1	1	1	1	1	1	1	1	21	21	41	1	1	21	1	1	21	1	1	1	1	1	1	21	1	1	1	21	1	1	1	21	1	21	21	1	1	1	1	1	1	1
C[T>G]T	1	1	1	1	1	1	1	1	1	1	1	1	1	1	1	1	1	1	1	1	1	1	1	1	1	1	1	1	1	1	1	1	1	1	1	1	1	1	1	1	1	1	1	1	1	1	1	1	1	1	21	1	1	1	1	1	1	1	1	1	1	1	1
G[C>A]A	1	1	1	1	1	21	1	1	1	1	1	1	21	1	1	1	1	1	1	1	21	1	1	1	21	1	1	1	1	1	1	1	1	1	1	21	1	21	1	21	1	1	1	1	1	1	1	1	21	1	1	1	1	1	1	1	1	1	1	1	1	1	1
G[C>A]C	1	1	1	1	1	1	21	1	1	1	1	1	1	1	1	1	1	1	21	1	1	1	1	1	1	1	1	1	21	1	1	1	1	1	1	1	1	1	1	1	1	1	1	1	21	1	1	21	1	1	1	1	1	1	1	1	1	1	1	1	1	21	1
G[C>A]G	1	1	1	1	1	1	1	1	1	1	1	1	1	1	1	1	1	1	1	1	1	1	1	1	1	1	1	1	1	1	1	1	1	1	1	1	1	1	1	1	1	1	1	1	1	1	1	1	1	1	1	1	1	1	1	1	1	1	1	1	1	1	1
G[C>A]T	41	21	61	21	21	21	61	41	41	21	61	41	41	41	61	41	61	61	21	21	41	41	21	21	41	21	41	41	21	21	21	21	41	41	21	41	21	41	21	41	21	21	41	21	41	61	41	41	41	61	21	41	61	61	21	41	21	21	41	41	41	21	41
G[C>G]A	21	1	21	21	21	1	21	1	1	1	1	1	1	1	1	21	1	1	21	1	1	21	1	21	1	1	21	1	1	21	1	1	1	41	21	1	1	1	1	21	21	41	21	1	1	1	1	1	1	1	1	1	21	1	1	1	21	21	21	1	21	21	1
G[C>G]C	21	41	21	21	21	21	1	21	21	21	21	21	21	21	21	21	21	21	1	21	21	21	21	21	21	21	21	21	1	21	21	21	21	21	21	21	41	21	21	21	21	21	21	21	1	21	21	21	21	21	21	21	21	21	21	21	21	21	21	21	21	1	21
G[C>G]G	1	1	1	1	1	1	1	1	1	1	1	1	1	1	1	1	1	1	1	1	1	1	1	1	1	1	1	1	1	1	1	1	1	1	1	1	1	1	1	1	1	1	1	1	1	1	1	1	1	1	1	1	1	1	1	1	1	1	1	1	1	1	1
G[C>G]T	21	21	1	1	21	21	1	1	1	21	1	1	21	21	1	21	1	1	21	21	21	21	21	1	21	21	21	21	21	21	21	21	1	21	21	21	21	41	21	21	21	21	21	1	21	21	21	21	21	1	41	21	1	1	21	1	41	21	21	21	21	21	21
G[C>T]A	1	41	21	1	1	1	21	1	21	21	1	1	1	21	1	21	21	21	21	1	1	1	1	21	1	21	21	1	21	1	21	1	1	21	1	21	41	1	21	21	21	1	21	21	21	21	21	61	21	21	21	1	1	1	21	21	21	21	21	21	21	21	21
G[C>T]C	1	1	1	1	1	1	1	1	1	1	1	1	1	1	1	1	1	1	1	1	1	1	1	1	1	1	1	1	1	1	1	1	1	1	1	21	1	1	1	1	1	1	21	1	1	1	1	1	1	1	1	1	1	1	1	1	1	1	1	1	1	1	1
G[C>T]G	1	1	1	1	1	1	1	1	1	1	1	1	1	1	1	1	1	1	1	1	1	1	1	1	1	1	1	1	1	1	1	1	1	1	1	1	1	1	1	1	1	1	1	1	1	1	1	1	1	1	1	1	1	1	1	1	1	1	1	1	1	1	1
G[C>T]T	41	61	41	81	41	61	41	41	41	61	21	41	41	41	41	41	61	41	41	41	41	41	41	61	41	21	41	41	61	41	61	41	41	21	41	41	61	41	61	61	61	41	61	81	61	61	41	41	61	21	41	21	41	61	61	41	41	41	61	41	41	41	41
G[T>A]A	1	1	1	1	1	1	1	1	1	1	1	1	1	1	1	1	1	1	1	1	1	1	1	1	1	1	1	1	1	1	1	1	1	1	1	1	1	1	1	1	1	1	1	1	1	1	1	1	1	1	1	1	1	1	1	1	1	1	1	1	1	1	1
G[T>A]C	21	1	21	21	21	21	21	21	21	21	21	21	1	21	1	21	21	21	21	21	21	21	1	21	21	21	21	21	1	21	41	21	1	21	21	21	21	21	21	21	21	21	21	21	41	1	21	21	1	1	21	21	21	21	21	21	21	1	21	21	21	21	21
G[T>A]G	1	1	1	1	1	1	1	1	1	1	1	1	1	1	1	1	1	1	1	1	1	1	1	1	1	1	1	1	1	1	1	1	1	1	1	1	1	1	1	1	1	1	1	1	1	1	1	1	1	1	1	1	1	1	1	1	1	1	1	1	1	1	1
G[T>A]T	21	1	1	1	1	1	1	1	21	1	1	21	1	1	1	1	1	1	21	1	1	1	1	1	1	1	1	1	1	1	1	1	1	21	1	1	1	1	1	1	1	1	1	1	21	1	1	1	1	21	1	1	1	1	1	1	1	1	1	1	1	1	1
G[T>C]A	1	1	1	21	1	21	1	41	1	1	41	1	1	1	1	1	1	21	1	21	1	21	1	1	1	1	1	1	1	1	1	1	21	1	1	1	1	21	21	1	1	21	21	1	1	1	1	21	1	21	21	21	41	21	1	1	1	21	1	21	1	1	1
G[T>C]C	21	41	41	21	21	21	41	21	21	21	41	21	21	1	21	21	21	21	1	21	21	41	21	21	21	21	21	21	21	21	21	21	21	41	21	21	41	21	41	21	41	21	21	21	41	21	21	41	21	21	21	41	21	21	21	21	41	21	21	21	21	21	41
G[T>C]G	41	41	21	41	41	41	41	41	41	41	41	41	41	61	41	41	41	41	41	41	41	41	41	41	41	41	41	21	41	41	41	41	41	41	41	41	41	41	41	41	41	41	41	41	41	41	41	41	41	41	41	41	41	41	41	41	41	41	41	41	41	41	41
G[T>C]T	21	21	1	1	1	1	1	1	1	1	1	1	21	21	1	1	21	1	1	1	1	1	1	1	21	21	1	1	1	1	1	1	1	1	1	1	21	1	1	1	1	1	1	1	1	1	1	1	1	1	1	1	1	1	1	1	1	1	1	21	1	1	1
G[T>G]A	1	1	1	1	1	1	1	1	1	1	1	1	1	1	1	1	1	1	1	1	1	1	1	1	1	1	1	1	1	1	1	1	1	1	1	1	1	1	1	1	1	1	1	1	1	1	1	1	1	1	1	1	1	1	1	1	1	1	1	1	1	1	1
G[T>G]C	1	1	1	1	1	1	1	1	1	1	1	1	1	21	1	1	1	1	21	1	1	1	1	1	1	1	1	1	1	1	1	21	1	1	1	1	1	1	1	1	1	1	1	1	1	1	1	1	1	21	1	1	1	1	1	1	1	21	1	1	1	1	1
G[T>G]G	1	1	1	1	1	1	1	1	1	1	1	1	1	1	1	1	1	1	1	1	1	1	1	1	1	1	1	1	1	1	1	1	1	1	1	1	1	1	1	1	1	1	1	1	1	1	1	1	1	1	1	1	1	1	1	1	1	1	1	1	1	1	1
G[T>G]T	1	1	1	1	1	1	1	1	1	1	1	1	1	1	1	1	1	1	1	1	21	1	1	1	1	1	1	1	1	1	1	1	1	1	21	1	1	21	1	1	1	1	1	1	1	1	1	1	1	1	1	1	1	1	1	1	1	1	1	1	1	1	1
T[C>A]A	1	1	1	1	1	1	1	1	21	1	1	1	1	1	1	1	1	1	1	1	21	1	21	1	1	1	1	1	21	21	1	1	1	1	1	1	1	21	21	1	21	1	1	1	1	1	1	21	1	41	1	1	21	1	1	1	1	1	1	21	1	21	1
T[C>A]C	21	21	21	21	21	21	21	21	21	21	21	21	21	21	21	21	21	21	21	21	21	21	21	1	21	21	21	21	21	21	21	21	21	21	21	21	21	21	21	41	21	21	21	21	41	21	21	21	21	21	21	41	21	21	21	21	21	21	41	21	21	21	41
T[C>A]G	1	1	1	1	1	1	1	1	1	1	1	1	1	1	1	1	1	1	1	1	1	1	1	1	1	1	1	1	1	1	1	1	1	1	1	1	1	1	1	1	1	1	1	1	1	1	1	1	1	1	1	1	1	1	1	1	1	1	1	1	1	1	1
T[C>A]T	1	1	1	21	41	21	21	21	1	41	1	1	21	1	21	1	1	1	1	1	1	1	21	1	1	1	1	21	1	1	1	21	1	1	21	21	1	1	1	1	21	1	21	1	21	21	1	1	21	1	1	1	1	41	1	21	21	1	1	1	21	1	1
T[C>G]A	1	1	1	1	1	1	1	1	1	1	1	1	1	21	1	1	1	1	1	1	1	1	1	1	1	1	1	1	1	1	1	1	1	1	1	1	1	1	1	1	1	1	1	21	1	1	1	1	1	1	1	1	1	1	1	1	1	1	1	1	1	1	1
T[C>G]C	1	1	1	1	1	1	1	1	1	1	1	1	1	21	1	1	1	1	1	1	21	1	1	21	1	1	21	1	1	1	1	1	1	1	1	1	1	1	1	1	1	1	1	1	1	1	1	1	1	1	1	1	1	1	1	1	1	1	1	1	1	1	1
T[C>G]G	1	1	1	1	1	1	1	1	1	1	1	1	1	1	1	1	1	1	1	1	1	1	1	1	1	1	1	1	1	1	1	1	1	1	1	1	1	1	1	1	1	1	1	1	1	1	1	1	1	1	1	1	1	1	1	1	1	1	1	1	1	1	1
T[C>G]T	21	21	21	1	21	1	1	21	21	1	21	21	1	21	1	21	21	21	21	21	21	21	1	21	21	21	21	1	1	21	21	1	21	21	1	1	21	21	21	41	1	21	1	1	21	1	21	21	1	1	21	21	21	1	21	21	1	21	21	21	1	21	21
T[C>T]A	81	101	81	121	101	121	101	101	101	101	101	121	121	81	141	121	101	121	81	121	81	101	81	121	101	81	81	81	61	81	101	121	121	81	81	81	81	61	101	61	121	81	181	121	101	101	81	61	101	61	101	121	161	101	141	81	101	81	81	81	81	81	81
T[C>T]C	41	41	21	41	41	41	21	1	41	41	41	41	41	41	41	41	61	41	41	61	41	61	41	41	41	41	41	41	41	41	41	21	41	21	41	41	61	41	61	41	41	61	41	41	41	41	41	41	21	41	41	21	41	41	81	41	41	41	21	41	61	41	41
T[C>T]G	1	1	1	1	1	1	1	1	1	1	1	1	1	1	1	1	1	1	1	1	1	1	1	1	1	1	1	1	1	1	1	1	1	1	1	1	1	1	1	1	1	1	1	1	1	1	1	1	1	1	1	1	1	1	1	1	1	1	1	1	1	1	1
T[C>T]T	1	61	1	61	1	1	1	21	41	41	1	1	21	21	1	21	41	41	1	1	1	1	1	1	41	1	1	1	1	61	41	1	21	1	41	1	41	21	21	1	61	1	1	41	1	1	21	1	21	41	1	1	21	21	21	1	1	1	41	21	1	41	1
T[T>A]A	21	21	1	41	21	21	21	41	21	21	21	21	21	21	21	21	21	21	21	21	1	21	21	21	21	21	21	21	21	21	21	21	21	21	21	21	21	21	21	21	21	41	21	41	21	21	21	21	21	21	21	21	21	21	21	21	21	21	1	21	21	21	21
T[T>A]C	21	21	21	1	21	21	41	21	21	21	41	21	41	21	41	21	21	21	41	21	21	21	21	21	41	41	41	21	21	21	61	21	21	41	21	41	21	21	21	21	21	21	41	41	41	21	41	41	21	1	41	1	41	41	21	61	21	21	21	61	61	21	41
T[T>A]G	1	1	1	21	1	1	1	1	1	1	1	1	1	1	1	1	1	1	1	1	1	1	1	1	1	1	1	1	1	1	1	1	1	1	1	1	1	1	1	1	1	1	1	1	1	1	1	1	1	1	1	1	1	1	1	1	1	1	1	1	1	1	1
T[T>A]T	1	1	1	21	1	1	1	1	1	1	1	1	1	1	21	1	1	1	1	1	21	1	1	1	1	21	1	1	41	1	21	1	1	1	21	1	1	1	1	1	1	1	1	1	1	1	1	1	1	21	1	1	1	1	1	1	1	1	1	1	1	1	1
T[T>C]A	41	61	61	41	41	81	81	41	41	81	41	21	21	61	101	41	61	21	61	61	61	61	61	41	101	61	61	81	21	61	41	101	41	61	61	81	61	81	81	41	61	61	1	41	81	81	61	61	41	61	81	61	61	41	41	61	81	61	41	81	61	61	61
T[T>C]C	1	1	1	21	1	1	1	41	1	1	1	21	21	21	1	21	21	1	21	1	1	21	1	1	1	1	1	41	41	1	1	1	41	1	1	1	1	41	1	21	21	1	1	1	1	1	1	1	21	1	21	21	1	21	21	1	61	1	41	1	1	1	1
T[T>C]G	1	1	1	1	1	1	1	21	1	1	1	1	1	1	1	1	1	1	1	1	1	1	1	1	1	1	1	1	1	41	1	1	21	1	21	1	1	1	1	1	1	1	1	1	1	1	1	1	1	1	1	1	1	1	1	1	1	1	1	1	1	1	1
T[T>C]T	21	21	21	1	1	1	21	1	21	1	21	21	1	21	1	1	61	1	1	1	1	1	21	1	1	1	21	1	21	1	41	1	41	1	21	21	21	1	1	21	1	1	21	1	21	1	21	1	1	1	1	1	21	1	1	1	1	1	1	21	1	1	1
T[T>G]A	1	1	1	1	1	1	1	1	1	1	1	1	1	1	1	1	1	1	1	1	21	1	1	1	1	1	1	1	1	1	1	1	1	1	1	1	1	1	1	21	21	1	1	1	1	1	1	1	1	1	1	1	1	1	1	1	1	1	21	21	1	1	1
T[T>G]C	21	1	1	1	1	21	1	1	1	1	1	1	1	1	1	1	21	1	1	21	1	1	1	1	21	1	1	21	1	21	1	21	1	1	1	1	1	21	1	21	21	1	1	21	1	21	1	1	1	1	1	21	1	1	1	1	1	1	1	1	1	1	1
T[T>G]G	1	1	1	1	1	1	1	1	1	1	1	1	1	1	1	1	1	1	1	1	1	1	1	1	1	1	1	1	1	1	1	1	1	1	1	1	1	1	1	1	1	1	1	1	1	1	1	1	1	1	1	1	1	1	1	1	1	1	1	1	1	1	1
T[T>G]T	1	1	1	1	1	1	1	1	1	1	1	1	21	1	1	1	1	1	1	1	1	1	1	1	1	1	1	1	1	1	1	1	1	1	1	1	1	1	1	21	1	1	1	1	1	1	1	1	1	1	1	1	1	1	1	1	1	1	1	1	1	1	1
