MutationType	Signature A	Signature B	Signature C	Signature D	Signature E	Signature F	Signature G	Signature H	Signature I	Signature J
A[C>A]A	0.01494904320839197	0.008820467188793145	3.829016531364282e-193	0.0011625550823085582	1.232936086566522e-06	0.006718046164610261	3.87904267052552e-07	5.035442210555744e-07	0.003765179238305667	0.02106086784566513
A[C>A]C	0.010625330773041524	7.255616045002103e-07	1.3180394038279269e-06	0.0037769853873412438	0.012838876226197017	0.0025430048444635076	0.0009123492325292519	0.0015579286828406637	0.009230898566063956	8.223762518096187e-07
A[C>A]G	1.7278857618388596e-06	0.0011532452631745722	8.935964276747374e-07	1.0219878292744824e-06	1.2893563689443397e-06	7.410101105519144e-07	8.057474805898364e-05	7.813751672882088e-06	6.39898314652706e-07	1.9078315821303035e-06
A[C>A]T	0.0016292116938137066	4.610358708845137e-07	1.7786881506848622e-06	7.053283526535814e-07	0.0020274050620247264	0.0007963997727772464	0.0009111992915627919	0.00047552889679266727	0.002496678847852996	2.242041173186808e-06
A[C>G]A	0.000411004136119922	0.0074962082385904814	0.005378097120130948	0.014396494532695505	0.02272385921729764	0.020445034309020588	0.017815043336771023	0.02389907003291033	0.011380071695918571	0.028348045698389897
A[C>G]C	0.00026989414221237877	1.491801166200457e-08	0.015096150002141507	0.00743450766210276	0.008071732296814297	0.0006770340189611702	0.008155961877258982	0.013523150427603827	0.019325224109421103	6.178613349246857e-07
A[C>G]G	4.426513324946813e-07	9.114767758626103e-07	1.6263467916158184e-06	1.4273667544451393e-06	1.137154224348365e-06	1.3359205485469984e-06	1.5529259992786738e-06	1.6037543902809894e-06	9.86017709715367e-07	2.2495317974132795e-06
A[C>G]T	0.00630098790205096	6.535928347362878e-07	2.0286194713447593e-06	1.9767245229052964e-06	0.00029551214934632204	0.00045616433066119873	1.2629677871616424e-06	6.570170267767227e-07	0.0070545834294636345	1.6874264322493437e-06
A[C>T]A	0.09282908648908672	0.0661203906971648	0.044337207205109516	0.12252931939737599	0.05806991998806979	0.07961096959541952	0.07664117319015373	0.06873497283313683	0.07624172158804288	0.04059049102330063
A[C>T]C	0.031045775109702224	0.0510603264939006	0.10659596849983105	0.03032621997214423	0.02374945671066412	0.08902598610922993	0.08592286827608439	0.02100567843159539	0.05576444623011652	0.05943640698925985
A[C>T]G	0.05446333143865234	0.021472920717076505	0.020192924665138966	0.017568409844856338	0.051704174877161904	0.005519013044634031	0.015473631796609964	0.004057320119032422	0.016582296446661367	0.07417155577588411
A[C>T]T	0.04201465947581025	0.03224994379830588	0.036309867503942335	0.06162761340629488	0.051150668124728904	0.06618115937563986	0.03013540386876251	0.02240848463129235	0.06492947175880623	0.013782147469086715
A[T>A]A	0.015876964030190364	0.009051084751863888	0.00027570076573420394	0.0022605961206125895	0.007346467391071104	0.0009640026473900926	0.0026264425014946224	6.676665067791976e-07	0.0022099375385390882	7.231790112528479e-07
A[T>A]C	0.005836621509163736	0.0032113478150846584	0.012737315878018702	0.016281642073890854	0.0061605304809875736	0.004678761347737304	0.023120684764084333	0.008803653025215538	0.012354744824604651	0.01819498494625981
A[T>A]G	0.007740893381412556	0.011956372715034327	0.0024850489815082377	1.2753265307969517e-06	0.0021781040006253857	0.009449196146322024	3.956552629386621e-06	0.006542672955474137	0.006973881816759066	8.170250416602258e-07
A[T>A]T	0.002700011845860927	0.006864744376794539	0.00016735714127182272	6.23387547029952e-07	5.785278203552085e-07	0.0013227137993390328	0.003769303847719405	1.4032929523814164e-06	0.0019679383851179916	2.4259069473321418e-06
A[T>C]A	0.08635015775320096	0.11289345798740066	0.017789448756371846	0.03462309178002777	0.025097815455156526	0.06097614811708802	0.05095678410275513	0.08255814435049619	0.02997366014321299	0.07356155507337403
A[T>C]C	0.03911403066231847	0.02481646025685353	0.005931472297455776	0.036811128697208165	0.0014117659189668604	0.02784230431512766	0.01548301140367678	0.003499544042985604	0.03052949748425845	0.01819684030441381
A[T>C]G	0.0628372302724383	0.06857043892017801	0.036987643675040136	0.002551389444890621	0.028701929763046752	0.052164908321212435	0.039563127541551946	0.026511940548221653	0.015745497418795575	0.14902811837936236
A[T>C]T	0.05893429670233563	0.10103965612610395	0.023318941088753098	0.046256916293256595	0.13274243648342987	0.03949606884141929	0.058119537073310294	0.06555881807891653	0.05603257267145279	0.057488168006748906
A[T>G]A	0.01123538865879696	0.0011364869610681228	0.06285971084075212	0.020269945729499972	0.03637418467896447	0.012253743223208989	0.020588223038552303	0.018076657106053724	0.00618410352332187	7.63879341592056e-127
A[T>G]C	0.007765664211729457	0.019187259954876495	1.5719281452097064e-07	9.38121150684753e-07	0.00205617159035203	0.009829428798500928	4.743783210680612e-07	1.0577570887770113e-06	0.006550483190406007	1.4898799348327043e-06
A[T>G]G	0.0005780377836150058	0.0005814725858525968	0.00018239929901470048	0.00036647759697125475	5.845584097200598e-07	2.7053966005501232e-06	0.000759848688232325	3.2247856071962076e-06	0.0003898749764116054	0.0005869488936400293
A[T>G]T	0.004071238947344772	0.01036799853383337	0.001307264724614195	0.0003491379930792463	0.000922918840352975	0.007241614265441479	2.1846249487566555e-07	0.0017176046362879479	0.000540072864836931	1.3929234283664761e-06
C[C>A]A	0.0010123366386916174	0.00022918632560453396	2.2341927772635833e-07	6.309863931777508e-07	0.0007411618737378873	1.8988906417851288e-06	0.0050171773489136205	1.0426885495268973e-06	0.003445529707841395	0.03923328728541589
C[C>A]C	0.0003691764935665922	0.0004663791467823646	7.04842946524154e-07	0.00023993885522708095	7.247728912695417e-07	0.00026375007244982217	1.5370972920338013e-06	0.0002128788298088004	0.00020414140833760418	2.2380385226715398e-06
C[C>A]G	0.001447732984632545	0.0017917337181395942	0.0004417708642767376	1.6020668772469316e-06	6.469631702194761e-07	0.0001885720749983237	1.4251814843190063e-06	1.4182411005657907e-06	0.00024172542022175654	2.197004508197092e-06
C[C>A]T	0.004137538443416906	5.56004851774344e-07	8.2859970990825e-07	7.108865598508118e-07	0.003969480935826016	9.680019204594255e-05	8.377654373809577e-06	1.0454982157229045e-06	0.0026745376208286544	2.0337898150647852e-06
C[C>G]A	0.0022151385679192535	0.00580385374461196	0.01004066570462656	0.015745946448431674	6.88973402264015e-07	0.012447325824570265	0.019859986381182013	0.006967129463369171	0.009021044476338579	1.0160852971134743e-07
C[C>G]C	2.603263171486037e-07	8.743218581200222e-07	1.586158464721262e-06	1.2010373215453115e-06	4.804467865658509e-07	8.361999734586934e-07	1.1038727689817135e-06	1.429316464458167e-06	0.0010194518288356015	0.012491017053062495
C[C>G]G	4.426513324946813e-07	9.114767758626103e-07	1.6263467916158184e-06	1.4273667544451393e-06	1.137154224348365e-06	1.3359205485469984e-06	1.5529259992786738e-06	1.6037543902809894e-06	9.86017709715367e-07	2.2495317974132795e-06
C[C>G]T	4.426513324946813e-07	9.114767758626103e-07	1.6263467916158184e-06	1.4273667544451395e-06	1.137154224348365e-06	1.3359205485469984e-06	1.5529259992786738e-06	1.6037543902809891e-06	9.86017709715367e-07	2.2495317974132795e-06
C[C>T]A	0.009492555093801133	0.007414853019569935	0.00042717429598740874	0.0016962210611621187	0.0004450918116945527	0.001780717886394108	0.0011475579794364451	1.1526857620988926e-06	0.00299559800893059	1.8172345448911112e-06
C[C>T]C	0.010571706888730513	0.011608682070778444	0.019054406637411293	0.012718400784719992	0.008918051303976734	0.013905989115771414	0.011868946768555703	0.00993360565986974	0.005514626721341652	2.854862543974404e-07
C[C>T]G	0.004049772326518297	0.022164288127312713	0.04883838955069591	0.045695735567092347	0.025765148259554362	0.04449158989126033	0.020961617639929406	0.0714831267708721	0.0128754948598914	0.06875064247192852
C[C>T]T	0.010180992442403716	0.008803287910985516	0.03169652395489891	0.0477230962925127	0.009717823521847331	0.014309529976897039	0.015529619266708912	0.013453326751692333	0.023282326048122595	0.0123215953779139
C[T>A]A	0.004839051530175487	0.004481826833386577	0.0027927943043102406	0.00018226630417336027	0.0004552951230745703	0.0016328984538463613	0.0038318264836396864	0.0006654053364351617	0.0007872642040616903	1.6159222382333055e-06
C[T>A]C	0.006019069699142581	0.010239303626556829	0.014402262977177496	0.03742654115727988	0.015597811248829599	0.010630871995405158	0.026826782514208794	0.051728104347837554	0.034895531646976855	0.018947645641002143
C[T>A]G	0.024851562456640493	0.002596107721561304	0.0019246021428380529	6.933310469636846e-05	0.016896543006062567	0.004473153108003408	0.0012253654219332563	0.0022094508629131667	0.016106073972194882	6.408622388083528e-07
C[T>A]T	0.0010251287157679138	3.9311577545560186e-07	9.277573826285645e-07	1.7419806619071956e-06	0.0015282716340858987	0.00062511041666285	0.0028290155139451684	9.705793827004863e-07	0.0009735687011987053	2.0020702111296417e-06
C[T>C]A	0.011253196112210524	0.013051534289716879	0.018148119709654256	0.015227685424900278	0.00714468144191059	0.019885943308624934	0.01925735638244907	0.016114409126098177	0.02757843480947682	0.01613502165829023
C[T>C]C	0.017947897080895038	0.013832385808371579	0.0018715790121105458	2.487198400175625e-07	0.009057344749921481	0.0029356568958189195	0.007122375024845428	0.0006072499305149015	0.004210739438417971	1.4028491387206909e-06
C[T>C]G	0.0036347193753741994	0.00019614484737507724	0.000737804907672513	0.00011459052294357723	0.003297758078985186	0.0036528933939109654	0.006538112349416089	4.700048845824076e-07	0.008239045684281483	1.690849086374167e-06
C[T>C]T	0.0013323767832206961	1.5560192298753004e-07	0.01242641280498649	0.015988209103335007	0.025620105547467173	0.0008603491124017313	0.0071200487600649115	0.019300719127373713	0.016531774564211815	1.0631740457317175e-06
C[T>G]A	0.002045688417456583	0.0026824189380585204	0.00027372335677878075	0.0008661924810895688	0.0154651623675304	1.5779265683746162e-06	0.01101295847855719	0.003244041657545785	0.0006978773887003154	2.103346133196497e-06
C[T>G]C	0.010132164931473266	0.0022940374714348058	0.0052878899788613	1.6606563693996459e-06	0.012825835813787812	1.8158273972417023e-06	0.0053806737925803936	0.001020135212616213	0.0006317575401962541	2.675217470948486e-06
C[T>G]G	3.363811844840798e-07	2.2049273220058103e-06	0.010381672045456107	0.010025603958283624	0.007511463779044849	0.0034634544385095116	0.025070788348585928	0.01209275614096671	0.0008834532363654828	9.235386574537006e-07
C[T>G]T	0.006197279644965652	1.4908268904712435e-06	1.1072493841434817e-05	5.927467362317144e-07	0.005486136867201619	0.002235402028629108	0.00017926203919239314	4.675489513334175e-07	0.004318280216581754	1.6655543521428218e-06
G[C>A]A	0.0004373925830321581	7.761030287505204e-07	1.1458491128671351e-06	9.512184899545326e-07	0.0005291776988741921	0.001032429350495966	3.7621575429120627e-06	9.559552548389628e-07	0.0008064548310282865	2.2448680725029823e-06
G[C>A]C	2.4553119145942356e-07	0.00031509632450342593	6.626330079387315e-07	0.002416569220884493	2.304999324575608e-06	0.002122386071874869	4.956946585005356e-07	0.001300438165165059	3.1601454913430805e-07	0.029380277514301313
G[C>A]G	2.2391960695197883e-07	1.0317515742279923e-07	0.03566171022164856	0.0038547970295745456	0.0038743265380352136	1.2720118841234408e-07	0.00589020348589013	0.021577261916463763	0.0031890910809113655	1.3149962258817158e-06
G[C>A]T	0.008895095796074563	0.00895175668509485	0.014828189366636088	0.03556737683218352	0.002365098504560868	0.0038793632539402905	0.029911049979890414	0.027394938968960045	0.0017179054966010266	0.017376138103259796
G[C>G]A	0.0024701588895092532	0.0009989122217789958	7.50950978185714e-07	1.6127255484290334e-06	4.237128995613218e-05	5.1822870631917e-06	0.0010917261616575232	0.0003378860158213415	0.0018145759446371336	6.49143693996607e-05
G[C>G]C	0.008927884739897184	0.0038748683370369305	0.01408132683874165	0.02366152896244591	0.0034153860185937796	0.005675367126139716	0.020032858075788928	0.005288209973329388	0.003939580404092438	3.7177065747354505e-07
G[C>G]G	0.0006431289417430541	4.141465949714777e-07	6.742527783070017e-07	8.11801261458223e-07	0.00033357659526800436	0.0005976054923965046	0.0015982780427155683	9.713577451828224e-07	0.0017003750687962964	1.8991912486277806e-06
G[C>G]T	0.002911334236778258	0.010392065621109578	0.008837140833327062	0.024663704276550326	0.00822312239019227	0.018939954444809344	0.012370315493365553	0.01254128884606362	0.003737703623850494	9.262229697425161e-08
G[C>T]A	0.026646247742923304	0.018462277872519597	0.012255797105591361	0.01988946503027336	0.014738891021687687	0.005879865719492848	0.029432528306129316	0.018905874825923274	0.032759069813646124	0.018437824963988804
G[C>T]C	0.0013886469263496629	5.724230173300142e-07	1.3399787428715576e-06	2.7826725890454874e-06	0.008421143001755482	0.00021656010478270676	0.014791276502998843	3.256438836495716e-06	0.0023528645355290916	0.03192993790175125
G[C>T]G	0.012915165841771718	5.899631175274245e-07	7.701066700864681e-07	0.000818442047689101	0.011061522039191269	4.787072887875657e-07	0.012039609899400767	0.0027578044803488124	0.01733561357076608	0.02658152798619272
G[C>T]T	0.026247537509753113	0.005539219778904968	0.009135284343011542	0.00763607408637468	0.0063335945095267685	0.02360970332648237	0.035346042593827454	0.0059495655931837525	0.04408376068751569	0.01894157515607232
G[T>A]A	0.0007107607475456922	0.000224258834954215	5.462605960448091e-07	0.00024006891282093428	0.00015847526417139024	0.0005312185006980657	9.541874284911553e-07	0.00021191772343082945	0.0008156879557391059	2.4312470459006277e-06
G[T>A]C	0.0004620796603404883	0.0021014666765125727	8.091256583319359e-07	1.9149135392666826e-06	6.304048268377774e-07	0.0011012920176592452	1.1340303873433781e-06	1.2832103799099873e-06	1.2116227141488965e-06	2.489405542128165e-06
G[T>A]G	0.004926018733692946	0.005664748454646434	0.0024610096838479016	0.00026662584436588796	0.003003711822044904	0.006208000838615526	6.237678366836224e-07	0.009424711274227168	0.0021353054379467454	1.8981800801618386e-06
G[T>A]T	0.0008661524012615003	1.0771206156914537e-07	0.021513517524809664	0.004750550514554783	0.004292469809823488	0.004015212467732181	0.004897177604266417	0.01443744708748643	0.0026117235117986606	1.3722871227830858e-06
G[T>C]A	0.008421879541489537	0.014983985756969014	0.01888716279016213	0.09258771515115269	0.008229504551820631	0.012482136698912813	0.036983935454518405	0.07559531817313735	0.016789333218252545	0.01928827342405899
G[T>C]C	0.01020062834544136	0.0029660884214038215	1.4700072098497589e-07	4.337220950462951e-07	4.4672631052818696e-06	0.0013469608233465783	1.413426349624944e-06	6.999370017407557e-07	0.007022687012900288	1.600645104413768e-06
G[T>C]G	0.019620751810558563	0.014323900535808497	6.080280979232404e-07	0.002942388205924734	0.016504891535794215	0.011983658615293734	0.002300736276134862	0.003054657460430003	0.006216881839631028	8.503276501404023e-07
G[T>C]T	0.010149207836637855	0.01541580773107311	0.022404881948633888	0.01961356981332131	0.014863151101467026	0.014234791792529164	0.021316889034415483	0.04515046684673883	0.012965737065676136	0.01822058846905541
G[T>G]A	0.0075735686666640965	0.009499144786683376	0.00033028181151188935	0.0003844545662870709	0.0035972020607817185	0.0058514672523148166	1.456853795976951e-06	0.0004052383723784064	0.002368865851240385	1.3805423910359492e-06
G[T>G]C	0.0036550423922295976	5.040619298172796e-07	1.013142465751895e-06	1.2193632191031235e-06	0.00032375164328581995	1.1411126747760067e-06	2.229607697147757e-06	5.628512726537362e-07	0.003622323007058248	1.99069847837181e-06
G[T>G]G	0.0024718538961223295	0.0012732041739333818	9.818809414970648e-07	1.6501103245639468e-06	0.00579135636267363	0.002786229976925623	0.0024353580947671554	1.082646243239151e-06	0.0001831479164392717	2.036753922857712e-06
G[T>G]T	0.001461439292713534	6.455418119456205e-07	0.0013214130334511108	0.0028400196539169332	0.0014269465139691404	0.0006521972186189812	0.0016909286229556896	1.378342597975885e-06	0.0023408011534854787	1.973079762947756e-06
T[C>A]A	0.0018087547501208865	4.95555871297308e-07	0.03588601292312917	0.007945216350930649	0.01434499401483465	1.7031251148834855e-06	0.009585640448123857	0.0047260763642360945	0.0064041144501326246	1.0418268051269292e-06
T[C>A]C	0.004626865057464137	0.00978361259158561	0.008934104607758167	0.006405310395575054	0.0009746204532931559	0.02893590272260657	0.0028835369525839075	0.02928733813959493	0.008604568499446288	5.79431099773879e-07
T[C>A]G	4.426513324946813e-07	9.114767758626103e-07	1.6263467916158184e-06	1.4273667544451393e-06	1.137154224348365e-06	1.3359205485469984e-06	1.5529259992786738e-06	1.6037543902809894e-06	9.86017709715367e-07	2.2495317974132795e-06
T[C>A]T	2.1891257219031658e-07	0.0072795719289590515	1.911874390241432e-06	2.004869343963337e-06	2.746151143564654e-06	0.006589764572760732	9.071639483205131e-07	6.952486359956976e-07	0.0008675747751489755	1.8675208925736942e-06
T[C>G]A	0.0029401500189013235	5.991753050510365e-07	0.00022041338955965545	3.817940901594801e-07	0.002829092785893778	0.0002907169004867691	0.0008178393682235177	0.0018763923803540113	0.001612212796531992	1.9727941301980207e-06
T[C>G]C	0.0016522555384810354	0.008881162515185176	7.402375723513202e-07	0.0018229046318883884	0.004787039171747462	0.006206418676264143	4.5797967530875247e-07	0.0028190573018659912	0.0037023690501412545	1.4906783371394683e-06
T[C>G]G	4.426513324946813e-07	9.114767758626103e-07	1.6263467916158184e-06	1.4273667544451393e-06	1.137154224348365e-06	1.3359205485469984e-06	1.5529259992786738e-06	1.6037543902809894e-06	9.86017709715367e-07	2.2495317974132795e-06
T[C>G]T	0.004258786268848986	1.0188636696087752e-06	1.0813601296178538e-06	1.1014544078532475e-06	2.761608128787813e-06	1.134140283885627e-06	1.2007321071437365e-06	6.799186196501096e-07	0.0036107477758949465	2.023749928510095e-06
T[C>T]A	0.025570659437310597	0.03794657101715037	0.09469644609685979	0.046916896020895944	0.05980911298550884	0.0631330670736601	0.02137937471826387	0.05128014936818805	0.03631491593552488	0.014681532531632971
T[C>T]C	0.014162317813551194	0.0393785127969981	0.0017188475382027052	1.0840139736633226e-06	0.013492312638227914	0.011160473146080551	0.0010782178188683052	0.016871230935103204	0.017382519725157503	1.1616017718342559e-06
T[C>T]G	0.018825158804202775	7.179345387197426e-07	9.618281752530743e-07	7.480828027640667e-07	4.065783164974566e-06	1.1100518302481226e-06	9.772803534016564e-07	4.7469383645214255e-07	0.01714361795742121	1.6133454220764275e-06
T[C>T]T	0.01658876126275188	0.014077823635367833	6.834212305667382e-08	0.0038754341317111677	0.025328266942664573	0.0016424451686029775	0.007585615977280708	1.780205615316712e-06	0.0111696045156284	7.222470985927784e-07
T[T>A]A	0.00342279809271879	0.0008034130450984305	3.3096627383883297e-07	0.0004198788457413643	7.159635437449811e-07	0.003887001367873501	0.0011689299118024952	0.00019676555477823114	0.003144873602377185	7.071023152495402e-06
T[T>A]C	0.003111661945265706	0.010870992950794849	9.816382473475459e-07	0.0003277831847173976	5.523244456970417e-07	0.008939437108083622	0.0027586488336941183	9.89835518070865e-07	0.0018300335567752483	1.6621375709250937e-06
T[T>A]G	0.004766559780736586	5.413327097944419e-07	2.6722364728117495e-06	0.0008873624458918177	0.005205648691904381	0.003659438917255423	2.8206947502462983e-06	1.9553347839164954e-06	0.006485720132498253	1.7991262349463166e-06
T[T>A]T	2.3619268404365403e-05	4.797814010935163e-07	1.3676570739263225e-06	0.0024176430303089456	0.003307069700175723	0.0002482553495194313	0.0038752964614595857	0.0015884035597337664	0.0016270182929953659	2.0699447342966006e-06
T[T>C]A	0.022706678892300936	0.05143299102830147	0.04035856780551833	0.02813438394811385	0.04398310818980358	0.02856073698951554	0.02911464703349695	0.027395332729398328	0.028092497182695464	0.0
T[T>C]C	0.000739585765786877	0.024316564509445967	0.001051875341324849	0.011078256271861422	0.0008892509788669378	0.021300698084947847	0.007901300825955138	0.01403289924995392	0.009881632550839044	8.450076948172548e-07
T[T>C]G	0.0076862023665222766	0.004234834936811306	0.04102778371821049	0.013509902647280558	0.00914004469012816	0.024308131553318145	0.009726848531291537	0.00796795768642767	0.01122088292659986	5.335252346425609e-07
T[T>C]T	0.006134721577017652	0.003015630153772436	0.043635519368819015	0.01046496066128754	0.051258081927813906	0.025575447958006127	0.02442330168851835	0.01813442472917029	0.03985952132044499	0.05425326066357285
T[T>G]A	0.002479479229118396	0.0058867073627206935	2.2907674605436934e-06	1.0472749648485916e-07	2.0478977865017558e-06	1.1187485306659276e-06	0.001666237141095472	0.0014711516452762228	9.607172890212946e-05	0.0033028211296798667
T[T>G]C	0.004724787394813239	0.0005495013498331842	1.668026870183549e-07	0.0013083145141719777	9.143989920338863e-07	0.003521112353345145	0.00027030738747579614	2.8711089256183175e-07	0.006812984200354307	0.02435006037213634
T[T>G]G	6.166542035067948e-07	8.897496965909538e-07	1.6748376781247126e-06	1.1515239407396797e-06	0.00038991897096902193	0.0003949369248724641	0.0007877689293619266	1.1090519306807655e-06	1.3171853480440235e-06	1.9564747637382407e-06
T[T>G]T	0.0014284325813603326	0.0008284581721125444	1.0541167692538928e-06	1.9090731208162766e-07	0.0026315518643778325	0.0023996542373252317	0.000987992992522618	6.781326558899811e-06	0.00026750093574981785	0.0007637398155530183
