MutationType	Signature A	Signature B	Signature C	Signature D	Signature E	Signature F	Signature G	Signature H	Signature I	Signature J
A[C>A]A	5.04E-07	2.04E-03	1.16E-03	2.87E-03	1.06E-06	3.01E-03	2.99E-03	3.04E-07	2.66E-03	0.00E+00
A[C>A]C	1.55E-03	3.76E-03	3.77E-03	5.14E-07	4.43E-03	3.96E-03	2.21E-07	9.12E-04	1.50E-03	6.93E-07
A[C>A]G	5.38E-06	2.02E-07	4.08E-07	8.45E-04	3.32E-07	1.31E-06	1.49E-07	7.88E-05	2.10E-07	2.46E-07
A[C>A]T	4.64E-04	1.56E-03	5.06E-07	2.35E-07	1.34E-03	8.97E-04	4.19E-07	9.10E-04	7.94E-04	7.77E-07
A[C>G]A	6.76E-03	3.21E-03	5.70E-03	2.37E-03	8.55E-03	4.11E-04	5.84E-03	5.96E-03	3.72E-03	3.18E-03
A[C>G]C	5.53E-03	8.84E-03	4.44E-03	1.49E-08	4.04E-03	2.70E-04	2.56E-07	4.17E-03	6.77E-04	6.98E-03
A[C>G]G	9.38E-08	2.20E-07	8.07E-08	4.04E-08	1.57E-07	1.90E-07	1.83E-08	1.52E-07	8.99E-08	5.04E-08
A[C>G]T	4.79E-07	5.25E-03	6.94E-07	2.65E-07	2.92E-04	1.66E-03	2.08E-07	4.31E-07	4.54E-04	7.70E-07
A[C>T]A	1.89E-02	1.56E-02	1.80E-02	1.85E-02	1.13E-02	1.74E-02	7.18E-03	1.48E-02	1.64E-02	1.35E-02
A[C>T]C	1.14E-02	1.65E-02	1.03E-02	4.19E-03	1.28E-02	1.27E-02	4.57E-03	1.89E-02	1.52E-02	1.48E-02
A[C>T]G	3.41E-03	7.05E-03	8.22E-03	4.62E-03	1.11E-02	1.13E-02	7.24E-03	4.90E-03	2.88E-03	5.11E-03
A[C>T]T	8.94E-03	1.93E-02	1.90E-02	8.37E-03	1.88E-02	9.23E-03	3.55E-03	1.14E-02	1.29E-02	1.75E-02
A[T>A]A	3.85E-07	2.21E-03	2.26E-03	2.80E-03	4.08E-03	5.65E-03	2.62E-07	2.63E-03	9.59E-04	2.75E-04
A[T>A]C	4.57E-03	4.48E-03	8.57E-03	3.21E-03	2.56E-03	2.49E-03	5.86E-03	9.67E-03	3.03E-03	4.32E-03
A[T>A]G	3.42E-03	5.39E-03	5.44E-07	4.08E-03	2.17E-03	2.66E-03	2.38E-07	1.63E-06	6.60E-03	2.48E-03
A[T>A]T	5.35E-07	1.97E-03	2.21E-07	3.26E-03	2.29E-07	1.53E-03	6.14E-07	2.81E-03	6.82E-04	1.49E-04
A[T>C]A	2.26E-02	1.09E-02	1.58E-02	1.95E-02	6.84E-03	7.33E-03	7.86E-03	1.84E-02	8.43E-03	7.63E-03
A[T>C]C	2.45E-03	1.46E-02	9.96E-03	8.02E-03	9.38E-04	8.06E-03	4.44E-03	1.12E-02	1.85E-02	4.34E-03
A[T>C]G	8.76E-03	8.43E-03	2.27E-03	6.71E-03	8.48E-03	1.20E-02	1.18E-02	1.62E-02	1.15E-02	8.16E-03
A[T>C]T	1.42E-02	1.14E-02	8.72E-03	1.51E-02	2.15E-02	1.35E-02	5.46E-03	1.20E-02	1.02E-02	9.25E-03
A[T>G]A	7.12E-03	4.50E-03	9.36E-03	8.19E-04	9.64E-03	6.55E-03	7.64E-127	7.43E-03	5.58E-03	1.50E-02
A[T>G]C	4.81E-07	3.81E-03	3.60E-07	4.55E-03	1.49E-03	2.79E-03	4.58E-07	2.91E-07	3.79E-03	1.57E-07
A[T>G]G	1.92E-06	3.87E-04	2.42E-04	5.81E-04	2.93E-07	4.61E-04	5.85E-04	7.58E-04	1.29E-06	1.82E-04
A[T>G]T	1.21E-03	5.36E-04	3.48E-04	2.34E-03	9.17E-04	1.68E-03	2.92E-07	1.47E-07	4.74E-03	8.62E-04
C[C>A]A	3.90E-07	3.44E-03	2.88E-07	2.28E-04	5.64E-04	1.01E-03	4.51E-03	2.99E-03	5.83E-07	1.26E-07
C[C>A]C	2.08E-04	2.03E-04	2.40E-04	3.05E-04	1.47E-07	3.69E-04	2.52E-07	3.84E-07	2.63E-04	2.78E-07
C[C>A]G	6.62E-07	1.61E-04	6.27E-07	1.79E-03	3.26E-07	9.10E-04	4.65E-07	3.62E-07	1.88E-04	3.31E-04
C[C>A]T	3.63E-07	1.36E-03	1.96E-07	1.76E-07	2.02E-03	1.82E-03	1.54E-07	7.04E-06	9.57E-05	2.15E-07
C[C>G]A	3.63E-03	5.06E-03	6.40E-03	1.78E-03	5.64E-07	2.21E-03	5.37E-08	6.33E-03	4.70E-03	3.64E-03
C[C>G]C	5.98E-07	7.16E-04	5.37E-07	3.70E-07	1.92E-07	1.04E-07	2.46E-03	3.65E-07	3.34E-07	5.06E-07
C[C>G]G	9.38E-08	2.20E-07	8.07E-08	4.04E-08	1.57E-07	1.90E-07	1.83E-08	1.52E-07	8.99E-08	5.04E-08
C[C>G]T	9.38E-08	2.20E-07	8.07E-08	4.04E-08	1.57E-07	1.90E-07	1.83E-08	1.52E-07	8.99E-08	5.04E-08
C[C>T]A	6.62E-07	1.33E-03	1.69E-03	5.30E-03	4.44E-04	4.18E-03	2.59E-07	1.15E-03	1.47E-03	4.23E-04
C[C>T]C	3.31E-03	2.99E-03	6.60E-03	3.92E-03	5.21E-03	4.51E-03	1.96E-07	6.03E-03	6.02E-03	3.62E-03
C[C>T]G	9.54E-03	7.98E-03	1.81E-02	5.15E-03	8.51E-03	2.05E-03	5.36E-03	6.50E-03	1.09E-02	1.03E-02
C[C>T]T	5.20E-03	1.21E-02	1.24E-02	3.11E-03	3.75E-03	2.81E-03	2.76E-03	7.13E-03	9.10E-03	9.86E-03
C[T>A]A	6.64E-04	7.86E-04	1.82E-04	2.20E-03	4.54E-04	3.47E-03	2.45E-07	3.30E-03	8.61E-04	2.14E-03
C[T>A]C	1.61E-02	1.29E-02	1.29E-02	4.11E-03	5.19E-03	3.30E-03	3.42E-03	8.93E-03	5.57E-03	5.96E-03
C[T>A]G	2.20E-03	9.27E-03	6.76E-05	1.48E-03	7.55E-03	1.26E-02	2.50E-07	1.22E-03	2.99E-03	1.66E-03
C[T>A]T	4.90E-07	8.40E-04	1.30E-06	1.05E-07	8.00E-04	6.71E-04	2.50E-07	1.63E-03	4.18E-04	3.00E-07
C[T>C]A	7.13E-03	1.02E-02	6.70E-03	2.97E-03	4.97E-03	4.36E-03	3.31E-03	6.48E-03	5.82E-03	6.44E-03
C[T>C]C	6.07E-04	2.81E-03	2.49E-07	4.72E-03	5.27E-03	5.23E-03	2.79E-07	4.31E-03	1.67E-03	1.87E-03
C[T>C]G	3.28E-07	5.69E-03	1.13E-04	1.96E-04	1.88E-03	2.38E-03	3.58E-07	3.70E-03	3.21E-03	7.36E-04
C[T>C]T	1.16E-02	8.56E-03	7.63E-03	1.17E-07	7.97E-03	7.59E-04	6.05E-07	3.79E-03	8.60E-04	2.75E-03
C[T>G]A	2.61E-03	6.75E-04	8.64E-04	2.54E-03	7.67E-03	2.04E-03	6.46E-07	7.96E-03	1.16E-06	2.73E-04
C[T>G]C	1.02E-03	6.30E-04	1.27E-06	1.04E-03	4.80E-03	4.33E-03	4.02E-07	5.38E-03	1.26E-06	3.92E-03
C[T>G]G	6.69E-03	8.82E-04	4.98E-03	2.04E-06	5.66E-03	2.14E-07	2.51E-07	9.73E-03	2.27E-03	7.35E-03
C[T>G]T	1.13E-07	3.32E-03	2.88E-07	8.69E-07	2.77E-03	3.72E-03	1.34E-07	1.78E-04	2.23E-03	1.01E-05
G[C>A]A	1.71E-07	6.62E-04	1.45E-07	2.65E-07	3.48E-04	2.84E-04	1.83E-07	1.99E-06	1.03E-03	2.28E-07
G[C>A]C	1.30E-03	1.18E-07	2.42E-03	3.13E-04	2.20E-06	1.81E-07	5.34E-03	2.42E-07	1.53E-03	3.43E-07
G[C>A]G	1.18E-02	2.45E-03	2.96E-03	9.68E-08	2.05E-03	1.21E-07	1.88E-07	4.58E-03	1.04E-07	7.82E-03
G[C>A]T	9.59E-03	9.73E-04	1.36E-02	2.86E-03	1.56E-03	2.41E-03	3.42E-03	1.50E-02	2.60E-03	4.22E-03
G[C>G]A	3.36E-04	1.01E-03	1.08E-06	8.38E-04	4.17E-05	1.11E-03	5.96E-05	1.09E-03	3.33E-06	3.26E-07
G[C>G]C	2.66E-03	2.50E-03	7.02E-03	1.47E-03	3.41E-03	3.99E-03	1.72E-07	7.66E-03	2.00E-03	5.16E-03
G[C>G]G	4.43E-07	1.05E-03	2.44E-07	1.04E-07	3.24E-04	2.95E-04	2.66E-07	9.74E-04	5.95E-04	2.21E-07
G[C>G]T	8.60E-03	3.74E-03	8.76E-03	3.55E-03	4.14E-03	2.91E-03	6.10E-08	3.97E-03	7.86E-03	3.36E-03
G[C>T]A	6.43E-03	1.29E-02	9.85E-03	4.51E-03	8.49E-03	7.20E-03	4.51E-03	8.23E-03	3.03E-03	4.51E-03
G[C>T]C	1.64E-06	2.35E-03	1.37E-06	3.31E-07	5.10E-03	1.39E-03	7.56E-03	1.06E-02	2.16E-04	9.28E-07
G[C>T]G	2.17E-03	1.01E-02	8.17E-04	5.90E-07	5.43E-03	5.65E-03	3.59E-03	1.20E-02	2.34E-07	6.59E-07
G[C>T]T	3.35E-03	1.60E-02	4.89E-03	1.83E-03	2.62E-03	9.23E-03	4.61E-03	1.63E-02	7.03E-03	6.45E-03
G[T>A]A	2.08E-04	4.63E-04	2.39E-04	2.23E-04	1.57E-04	4.78E-04	3.42E-07	3.55E-07	3.47E-04	2.72E-07
G[T>A]C	2.85E-07	5.47E-07	5.60E-07	7.60E-04	2.28E-07	4.59E-04	2.16E-07	2.30E-07	7.21E-04	1.73E-07
G[T>A]G	3.81E-03	1.64E-03	2.66E-04	5.66E-03	1.96E-03	4.93E-03	2.70E-07	2.61E-07	4.45E-03	1.58E-03
G[T>A]T	9.29E-03	1.94E-03	3.29E-03	7.05E-08	2.50E-03	5.74E-04	2.18E-07	3.30E-03	4.02E-03	6.96E-03
G[T>C]A	1.04E-02	7.43E-03	2.13E-02	3.47E-03	6.04E-03	3.50E-03	3.55E-03	1.39E-02	3.41E-03	9.29E-03
G[T>C]C	2.24E-07	3.68E-03	2.51E-07	1.03E-03	2.05E-06	2.80E-03	2.27E-07	7.40E-07	9.18E-04	1.28E-07
G[T>C]G	2.00E-03	4.22E-03	2.12E-03	3.33E-03	9.25E-03	5.84E-03	3.47E-07	2.30E-03	5.84E-03	3.98E-07
G[T>C]T	2.09E-02	5.35E-03	9.43E-03	6.98E-03	4.13E-03	2.43E-03	4.69E-03	7.54E-03	1.02E-02	6.10E-03
G[T>G]A	4.04E-04	1.77E-03	3.83E-04	3.09E-03	2.04E-03	2.75E-03	1.68E-07	5.50E-07	3.68E-03	3.30E-04
G[T>G]C	1.64E-07	1.80E-03	2.05E-07	1.90E-07	3.21E-04	1.47E-03	1.37E-07	8.48E-07	2.37E-07	1.63E-07
G[T>G]G	4.85E-07	1.75E-04	9.02E-07	4.79E-04	3.37E-03	2.24E-03	3.15E-07	1.64E-03	2.79E-03	3.36E-07
G[T>G]T	1.04E-06	1.58E-03	2.04E-03	3.37E-07	7.34E-04	9.58E-04	6.59E-07	9.54E-04	4.00E-04	1.32E-03
T[C>A]A	2.72E-03	4.07E-03	4.90E-03	2.42E-07	4.93E-03	1.30E-03	2.87E-07	5.47E-03	1.04E-06	9.23E-03
T[C>A]C	1.32E-02	5.66E-03	5.79E-03	3.27E-03	9.74E-04	3.08E-03	1.88E-07	2.88E-03	8.78E-03	4.94E-03
T[C>A]G	9.38E-08	2.20E-07	8.07E-08	4.04E-08	1.57E-07	1.90E-07	1.83E-08	1.52E-07	8.99E-08	5.04E-08
T[C>A]T	3.55E-07	5.72E-04	1.15E-06	1.74E-03	1.51E-06	1.62E-07	1.07E-07	3.95E-07	3.52E-03	8.37E-07
T[C>G]A	1.05E-03	1.19E-03	1.89E-07	3.68E-07	1.47E-03	1.52E-03	2.59E-07	5.45E-04	2.88E-04	2.19E-04
T[C>G]C	1.87E-03	2.28E-03	1.82E-03	2.54E-03	3.14E-03	1.29E-03	2.83E-07	3.70E-07	3.05E-03	4.71E-07
T[C>G]G	9.38E-08	2.20E-07	8.07E-08	4.04E-08	1.57E-07	1.90E-07	1.83E-08	1.52E-07	8.99E-08	5.04E-08
T[C>G]T	2.00E-07	2.00E-03	1.30E-07	3.45E-07	1.33E-06	1.39E-03	1.41E-07	1.56E-07	3.34E-07	1.35E-07
T[C>T]A	1.53E-02	1.74E-02	1.82E-02	6.09E-03	1.02E-02	9.92E-03	4.12E-03	9.83E-03	1.67E-02	1.78E-02
T[C>T]C	1.16E-02	7.47E-03	1.08E-06	1.01E-02	5.44E-03	6.24E-03	4.08E-07	7.95E-04	7.82E-03	1.72E-03
T[C>T]G	1.38E-07	9.07E-03	1.32E-07	2.37E-07	2.00E-06	5.62E-03	2.33E-07	2.95E-07	2.70E-07	1.03E-07
T[C>T]T	1.24E-06	6.26E-03	2.94E-03	8.84E-03	8.08E-03	5.82E-03	2.23E-07	7.58E-03	1.64E-03	6.83E-08
T[T>A]A	1.97E-04	1.48E-03	4.17E-04	3.72E-04	3.99E-07	1.10E-03	5.64E-06	9.66E-04	1.47E-03	1.57E-07
T[T>A]C	5.65E-07	1.83E-03	3.27E-04	3.54E-03	2.82E-07	1.58E-03	3.02E-07	2.76E-03	3.74E-03	6.02E-07
T[T>A]G	9.19E-07	6.02E-03	6.85E-04	2.06E-07	2.65E-03	3.81E-03	1.95E-07	1.40E-06	3.66E-03	1.29E-06
T[T>A]T	1.59E-03	9.02E-04	1.71E-03	1.56E-07	3.20E-03	2.35E-05	4.30E-07	2.65E-03	2.47E-04	7.89E-07
T[T>C]A	6.39E-03	9.43E-03	8.20E-03	1.01E-02	1.42E-02	6.27E-03	0.00E+00	9.18E-03	8.37E-03	7.58E-03
T[T>C]C	9.94E-03	6.94E-03	6.70E-03	6.65E-03	8.86E-04	5.40E-04	2.85E-07	4.83E-03	1.14E-02	7.70E-04
T[T>C]G	6.32E-03	4.46E-03	5.65E-03	2.15E-03	5.98E-03	3.06E-03	3.37E-07	2.98E-03	7.08E-03	2.05E-02
T[T>C]T	8.24E-03	1.27E-02	7.78E-03	3.02E-03	2.29E-02	3.02E-03	3.86E-03	1.07E-02	1.89E-02	1.66E-02
T[T>G]A	9.62E-04	9.35E-05	7.70E-08	3.98E-03	1.18E-06	2.48E-03	2.34E-03	9.12E-04	4.43E-07	1.76E-06
T[T>G]C	1.21E-07	3.23E-03	1.31E-03	5.49E-04	5.34E-07	2.20E-03	6.29E-03	2.70E-04	2.72E-03	1.17E-07
T[T>G]G	2.51E-07	5.67E-07	4.27E-07	1.81E-07	2.79E-04	2.19E-07	1.13E-07	4.08E-04	3.94E-04	4.51E-07
T[T>G]T	5.49E-06	2.60E-04	7.11E-08	6.43E-04	2.07E-03	1.43E-03	7.62E-04	9.84E-04	1.19E-03	2.95E-07
