Samples	SBS1	SBS3	SBS5	Signature D
Sample1	0	663	0	342
Sample2	37	527	436	0
Sample3	40	585	375	0
Sample4	12	346	629	0
Sample5	24	505	507	0
Sample6	28	391	597	0
Sample7	0	290	293	432
Sample8	36	466	483	0
Sample9	42	569	381	0
Sample10	36	483	473	0
Sample11	34	452	539	0
Sample12	43	548	379	0
Sample13	43	597	348	0
Sample14	0	375	396	212
Sample15	25	360	650	0
Sample16	25	369	636	0
Sample17	57	705	221	0
Sample18	0	288	348	379
Sample19	35	521	452	0
Sample20	39	562	383	0
Sample21	41	540	399	0
Sample22	35	476	503	0
Sample23	22	316	397	281
Sample24	30	443	542	0
Sample25	38	542	420	0
Sample26	37	434	516	0
Sample27	37	529	442	0
Sample28	37	521	442	0
Sample29	38	449	485	0
Sample30	46	546	0	392
Sample31	55	683	0	262
Sample32	56	679	0	245
Sample33	0	315	330	341
Sample34	36	504	460	0
Sample35	38	534	428	0
Sample36	38	544	426	0
Sample37	39	540	413	0
Sample38	38	543	411	0
Sample39	0	297	435	293
Sample40	40	580	380	0
Sample41	25	346	609	0
Sample42	42	548	390	0
Sample43	38	449	485	0
Sample44	24	307	643	0
Sample45	25	413	546	0
Sample46	27	421	588	0
Sample47	39	579	390	0
Sample48	38	449	485	0
Sample49	40	586	374	0
Sample50	38	505	465	0
Sample51	37	490	481	0
Sample52	34	489	504	0
Sample53	38	449	485	0
Sample54	39	532	408	0
Sample55	24	525	431	0
Sample56	0	352	389	233
Sample57	40	579	381	0
Sample58	36	500	479	0
Sample59	20	314	655	0
Sample60	41	575	363	0
Sample61	39	588	381	0
Sample62	25	363	598	0
Sample63	46	634	301	0
Sample64	23	301	657	0
Sample65	21	341	625	0
Sample66	55	702	0	258
Sample67	42	533	415	0
Sample68	15	0	965	0
Sample69	54	700	0	226
Sample70	27	458	507	0
Sample71	40	579	395	0
Sample72	33	468	466	0
Sample73	39	553	416	0
Sample74	37	524	424	0
Sample75	35	515	464	0
Sample76	37	509	439	0
Sample77	14	348	652	0
Sample78	28	395	561	0
Sample79	27	354	597	0
Sample80	38	449	485	0
Sample81	32	446	547	0
Sample82	39	569	376	0
Sample83	27	358	631	0
Sample84	28	409	597	0
Sample85	16	0	969	0
Sample86	30	440	545	0
Sample87	43	550	385	0
Sample88	30	430	563	0
Sample89	39	552	423	0
Sample90	38	531	431	0
Sample91	54	652	0	320
Sample92	36	536	436	0
Sample93	37	554	417	0
Sample94	30	440	559	0
Sample95	39	544	409	0
Sample96	42	591	347	0
Sample97	55	705	0	240
Sample98	0	352	380	286
Sample99	23	400	550	0
Sample100	40	542	410	0
Sample101	39	589	372	0
Sample102	25	332	610	0
Sample103	37	515	433	0
Sample104	41	540	411	0
Sample105	20	285	680	0
Sample106	37	533	438	0
Sample107	37	521	456	0
Sample108	55	672	0	273
Sample109	34	469	477	0
Sample110	21	333	647	0
Sample111	0	285	344	384
Sample112	37	532	439	0
Sample113	38	449	485	0
Sample114	30	436	502	0
Sample115	31	515	475	0
Sample116	39	559	410	0
Sample117	37	533	438	0
Sample118	40	589	386	0
Sample119	15	0	635	358
Sample120	41	596	348	0
Sample121	39	523	430	0
Sample122	34	512	473	0
Sample123	30	627	368	0
Sample124	23	283	661	0
Sample125	26	349	593	0
Sample126	0	393	398	224
Sample127	35	744	181	0
Sample128	38	590	390	0
Sample129	43	561	368	0
Sample130	45	626	309	0
Sample131	38	522	425	0
Sample132	55	688	0	237
Sample133	38	544	426	0
Sample134	58	716	0	215
Sample135	37	533	445	0
Sample136	36	503	469	0
Sample137	42	543	403	0
Sample138	24	302	658	0
Sample139	37	535	443	0
Sample140	0	273	365	370
Sample141	58	713	0	218
Sample142	0	230	391	375
Sample143	42	609	330	0
Sample144	22	301	662	0
Sample145	26	363	579	0
Sample146	37	520	457	0
Sample147	26	403	607	0
Sample148	37	497	466	0
Sample149	29	616	382	0
Sample150	0	336	451	198
Sample151	53	707	0	220
Sample152	37	527	444	0
Sample153	0	394	441	201
Sample154	25	345	605	0
Sample155	38	558	396	0
Sample156	35	502	471	0
Sample157	37	527	436	0
Sample158	38	517	437	0
Sample159	43	580	365	0
Sample160	27	376	566	0
Sample161	38	520	450	0
Sample162	16	418	574	0
Sample163	34	484	490	0
Sample164	43	618	324	0
Sample165	43	569	377	0
Sample166	36	526	438	0
Sample167	50	544	0	392
Sample168	22	448	501	0
Sample169	25	363	590	0
Sample170	39	545	416	0
Sample171	37	533	438	0
Sample172	23	298	658	0
Sample173	25	340	612	0
Sample174	39	559	410	0
Sample175	13	0	969	0
Sample176	33	594	381	0
Sample177	24	289	660	0
Sample178	38	551	419	0
Sample179	40	577	375	0
Sample180	41	534	443	0
Sample181	37	506	449	0
Sample182	13	0	630	365
Sample183	39	535	418	0
Sample184	24	333	617	0
Sample185	0	236	329	449
Sample186	39	579	382	0
Sample187	34	441	545	0
Sample188	27	366	631	0
Sample189	0	313	393	282
Sample190	39	551	396	0
Sample191	37	498	457	0
Sample192	38	546	408	0
Sample193	38	449	485	0
Sample194	22	373	625	0
Sample195	54	677	0	269
Sample196	42	724	266	0
Sample197	25	345	597	0
Sample198	39	526	427	0
Sample199	43	557	390	0
Sample200	29	433	573	0
Sample201	41	594	357	0
Sample202	25	351	592	0
Sample203	0	486	0	532
Sample204	42	528	418	0
Sample205	24	321	636	0
Sample206	41	519	477	0
Sample207	37	527	436	0
Sample208	41	552	388	0
Sample209	23	297	365	334
Sample210	23	344	612	0
Sample211	38	449	485	0
Sample212	25	373	575	0
Sample213	23	284	668	0
Sample214	39	540	421	0
Sample215	0	372	291	351
Sample216	47	597	0	350
Sample217	26	349	593	0
Sample218	58	677	0	253
Sample219	0	574	0	425
Sample220	12	0	678	319
Sample221	28	419	582	0
Sample222	39	595	382	0
Sample223	23	296	649	0
Sample224	21	317	637	0
Sample225	40	575	377	0
Sample226	40	565	374	0
Sample227	39	585	391	0
Sample228	27	377	570	0
Sample229	0	274	381	363
Sample230	36	527	437	0
Sample231	1	0	962	0
Sample232	39	560	415	0
Sample233	54	649	271	0
Sample234	37	532	439	0
Sample235	55	715	0	215
Sample236	36	541	445	0
Sample237	38	449	485	0
Sample238	37	664	341	0
Sample239	38	577	401	0
Sample240	55	689	0	256
Sample241	41	571	374	0
Sample242	0	389	392	209
Sample243	23	335	617	0
Sample244	36	510	446	0
Sample245	33	507	473	0
Sample246	57	677	0	252
Sample247	38	555	421	0
Sample248	52	678	0	285
Sample249	39	517	423	0
Sample250	28	395	607	0
Sample251	0	271	387	359
Sample252	36	502	470	0
Sample253	40	566	373	0
Sample254	39	520	421	0
Sample255	22	381	591	0
Sample256	38	449	485	0
Sample257	40	588	364	0
Sample258	28	483	497	0
Sample259	40	607	345	0
Sample260	54	707	0	224
Sample261	0	338	308	362
Sample262	15	0	971	0
Sample263	24	308	642	0
Sample264	37	533	438	0
Sample265	0	248	318	451
Sample266	40	540	399	0
Sample267	36	473	491	0
Sample268	58	712	0	219
Sample269	0	653	0	360
Sample270	0	574	0	425
Sample271	36	529	443	0
Sample272	0	496	0	489
Sample273	21	312	652	0
Sample274	37	486	477	0
Sample275	35	540	452	0
Sample276	38	512	458	0
Sample277	38	479	470	0
Sample278	38	522	425	0
Sample279	34	552	439	0
Sample280	39	519	422	0
Sample281	35	522	461	0
Sample282	25	331	621	0
Sample283	39	529	424	0
Sample284	23	303	649	0
Sample285	30	438	522	0
Sample286	14	314	687	0
Sample287	39	551	418	0
Sample288	30	445	501	0
Sample289	35	493	499	0
Sample290	26	361	642	0
Sample291	23	292	649	0
Sample292	39	520	449	0
Sample293	0	479	0	520
Sample294	55	683	0	262
Sample295	37	522	433	0
Sample296	36	517	466	0
Sample297	39	533	420	0
Sample298	43	758	222	0
Sample299	38	595	375	0
Sample300	47	557	412	0
Sample301	14	0	967	0
Sample302	40	548	404	0
Sample303	41	606	353	0
Sample304	37	510	461	0
Sample305	27	408	594	0
Sample306	25	301	651	0
Sample307	56	694	0	269
Sample308	38	568	413	0
Sample309	35	507	466	0
Sample310	40	565	387	0
Sample311	39	572	374	0
Sample312	48	602	0	338
Sample313	38	449	485	0
Sample314	0	301	290	426
Sample315	40	579	381	0
Sample316	39	564	397	0
Sample317	37	515	462	0
Sample318	20	322	638	0
Sample319	55	704	0	241
Sample320	0	265	362	390
Sample321	42	551	387	0
Sample322	22	280	682	0
Sample323	37	533	438	0
Sample324	26	326	625	0
Sample325	54	710	0	236
Sample326	34	472	512	0
Sample327	36	493	471	0
Sample328	24	327	637	0
Sample329	25	346	657	0
Sample330	39	553	393	0
Sample331	13	0	677	283
Sample332	0	304	317	387
Sample333	24	309	652	0
Sample334	38	526	422	0
Sample335	17	0	668	329
Sample336	0	257	420	342
Sample337	36	531	448	0
Sample338	22	395	567	0
Sample339	36	534	444	0
Sample340	37	553	418	0
Sample341	30	483	523	0
Sample342	0	319	381	290
Sample343	38	580	409	0
Sample344	37	527	436	0
Sample345	24	291	660	0
Sample346	15	0	969	0
Sample347	23	497	459	0
Sample348	16	396	601	0
Sample349	49	512	0	411
Sample350	41	581	357	0
Sample351	38	510	438	0
Sample352	0	332	306	380
Sample353	20	501	471	0
Sample354	14	0	967	0
Sample355	0	286	487	195
Sample356	58	702	0	230
Sample357	37	584	394	0
Sample358	0	291	371	339
Sample359	26	399	611	0
Sample360	39	613	363	0
Sample361	38	574	396	0
Sample362	38	528	426	0
Sample363	37	518	464	0
Sample364	25	399	559	0
Sample365	38	585	392	0
Sample366	55	699	0	263
Sample367	27	393	608	0
Sample368	39	559	394	0
Sample369	44	620	325	0
Sample370	39	530	417	0
Sample371	55	699	0	246
Sample372	37	528	443	0
Sample373	38	573	405	0
Sample374	39	569	392	0
Sample375	0	308	330	382
Sample376	15	0	969	0
Sample377	22	444	557	0
Sample378	26	361	581	0
Sample379	36	514	464	0
Sample380	14	0	688	314
Sample381	38	548	414	0
Sample382	0	315	440	262
Sample383	52	707	0	263
Sample384	30	450	548	0
Sample385	52	629	0	347
Sample386	30	462	542	0
Sample387	37	531	451	0
Sample388	35	483	490	0
Sample389	39	585	395	0
Sample390	25	368	583	0
Sample391	25	327	613	0
Sample392	42	609	341	0
Sample393	0	574	0	425
Sample394	35	632	297	0
Sample395	28	391	562	0
Sample396	39	553	416	0
Sample397	40	577	362	0
Sample398	38	569	419	0
Sample399	29	406	533	0
Sample400	27	420	588	0
Sample401	38	449	485	0
Sample402	22	508	456	0
Sample403	37	497	451	0
Sample404	36	506	471	0
Sample405	37	533	438	0
Sample406	26	377	585	0
Sample407	21	453	488	0
Sample408	38	448	500	0
Sample409	13	297	672	0
Sample410	55	704	0	233
Sample411	33	459	528	0
Sample412	40	554	391	0
Sample413	22	303	656	0
Sample414	28	414	586	0
Sample415	33	404	545	0
Sample416	32	675	312	0
Sample417	0	322	411	247
Sample418	38	449	485	0
Sample419	37	540	415	0
Sample420	0	289	333	391
Sample421	22	331	622	0
Sample422	16	0	595	393
Sample423	43	567	379	0
Sample424	25	309	652	0
Sample425	39	594	367	0
Sample426	40	561	391	0
Sample427	0	252	376	375
Sample428	40	572	367	0
Sample429	39	563	398	0
Sample430	38	449	485	0
Sample431	37	498	465	0
Sample432	39	579	390	0
Sample433	0	574	0	425
Sample434	39	577	376	0
Sample435	22	444	557	0
Sample436	37	529	442	0
Sample437	39	597	372	0
Sample438	0	297	378	310
Sample439	26	409	538	0
Sample440	28	401	587	0
Sample441	41	612	325	0
Sample442	41	588	352	0
Sample443	23	557	420	0
Sample444	36	518	462	0
Sample445	36	510	467	0
Sample446	38	540	414	0
Sample447	0	272	497	250
Sample448	39	539	407	0
Sample449	23	287	661	0
Sample450	40	565	374	0
Sample451	37	506	471	0
Sample452	0	251	393	364
Sample453	54	710	0	214
Sample454	0	296	430	288
Sample455	24	354	645	0
Sample456	36	461	484	0
Sample457	0	388	355	276
Sample458	38	512	458	0
Sample459	40	581	371	0
Sample460	0	258	407	353
Sample461	39	575	394	0
Sample462	40	545	415	0
Sample463	28	406	533	0
Sample464	43	565	364	0
Sample465	37	515	428	0
Sample466	38	587	375	0
Sample467	34	496	490	0
Sample468	55	714	0	212
Sample469	38	551	403	0
Sample470	37	519	444	0
Sample471	31	468	529	0
Sample472	30	461	544	0
Sample473	36	526	456	0
Sample474	30	442	549	0
Sample475	23	505	442	0
Sample476	49	667	302	0
Sample477	44	592	353	0
Sample478	40	571	369	0
Sample479	38	551	426	0
Sample480	24	341	615	0
Sample481	39	510	437	0
Sample482	43	549	387	0
Sample483	39	579	396	0
Sample484	38	528	420	0
Sample485	40	553	393	0
Sample486	46	636	307	0
Sample487	22	342	619	0
Sample488	39	587	382	0
Sample489	42	542	388	0
Sample490	37	533	438	0
Sample491	15	0	964	0
Sample492	15	0	716	286
Sample493	31	485	507	0
Sample494	24	304	641	0
Sample495	38	540	403	0
Sample496	0	279	392	301
Sample497	40	523	429	0
Sample498	23	408	581	0
Sample499	38	540	414	0
Sample500	23	404	586	0
Sample501	25	428	555	0
Sample502	40	570	382	0
Sample503	36	498	479	0
Sample504	37	527	454	0
Sample505	34	566	416	0
Sample506	19	383	572	0
Sample507	56	723	0	201
Sample508	40	569	391	0
Sample509	13	0	725	276
Sample510	0	341	357	286
Sample511	0	321	376	318
Sample512	34	521	470	0
Sample513	58	707	0	223
Sample514	0	540	0	486
Sample515	39	542	419	0
Sample516	18	0	577	413
Sample517	39	574	395	0
Sample518	40	581	364	0
Sample519	54	697	0	249
Sample520	38	548	406	0
Sample521	55	692	0	245
Sample522	0	288	416	275
Sample523	25	349	605	0
Sample524	36	535	437	0
Sample525	37	503	0	468
Sample526	38	496	445	0
Sample527	16	0	547	445
Sample528	38	449	485	0
Sample529	39	539	401	0
Sample530	23	525	437	0
Sample531	54	674	0	264
Sample532	0	252	314	447
Sample533	42	621	316	0
Sample534	25	314	627	0
Sample535	31	465	528	0
Sample536	38	581	381	0
Sample537	39	554	399	0
Sample538	38	519	435	0
Sample539	0	665	0	349
Sample540	11	0	662	342
Sample541	38	493	461	0
Sample542	21	288	665	0
Sample543	36	528	436	0
Sample544	41	576	363	0
Sample545	0	241	304	481
Sample546	28	415	591	0
Sample547	55	652	0	272
Sample548	31	634	361	0
Sample549	32	431	537	0
Sample550	58	710	0	220
Sample551	40	555	384	0
Sample552	36	501	463	0
Sample553	40	568	376	0
Sample554	42	627	331	0
Sample555	21	329	635	0
Sample556	36	505	479	0
Sample557	40	530	417	0
Sample558	55	699	0	231
Sample559	37	541	422	0
Sample560	0	320	434	223
Sample561	0	574	0	425
Sample562	39	568	401	0
Sample563	13	0	971	0
Sample564	42	529	408	0
Sample565	39	612	363	0
Sample566	40	555	424	0
Sample567	59	682	0	232
Sample568	30	468	471	0
Sample569	23	347	624	0
Sample570	42	643	307	0
Sample571	42	605	338	0
Sample572	0	310	368	294
Sample573	26	552	446	0
Sample574	38	524	418	0
Sample575	0	272	313	432
Sample576	0	574	0	425
Sample577	35	518	447	0
Sample578	35	562	417	0
Sample579	23	387	573	0
Sample580	57	705	0	219
Sample581	39	601	368	0
Sample582	0	255	428	321
Sample583	56	699	0	237
Sample584	28	408	531	0
Sample585	0	574	0	425
Sample586	37	513	450	0
Sample587	17	0	595	413
Sample588	38	513	441	0
Sample589	30	440	544	0
Sample590	22	328	624	0
Sample591	37	503	440	0
Sample592	26	380	629	0
Sample593	18	264	690	0
Sample594	26	333	628	0
Sample595	36	540	432	0
Sample596	0	313	357	352
Sample597	0	347	419	242
Sample598	29	416	590	0
Sample599	40	548	404	0
Sample600	0	211	380	414
Sample601	40	593	359	0
Sample602	33	444	531	0
Sample603	48	610	0	350
Sample604	39	562	413	0
Sample605	33	511	472	0
Sample606	53	674	0	291
Sample607	0	443	382	202
Sample608	41	603	340	0
Sample609	38	534	413	0
Sample610	0	283	433	298
Sample611	38	530	440	0
Sample612	0	261	435	285
Sample613	41	602	357	0
Sample614	13	0	598	396
Sample615	54	696	0	235
Sample616	39	515	425	0
Sample617	12	0	697	306
Sample618	39	552	409	0
Sample619	44	579	366	0
Sample620	54	717	0	209
Sample621	39	529	424	0
Sample622	39	550	403	0
Sample623	52	623	0	354
Sample624	21	303	648	0
Sample625	0	269	443	282
Sample626	32	477	515	0
Sample627	0	266	366	388
Sample628	0	305	438	274
Sample629	38	533	437	0
Sample630	40	518	405	0
Sample631	36	475	475	0
Sample632	39	550	419	0
Sample633	27	375	566	0
Sample634	26	363	585	0
Sample635	55	686	0	244
Sample636	43	582	363	0
Sample637	35	505	475	0
Sample638	39	573	388	0
Sample639	40	604	334	0
Sample640	24	325	631	0
Sample641	39	578	375	0
Sample642	41	535	413	0
Sample643	0	258	372	384
Sample644	33	502	493	0
Sample645	38	538	405	0
Sample646	0	334	399	280
Sample647	22	302	661	0
Sample648	13	0	738	251
Sample649	34	476	490	0
Sample650	42	602	364	0
Sample651	37	525	430	0
Sample652	36	529	453	0
Sample653	39	563	390	0
Sample654	30	466	531	0
Sample655	36	492	464	0
Sample656	39	579	382	0
Sample657	53	692	0	240
Sample658	37	670	334	0
Sample659	0	258	496	220
Sample660	0	317	428	272
Sample661	25	338	604	0
Sample662	24	292	653	0
Sample663	0	365	457	193
Sample664	40	562	383	0
Sample665	0	256	415	345
Sample666	1	0	1004	0
Sample667	39	701	292	0
Sample668	46	641	302	0
Sample669	0	262	383	362
Sample670	37	485	493	0
Sample671	20	301	673	0
Sample672	37	543	428	0
Sample673	40	570	382	0
Sample674	0	308	388	312
Sample675	39	559	387	0
Sample676	0	291	418	307
Sample677	30	561	424	0
Sample678	0	341	371	296
Sample679	28	384	563	0
Sample680	55	703	0	221
Sample681	36	488	476	0
Sample682	35	473	484	0
Sample683	38	529	418	0
Sample684	40	579	373	0
Sample685	17	411	583	0
Sample686	37	540	431	0
Sample687	35	494	479	0
Sample688	40	588	364	0
Sample689	37	533	438	0
Sample690	13	348	656	0
Sample691	47	687	237	0
Sample692	38	597	373	0
Sample693	40	564	382	0
Sample694	38	513	449	0
Sample695	40	578	382	0
Sample696	38	553	394	0
Sample697	27	377	573	0
Sample698	54	653	0	274
Sample699	23	379	606	0
Sample700	29	449	556	0
Sample701	40	582	393	0
Sample702	37	467	509	0
Sample703	0	307	403	303
Sample704	38	555	421	0
Sample705	28	411	529	0
Sample706	39	587	374	0
Sample707	58	714	0	217
Sample708	22	368	597	0
Sample709	25	460	516	0
Sample710	40	605	333	0
Sample711	21	319	647	0
Sample712	22	362	597	0
Sample713	45	624	320	0
Sample714	30	434	551	0
Sample715	36	485	506	0
Sample716	38	528	434	0
Sample717	38	449	485	0
Sample718	19	278	683	0
Sample719	30	469	535	0
Sample720	55	655	0	275
Sample721	42	551	394	0
Sample722	29	410	576	0
Sample723	39	570	404	0
Sample724	40	589	386	0
Sample725	23	362	616	0
Sample726	11	318	638	0
Sample727	42	532	414	0
Sample728	32	491	493	0
Sample729	42	542	402	0
Sample730	25	340	618	0
Sample731	27	394	613	0
Sample732	38	544	410	0
Sample733	38	494	454	0
Sample734	37	489	457	0
Sample735	39	558	403	0
Sample736	41	603	356	0
Sample737	30	400	552	0
Sample738	14	372	633	0
Sample739	42	529	416	0
Sample740	38	526	416	0
Sample741	40	517	431	0
Sample742	0	316	376	324
Sample743	38	537	410	0
Sample744	40	535	413	0
Sample745	35	540	445	0
Sample746	55	650	0	275
Sample747	0	341	438	235
Sample748	24	313	643	0
Sample749	38	526	417	0
Sample750	30	427	571	0
Sample751	30	567	421	0
Sample752	38	449	485	0
Sample753	37	470	479	0
Sample754	40	551	395	0
Sample755	39	537	409	0
Sample756	37	527	436	0
Sample757	20	310	653	0
Sample758	22	368	595	0
Sample759	0	397	404	221
Sample760	41	610	334	0
Sample761	38	544	426	0
Sample762	36	494	470	0
Sample763	40	550	395	0
Sample764	26	317	627	0
Sample765	38	532	430	0
Sample766	55	711	0	214
Sample767	38	489	455	0
Sample768	40	593	382	0
Sample769	0	320	427	234
Sample770	41	554	383	0
Sample771	35	488	503	0
Sample772	31	569	384	0
Sample773	38	512	430	0
Sample774	38	502	440	0
Sample775	52	563	0	363
Sample776	38	449	485	0
Sample777	0	280	492	242
Sample778	43	664	285	0
Sample779	23	282	674	0
Sample780	34	485	495	0
Sample781	36	482	495	0
Sample782	40	572	368	0
Sample783	35	482	483	0
Sample784	0	256	371	387
Sample785	36	497	485	0
Sample786	55	674	0	256
Sample787	38	565	405	0
Sample788	23	326	633	0
Sample789	18	0	955	0
Sample790	38	538	424	0
Sample791	45	713	250	0
Sample792	33	558	443	0
Sample793	21	607	395	0
Sample794	51	549	0	367
Sample795	38	562	417	0
Sample796	0	370	342	276
Sample797	55	705	0	240
Sample798	32	478	512	0
Sample799	20	277	677	0
Sample800	36	516	440	0
Sample801	39	571	390	0
Sample802	32	421	516	0
Sample803	55	711	0	242
Sample804	37	561	420	0
Sample805	57	710	0	214
Sample806	56	726	0	208
Sample807	38	555	421	0
Sample808	37	412	521	0
Sample809	13	0	968	0
Sample810	39	558	388	0
Sample811	37	530	433	0
Sample812	35	471	520	0
Sample813	41	520	418	0
Sample814	40	556	390	0
Sample815	39	538	423	0
Sample816	15	0	965	0
Sample817	31	437	566	0
Sample818	26	425	542	0
Sample819	20	441	522	0
Sample820	0	336	422	218
Sample821	36	526	457	0
Sample822	40	571	373	0
Sample823	39	565	396	0
Sample824	57	710	0	214
Sample825	21	292	667	0
Sample826	20	282	672	0
Sample827	36	529	443	0
Sample828	0	417	397	194
Sample829	39	526	427	0
Sample830	9	295	705	0
Sample831	42	538	399	0
Sample832	29	433	565	0
Sample833	35	479	478	0
Sample834	27	525	461	0
Sample835	38	449	485	0
Sample836	53	719	0	213
Sample837	24	311	653	0
Sample838	40	547	392	0
Sample839	38	563	417	0
Sample840	0	580	0	428
Sample841	24	346	611	0
Sample842	55	725	0	239
Sample843	38	449	485	0
Sample844	40	561	391	0
Sample845	27	388	551	0
Sample846	0	234	412	369
Sample847	47	546	0	408
Sample848	37	526	445	0
Sample849	0	252	379	382
Sample850	29	603	367	0
Sample851	21	525	468	0
Sample852	40	609	359	0
Sample853	24	300	663	0
Sample854	28	404	536	0
Sample855	38	449	485	0
Sample856	38	555	421	0
Sample857	0	342	418	220
Sample858	39	567	374	0
Sample859	0	266	346	396
Sample860	36	497	459	0
Sample861	37	527	436	0
Sample862	31	550	427	0
Sample863	40	584	368	0
Sample864	39	545	416	0
Sample865	22	289	656	0
Sample866	38	563	399	0
Sample867	39	553	408	0
Sample868	39	456	468	0
Sample869	0	694	0	326
Sample870	55	658	0	301
Sample871	38	533	448	0
Sample872	38	449	485	0
Sample873	29	444	561	0
Sample874	38	555	421	0
Sample875	38	612	312	0
Sample876	41	602	336	0
Sample877	38	449	485	0
Sample878	0	0	1015	0
Sample879	40	591	350	0
Sample880	23	505	442	0
Sample881	32	474	509	0
Sample882	38	562	417	0
Sample883	38	485	462	0
Sample884	40	617	358	0
Sample885	38	530	432	0
Sample886	37	537	441	0
Sample887	38	500	454	0
Sample888	43	574	362	0
Sample889	9	297	674	0
Sample890	38	555	421	0
Sample891	21	514	465	0
Sample892	40	536	404	0
Sample893	39	570	383	0
Sample894	0	337	348	303
Sample895	0	246	365	405
Sample896	20	314	643	0
Sample897	58	689	0	225
Sample898	0	574	0	425
Sample899	40	589	363	0
Sample900	26	335	606	0
Sample901	38	567	413	0
Sample902	36	502	462	0
Sample903	0	337	430	207
Sample904	40	566	408	0
Sample905	35	485	480	0
Sample906	21	481	485	0
Sample907	55	691	0	233
Sample908	33	501	488	0
Sample909	37	536	441	0
Sample910	8	294	704	0
Sample911	38	554	400	0
Sample912	39	524	416	0
Sample913	23	301	657	0
Sample914	36	469	476	0
Sample915	42	606	332	0
Sample916	0	216	463	320
Sample917	39	569	406	0
Sample918	42	524	421	0
Sample919	0	276	349	361
Sample920	24	393	557	0
Sample921	27	417	580	0
Sample922	37	529	442	0
Sample923	38	559	388	0
Sample924	23	399	559	0
Sample925	30	447	546	0
Sample926	42	606	332	0
Sample927	39	540	421	0
Sample928	20	298	658	0
Sample929	34	459	521	0
Sample930	23	375	577	0
Sample931	38	449	485	0
Sample932	39	554	399	0
Sample933	0	384	344	293
Sample934	0	617	0	397
Sample935	44	586	358	0
Sample936	0	318	407	293
Sample937	0	268	394	341
Sample938	54	703	0	228
Sample939	40	555	390	0
Sample940	14	0	595	390
Sample941	38	449	485	0
Sample942	0	365	427	223
Sample943	24	353	661	0
Sample944	47	666	322	0
Sample945	41	596	348	0
Sample946	0	216	384	408
Sample947	0	246	421	349
Sample948	56	691	0	238
Sample949	49	520	0	405
Sample950	38	449	485	0
Sample951	35	487	486	0
Sample952	0	232	455	313
Sample953	40	579	381	0
Sample954	35	467	490	0
Sample955	42	610	325	0
Sample956	54	709	0	222
Sample957	23	412	580	0
Sample958	35	514	465	0
Sample959	39	597	383	0
Sample960	0	275	371	373
Sample961	36	556	428	0
Sample962	54	709	0	229
Sample963	0	282	411	325
Sample964	38	449	485	0
Sample965	27	387	568	0
Sample966	28	431	556	0
Sample967	23	524	433	0
Sample968	14	370	624	0
Sample969	0	351	382	241
Sample970	23	291	670	0
Sample971	0	574	0	425
Sample972	45	535	428	0
Sample973	38	449	485	0
Sample974	40	582	386	0
Sample975	38	449	485	0
Sample976	28	404	555	0
Sample977	37	539	432	0
Sample978	39	512	435	0
Sample979	25	418	539	0
Sample980	34	526	451	0
Sample981	41	597	340	0
Sample982	39	532	421	0
Sample983	37	504	482	0
Sample984	37	533	438	0
Sample985	28	380	580	0
Sample986	30	443	554	0
Sample987	40	592	376	0
Sample988	37	538	439	0
Sample989	41	613	338	0
Sample990	31	514	439	0
Sample991	42	613	323	0
Sample992	40	584	384	0
Sample993	56	656	0	296
Sample994	40	572	406	0
Sample995	33	407	587	0
Sample996	38	542	412	0
Sample997	37	501	454	0
Sample998	0	345	405	258
Sample999	26	380	575	0
Sample1000	41	596	343	0
Sample1001	36	540	450	0
Sample1002	39	567	394	0
Sample1003	40	553	386	0
Sample1004	24	298	655	0
Sample1005	40	541	397	0
Sample1006	34	499	475	0
Sample1007	40	550	410	0
Sample1008	28	412	546	0
Sample1009	42	622	336	0
Sample1010	55	720	0	240
Sample1011	40	585	390	0
Sample1012	48	672	297	0
Sample1013	37	527	436	0
Sample1014	21	288	672	0
Sample1015	35	487	478	0
Sample1016	34	520	460	0
Sample1017	19	0	512	487
Sample1018	39	580	381	0
Sample1019	31	453	484	0
Sample1020	37	533	438	0
Sample1021	0	273	371	364
Sample1022	38	520	428	0
Sample1023	38	449	485	0
Sample1024	0	294	404	318
Sample1025	34	467	499	0
Sample1026	30	665	340	0
Sample1027	39	602	367	0
Sample1028	0	362	363	294
Sample1029	22	339	619	0
Sample1030	40	564	381	0
Sample1031	38	449	485	0
Sample1032	0	301	450	261
Sample1033	0	316	365	324
Sample1034	34	517	470	0
Sample1035	55	718	0	212
Sample1036	21	301	657	0
Sample1037	27	387	615	0
Sample1038	0	258	328	422
Sample1039	32	639	337	0
Sample1040	55	669	0	284
Sample1041	41	463	482	0
Sample1042	42	545	401	0
Sample1043	38	449	485	0
Sample1044	0	361	434	199
Sample1045	40	531	418	0
Sample1046	37	545	445	0
Sample1047	35	458	526	0
Sample1048	40	555	385	0
Sample1049	42	634	302	0
Sample1050	54	678	0	253
Sample1051	27	349	597	0
Sample1052	23	300	656	0
Sample1053	40	595	357	0
Sample1054	0	384	446	185
Sample1055	28	432	576	0
Sample1056	39	576	393	0
Sample1057	38	538	416	0
Sample1058	22	301	649	0
Sample1059	0	476	0	542
Sample1060	0	249	328	428
Sample1061	48	598	0	341
Sample1062	46	556	0	385
Sample1063	24	331	619	0
Sample1064	38	555	407	0
Sample1065	39	552	394	0
Sample1066	25	313	627	0
Sample1067	39	556	384	0
Sample1068	38	535	435	0
Sample1069	38	449	485	0
Sample1070	9	300	698	0
Sample1071	28	436	552	0
Sample1072	34	473	501	0
Sample1073	22	326	406	264
Sample1074	20	417	538	0
Sample1075	36	480	484	0
Sample1076	38	565	405	0
Sample1077	46	703	0	251
Sample1078	55	677	0	253
Sample1079	40	689	290	0
Sample1080	13	0	962	0
Sample1081	37	539	432	0
Sample1082	39	553	400	0
Sample1083	36	529	443	0
Sample1084	0	344	447	244
Sample1085	40	576	376	0
Sample1086	39	538	409	0
Sample1087	41	547	398	0
Sample1088	38	477	470	0
Sample1089	57	711	0	213
Sample1090	26	379	630	0
Sample1091	36	485	479	0
Sample1092	37	521	450	0
Sample1093	55	694	0	231
Sample1094	38	532	422	0
Sample1095	0	245	354	401
Sample1096	41	607	337	0
Sample1097	40	533	413	0
Sample1098	38	530	440	0
Sample1099	22	424	529	0
Sample1100	15	0	622	370
Sample1101	36	529	454	0
Sample1102	0	260	327	409
Sample1103	0	282	388	338
Sample1104	45	507	0	429
Sample1105	41	636	331	0
Sample1106	41	566	393	0
Sample1107	38	523	431	0
Sample1108	37	533	415	0
Sample1109	17	548	406	0
Sample1110	55	691	0	254
Sample1111	27	378	577	0
Sample1112	40	528	413	0
Sample1113	30	605	388	0
Sample1114	0	414	418	194
Sample1115	38	526	416	0
Sample1116	35	499	466	0
Sample1117	51	671	286	0
Sample1118	39	518	422	0
Sample1119	28	366	571	0
Sample1120	27	500	481	0
Sample1121	0	313	425	294
Sample1122	0	342	386	273
Sample1123	28	387	571	0
Sample1124	38	523	439	0
Sample1125	36	527	461	0
Sample1126	37	553	425	0
Sample1127	37	490	457	0
Sample1128	38	514	440	0
Sample1129	23	359	600	0
Sample1130	0	336	299	350
Sample1131	37	533	438	0
Sample1132	0	366	381	275
Sample1133	32	488	507	0
Sample1134	25	327	616	0
Sample1135	0	251	400	363
Sample1136	0	404	371	241
Sample1137	36	495	469	0
Sample1138	33	509	472	0
Sample1139	33	485	509	0
Sample1140	30	417	521	0
Sample1141	38	449	485	0
Sample1142	38	449	485	0
Sample1143	31	467	523	0
Sample1144	22	444	557	0
Sample1145	0	234	386	376
Sample1146	35	528	463	0
Sample1147	26	378	571	0
Sample1148	38	546	408	0
Sample1149	31	490	515	0
Sample1150	40	587	365	0
Sample1151	23	400	578	0
Sample1152	0	235	342	438
Sample1153	38	449	485	0
Sample1154	10	299	664	0
Sample1155	47	572	0	368
Sample1156	43	591	355	0
Sample1157	39	512	435	0
Sample1158	38	507	463	0
Sample1159	25	334	616	0
Sample1160	0	255	396	356
Sample1161	52	666	0	296
Sample1162	42	624	319	0
Sample1163	49	596	0	328
Sample1164	37	539	432	0
Sample1165	20	308	654	0
Sample1166	55	691	0	239
Sample1167	0	282	386	328
Sample1168	36	460	512	0
Sample1169	38	545	425	0
Sample1170	39	514	426	0
Sample1171	25	308	634	0
Sample1172	40	578	374	0
Sample1173	47	629	287	0
Sample1174	42	551	395	0
Sample1175	36	501	471	0
Sample1176	37	492	479	0
Sample1177	41	566	371	0
Sample1178	22	334	624	0
Sample1179	37	551	404	0
Sample1180	40	558	388	0
Sample1181	38	555	421	0
Sample1182	0	0	1022	0
Sample1183	39	561	400	0
Sample1184	41	594	373	0
Sample1185	32	566	382	0
Sample1186	56	704	0	232
Sample1187	37	522	462	0
Sample1188	36	493	485	0
Sample1189	0	402	400	215
Sample1190	55	680	0	245
Sample1191	19	297	669	0
Sample1192	19	268	695	0
Sample1193	29	592	407	0
Sample1194	16	0	960	0
Sample1195	37	524	439	0
Sample1196	40	583	377	0
Sample1197	0	266	389	343
Sample1198	38	562	419	0
Sample1199	37	533	438	0
Sample1200	23	336	621	0
Sample1201	20	323	639	0
Sample1202	57	651	0	292
Sample1203	37	535	436	0
Sample1204	39	550	403	0
Sample1205	37	579	396	0
Sample1206	41	608	343	0
Sample1207	37	518	437	0
Sample1208	46	600	378	0
Sample1209	24	536	412	0
Sample1210	55	696	0	234
Sample1211	34	436	515	0
Sample1212	38	535	427	0
Sample1213	55	727	0	218
Sample1214	28	378	580	0
Sample1215	40	586	352	0
Sample1216	37	532	458	0
Sample1217	38	539	408	0
Sample1218	0	265	344	404
Sample1219	26	362	594	0
Sample1220	38	541	406	0
Sample1221	14	0	590	366
Sample1222	37	562	426	0
Sample1223	0	327	433	234
Sample1224	34	606	350	0
Sample1225	38	561	416	0
Sample1226	35	518	473	0
Sample1227	43	581	364	0
Sample1228	56	643	264	0
Sample1229	22	282	672	0
Sample1230	0	590	0	394
Sample1231	28	423	582	0
Sample1232	41	533	414	0
Sample1233	37	523	420	0
Sample1234	31	466	518	0
Sample1235	0	283	435	295
Sample1236	39	534	407	0
Sample1237	38	555	421	0
Sample1238	26	390	558	0
Sample1239	40	564	388	0
Sample1240	26	458	503	0
Sample1241	0	360	325	287
Sample1242	38	513	449	0
Sample1243	12	0	969	0
Sample1244	29	407	587	0
Sample1245	24	316	639	0
Sample1246	54	681	0	273
Sample1247	41	581	359	0
Sample1248	26	405	597	0
Sample1249	39	534	419	0
Sample1250	16	0	963	0
Sample1251	54	709	0	222
Sample1252	0	349	368	270
Sample1253	37	532	439	0
Sample1254	40	576	376	0
Sample1255	40	548	397	0
Sample1256	37	521	450	0
Sample1257	39	546	415	0
Sample1258	38	502	439	0
Sample1259	36	522	450	0
Sample1260	23	339	622	0
Sample1261	0	208	429	381
Sample1262	42	551	387	0
Sample1263	39	564	389	0
Sample1264	34	531	457	0
Sample1265	45	601	334	0
Sample1266	25	313	636	0
Sample1267	27	392	556	0
Sample1268	35	490	493	0
Sample1269	54	694	0	244
Sample1270	23	321	637	0
Sample1271	35	499	481	0
Sample1272	0	401	362	211
Sample1273	37	542	436	0
Sample1274	46	539	0	416
Sample1275	24	319	638	0
Sample1276	0	248	442	325
Sample1277	38	449	485	0
Sample1278	19	309	656	0
Sample1279	37	480	469	0
Sample1280	0	292	290	404
Sample1281	0	243	345	420
Sample1282	25	360	594	0
Sample1283	17	0	635	350
Sample1284	37	527	436	0
Sample1285	21	344	636	0
Sample1286	50	694	220	0
Sample1287	59	672	0	249
Sample1288	23	344	614	0
Sample1289	42	562	385	0
Sample1290	36	468	504	0
Sample1291	0	335	461	223
Sample1292	55	724	0	229
Sample1293	37	536	419	0
Sample1294	39	532	442	0
Sample1295	37	511	452	0
Sample1296	0	372	382	254
Sample1297	0	329	293	386
Sample1298	27	373	565	0
Sample1299	15	348	655	0
Sample1300	36	489	475	0
Sample1301	37	514	457	0
Sample1302	17	374	630	0
Sample1303	43	597	352	0
Sample1304	49	600	359	0
Sample1305	46	543	0	423
Sample1306	0	411	379	244
Sample1307	37	527	454	0
Sample1308	25	298	650	0
Sample1309	40	588	364	0
Sample1310	33	646	304	0
Sample1311	23	318	645	0
Sample1312	12	0	577	385
Sample1313	0	304	452	212
Sample1314	41	593	351	0
Sample1315	0	232	389	381
Sample1316	38	449	485	0
Sample1317	40	585	383	0
Sample1318	43	571	366	0
Sample1319	38	449	485	0
Sample1320	40	564	404	0
Sample1321	23	296	649	0
Sample1322	0	317	343	355
Sample1323	0	483	0	518
Sample1324	18	372	578	0
Sample1325	38	547	415	0
Sample1326	25	367	583	0
Sample1327	26	354	587	0
Sample1328	39	541	400	0
Sample1329	40	548	420	0
Sample1330	55	693	0	237
Sample1331	22	279	665	0
Sample1332	0	233	398	376
Sample1333	38	521	449	0
Sample1334	10	0	665	298
Sample1335	14	0	974	0
Sample1336	39	578	368	0
Sample1337	38	545	417	0
Sample1338	10	361	630	0
Sample1339	41	580	371	0
Sample1340	24	329	627	0
Sample1341	35	517	464	0
Sample1342	28	422	585	0
Sample1343	43	590	348	0
Sample1344	46	562	409	0
Sample1345	38	607	382	0
Sample1346	39	568	378	0
Sample1347	28	392	554	0
Sample1348	40	536	412	0
Sample1349	19	265	689	0
Sample1350	47	610	324	0
Sample1351	12	0	727	292
Sample1352	38	544	426	0
Sample1353	0	300	369	347
Sample1354	25	366	591	0
Sample1355	18	0	961	0
Sample1356	40	580	365	0
Sample1357	55	664	0	266
Sample1358	0	269	371	375
Sample1359	38	549	405	0
Sample1360	42	571	376	0
Sample1361	24	313	643	0
Sample1362	15	0	965	0
Sample1363	28	409	538	0
Sample1364	37	532	410	0
Sample1365	31	483	520	0
Sample1366	37	555	426	0
Sample1367	36	513	470	0
Sample1368	36	520	452	0
Sample1369	10	321	672	0
Sample1370	30	511	439	0
Sample1371	37	509	462	0
Sample1372	41	545	395	0
Sample1373	28	397	603	0
Sample1374	39	544	409	0
Sample1375	36	537	427	0
Sample1376	58	681	0	249
Sample1377	41	586	365	0
Sample1378	39	567	374	0
Sample1379	42	555	390	0
Sample1380	48	555	0	415
Sample1381	26	413	545	0
Sample1382	32	428	526	0
Sample1383	29	410	547	0
Sample1384	0	350	482	202
Sample1385	28	407	547	0
Sample1386	37	551	420	0
Sample1387	36	493	471	0
Sample1388	35	509	464	0
Sample1389	40	581	387	0
Sample1390	12	0	977	0
Sample1391	35	526	466	0
Sample1392	29	396	565	0
Sample1393	21	289	670	0
Sample1394	44	634	311	0
Sample1395	38	561	416	0
Sample1396	55	683	0	262
Sample1397	40	585	367	0
Sample1398	35	591	355	0
Sample1399	38	491	471	0
Sample1400	40	594	358	0
Sample1401	37	511	452	0
Sample1402	36	650	356	0
Sample1403	28	425	522	0
Sample1404	37	519	425	0
Sample1405	38	521	433	0
Sample1406	1	0	1013	0
Sample1407	39	559	394	0
Sample1408	25	337	619	0
Sample1409	36	491	481	0
Sample1410	37	527	436	0
Sample1411	0	326	365	291
Sample1412	22	410	569	0
Sample1413	37	533	438	0
Sample1414	41	598	361	0
Sample1415	23	368	581	0
Sample1416	12	0	982	0
Sample1417	54	714	0	224
Sample1418	39	559	402	0
Sample1419	21	409	538	0
Sample1420	41	618	359	0
Sample1421	34	457	535	0
Sample1422	39	423	0	534
Sample1423	0	214	414	342
Sample1424	49	574	0	357
Sample1425	35	510	463	0
Sample1426	27	356	590	0
Sample1427	37	533	438	0
Sample1428	9	311	661	0
Sample1429	44	612	333	0
Sample1430	27	388	620	0
Sample1431	37	542	435	0
Sample1432	39	544	409	0
Sample1433	38	449	485	0
Sample1434	27	395	565	0
Sample1435	39	585	368	0
Sample1436	41	591	347	0
Sample1437	40	551	423	0
Sample1438	40	593	352	0
Sample1439	38	449	485	0
Sample1440	34	468	511	0
Sample1441	26	367	642	0
Sample1442	36	528	451	0
Sample1443	39	533	408	0
Sample1444	22	278	666	0
Sample1445	28	367	579	0
Sample1446	36	553	437	0
Sample1447	23	284	667	0
Sample1448	38	527	421	0
Sample1449	55	690	0	247
Sample1450	35	516	464	0
Sample1451	0	375	365	261
Sample1452	38	539	423	0
Sample1453	38	520	428	0
Sample1454	0	286	428	305
Sample1455	40	568	392	0
Sample1456	40	617	335	0
Sample1457	43	582	355	0
Sample1458	0	285	461	272
Sample1459	36	519	453	0
Sample1460	24	299	658	0
Sample1461	40	565	375	0
Sample1462	15	359	642	0
Sample1463	27	566	436	0
Sample1464	38	539	423	0
Sample1465	57	694	0	222
Sample1466	39	549	404	0
Sample1467	13	351	653	0
Sample1468	36	504	487	0
Sample1469	55	679	0	266
Sample1470	34	442	524	0
Sample1471	20	416	535	0
Sample1472	23	280	681	0
Sample1473	21	336	366	293
Sample1474	28	443	552	0
Sample1475	40	554	386	0
Sample1476	14	0	974	0
Sample1477	0	345	430	214
Sample1478	39	549	412	0
Sample1479	39	559	387	0
Sample1480	39	526	414	0
Sample1481	0	293	296	419
Sample1482	38	538	416	0
Sample1483	40	537	402	0
Sample1484	0	743	0	235
Sample1485	38	544	426	0
Sample1486	39	551	410	0
Sample1487	27	398	563	0
Sample1488	37	515	456	0
Sample1489	38	544	403	0
Sample1490	46	717	0	215
Sample1491	15	0	699	297
Sample1492	30	445	552	0
Sample1493	0	406	381	249
Sample1494	14	0	632	372
Sample1495	39	575	378	0
Sample1496	36	454	496	0
Sample1497	34	475	517	0
Sample1498	41	577	374	0
Sample1499	40	564	377	0
Sample1500	9	289	677	0
Sample1501	24	332	618	0
Sample1502	0	520	0	499
Sample1503	35	512	470	0
Sample1504	0	408	428	182
Sample1505	37	520	435	0
Sample1506	0	217	423	378
Sample1507	44	596	378	0
Sample1508	10	307	686	0
Sample1509	38	513	441	0
Sample1510	39	550	403	0
Sample1511	34	493	500	0
Sample1512	38	449	485	0
Sample1513	36	526	453	0
Sample1514	42	579	359	0
Sample1515	40	579	381	0
Sample1516	37	524	439	0
Sample1517	38	505	477	0
Sample1518	34	451	535	0
Sample1519	38	449	485	0
Sample1520	15	0	705	297
Sample1521	36	517	447	0
Sample1522	13	411	577	0
Sample1523	38	556	420	0
Sample1524	0	540	0	476
Sample1525	31	582	405	0
Sample1526	40	569	370	0
Sample1527	55	692	0	238
Sample1528	0	302	389	323
Sample1529	36	488	468	0
Sample1530	18	345	605	0
Sample1531	0	430	433	163
Sample1532	38	516	438	0
Sample1533	0	574	0	425
Sample1534	0	349	378	267
Sample1535	32	486	503	0
Sample1536	55	694	0	259
Sample1537	36	543	436	0
Sample1538	38	505	465	0
Sample1539	37	588	390	0
Sample1540	40	559	380	0
Sample1541	56	700	0	244
Sample1542	5	0	1010	0
Sample1543	31	434	503	0
Sample1544	38	505	449	0
Sample1545	38	547	429	0
Sample1546	0	328	394	245
Sample1547	38	535	419	0
Sample1548	0	296	443	274
Sample1549	43	575	354	0
Sample1550	42	551	387	0
Sample1551	0	323	423	262
Sample1552	0	574	0	425
Sample1553	23	299	659	0
Sample1554	24	314	649	0
Sample1555	0	223	453	339
Sample1556	28	476	459	0
Sample1557	39	557	384	0
Sample1558	37	542	421	0
Sample1559	27	369	584	0
Sample1560	38	500	462	0
Sample1561	54	716	0	210
Sample1562	40	560	380	0
Sample1563	28	422	574	0
Sample1564	0	574	0	425
Sample1565	26	362	577	0
Sample1566	24	368	595	0
Sample1567	0	319	423	267
Sample1568	37	533	438	0
Sample1569	32	435	541	0
Sample1570	30	458	542	0
Sample1571	35	516	464	0
Sample1572	11	373	629	0
Sample1573	56	682	0	262
Sample1574	0	395	397	219
Sample1575	38	449	485	0
Sample1576	0	263	516	233
Sample1577	24	295	661	0
Sample1578	14	0	959	0
Sample1579	55	678	0	282
Sample1580	38	531	439	0
Sample1581	0	331	392	242
Sample1582	38	571	399	0
Sample1583	40	596	356	0
Sample1584	28	398	608	0
Sample1585	39	559	387	0
Sample1586	26	330	631	0
Sample1587	40	570	375	0
Sample1588	0	276	400	338
Sample1589	46	589	389	0
Sample1590	25	355	600	0
Sample1591	54	691	0	270
Sample1592	14	0	961	0
Sample1593	36	524	467	0
Sample1594	42	645	297	0
Sample1595	48	559	0	369
Sample1596	34	468	516	0
Sample1597	26	323	617	0
Sample1598	39	567	394	0
Sample1599	0	407	332	267
Sample1600	27	411	589	0
Sample1601	40	561	407	0
Sample1602	39	514	433	0
Sample1603	41	648	319	0
Sample1604	26	359	651	0
Sample1605	25	301	651	0
Sample1606	22	296	656	0
Sample1607	40	601	359	0
Sample1608	38	540	414	0
Sample1609	37	523	432	0
Sample1610	37	520	469	0
Sample1611	27	380	629	0
Sample1612	38	549	441	0
Sample1613	35	487	486	0
Sample1614	35	502	477	0
Sample1615	2	0	963	0
Sample1616	38	563	425	0
Sample1617	23	329	630	0
Sample1618	38	449	485	0
Sample1619	10	344	648	0
Sample1620	0	574	0	425
Sample1621	39	582	363	0
Sample1622	38	570	384	0
Sample1623	37	524	423	0
Sample1624	28	409	587	0
Sample1625	36	506	466	0
Sample1626	0	553	0	455
Sample1627	12	0	691	304
Sample1628	27	397	602	0
Sample1629	38	567	395	0
Sample1630	29	407	540	0
Sample1631	30	445	539	0
Sample1632	0	276	406	334
Sample1633	57	705	221	0
Sample1634	39	554	407	0
Sample1635	39	545	416	0
Sample1636	24	280	663	0
Sample1637	28	424	535	0
Sample1638	40	549	397	0
Sample1639	41	590	361	0
Sample1640	56	689	0	241
Sample1641	39	567	402	0
Sample1642	0	285	418	272
Sample1643	39	546	428	0
Sample1644	29	411	526	0
Sample1645	38	449	485	0
Sample1646	35	493	498	0
Sample1647	0	252	405	361
Sample1648	27	369	580	0
Sample1649	22	396	598	0
Sample1650	24	323	632	0
Sample1651	0	293	448	253
Sample1652	0	271	351	391
Sample1653	25	371	592	0
Sample1654	36	488	494	0
Sample1655	23	268	690	0
Sample1656	38	449	485	0
Sample1657	35	496	461	0
Sample1658	32	479	519	0
Sample1659	42	599	349	0
Sample1660	39	550	419	0
Sample1661	37	532	450	0
Sample1662	24	332	617	0
Sample1663	35	453	520	0
Sample1664	55	676	0	254
Sample1665	58	687	0	227
Sample1666	16	421	581	0
Sample1667	5	0	1010	0
Sample1668	19	0	954	0
Sample1669	24	305	639	0
Sample1670	26	522	434	0
Sample1671	38	555	421	0
Sample1672	57	705	221	0
Sample1673	34	460	514	0
Sample1674	37	533	438	0
Sample1675	40	600	352	0
Sample1676	25	328	620	0
Sample1677	34	486	506	0
Sample1678	39	562	399	0
Sample1679	25	344	600	0
Sample1680	0	244	359	409
Sample1681	37	506	442	0
Sample1682	30	449	544	0
Sample1683	21	326	628	0
Sample1684	0	252	362	367
Sample1685	21	310	651	0
Sample1686	57	705	221	0
Sample1687	43	575	371	0
Sample1688	39	561	385	0
Sample1689	39	563	398	0
Sample1690	34	465	493	0
Sample1691	18	489	515	0
Sample1692	43	571	366	0
Sample1693	38	554	422	0
Sample1694	13	0	966	0
Sample1695	26	388	613	0
Sample1696	18	349	627	0
Sample1697	37	527	436	0
Sample1698	22	444	557	0
Sample1699	30	463	542	0
Sample1700	55	708	0	237
Sample1701	38	539	431	0
Sample1702	27	349	604	0
Sample1703	17	451	561	0
Sample1704	39	577	401	0
Sample1705	25	343	605	0
Sample1706	28	411	543	0
Sample1707	56	695	0	257
Sample1708	38	449	485	0
Sample1709	36	528	451	0
Sample1710	36	499	457	0
Sample1711	54	684	0	262
Sample1712	41	594	344	0
Sample1713	38	449	485	0
Sample1714	38	484	458	0
