MutationType	Signature A	Signature B	Signature C	Signature D	Signature E	Signature F	Signature G	Signature H	Signature I	Signature J
A[C>A]A	3.826495632303057e-06	3.531731387763544e-06	3.825678647725195e-06	3.7695779193303042e-06	3.614500760600588e-06	3.926972291535655e-06	3.4237754524950853e-06	3.828012580160166e-06	3.705575498065627e-06	3.9783161625371236e-06
A[C>A]C	3.826495632303057e-06	3.531731387763544e-06	3.825678647725195e-06	3.7695779193303042e-06	3.614500760600588e-06	3.926972291535655e-06	3.4237754524950853e-06	3.828012580160166e-06	3.705575498065627e-06	3.9783161625371236e-06
A[C>A]G	3.826495632303057e-06	3.531731387763544e-06	3.825678647725195e-06	3.7695779193303042e-06	3.614500760600588e-06	3.926972291535655e-06	3.4237754524950853e-06	3.828012580160166e-06	3.705575498065627e-06	3.9783161625371236e-06
A[C>A]T	2.225284177790033e-06	2.4072950735540765e-06	4.3049122698794485e-06	2.576383925146198e-06	2.3120717057751944e-06	2.1309542554550085e-06	0.01549161977192436	0.0432308180165496	2.7867474770988632e-06	0.0066175075023508015
A[C>G]A	0.048875541202939056	0.03834750160148783	0.02142260611451669	0.02221962765984891	0.02225748556642171	0.019288048850522963	0.012905131588764645	0.06497517557138209	0.0365700575140097	0.010890242025424853
A[C>G]C	3.826495632303057e-06	3.531731387763544e-06	3.825678647725195e-06	3.7695779193303042e-06	3.614500760600588e-06	3.926972291535655e-06	3.4237754524950853e-06	3.828012580160166e-06	3.705575498065627e-06	3.9783161625371236e-06
A[C>G]G	3.826495632303057e-06	3.531731387763544e-06	3.825678647725195e-06	3.7695779193303042e-06	3.614500760600588e-06	3.926972291535655e-06	3.4237754524950853e-06	3.828012580160166e-06	3.705575498065627e-06	3.9783161625371236e-06
A[C>G]T	3.826495632303057e-06	3.531731387763544e-06	3.825678647725195e-06	3.7695779193303042e-06	3.614500760600588e-06	3.926972291535655e-06	3.4237754524950853e-06	3.828012580160166e-06	3.705575498065627e-06	3.9783161625371236e-06
A[C>T]A	0.11934576618712389	0.20371172326134568	0.09501315851216449	0.022214234952279567	0.11973972154856634	0.12904115902119487	0.07593276880640912	0.08640699119154656	0.07805134898115144	0.06577327723379915
A[C>T]C	3.826495632303057e-06	3.531731387763544e-06	3.825678647725195e-06	3.7695779193303042e-06	3.614500760600588e-06	3.926972291535655e-06	3.4237754524950853e-06	3.828012580160166e-06	3.705575498065627e-06	3.9783161625371236e-06
A[C>T]G	0.015240660963822556	0.04071525812955988	0.014281667923465663	0.013781372762509366	0.065316544896494	0.12261412452881482	0.016172073232079726	0.02905618680963353	0.0711070693230822	0.015212923867155347
A[C>T]T	0.04384547322072999	0.019437259706279648	0.0505799006935926	0.07706022999680069	0.020528434528977478	0.03685839743966647	4.967485667070523e-06	0.013126761634130518	0.013452387625512471	0.02469116558467023
A[T>A]A	3.826495632303057e-06	3.531731387763544e-06	3.825678647725195e-06	3.7695779193303042e-06	3.614500760600588e-06	3.926972291535655e-06	3.4237754524950853e-06	3.828012580160166e-06	3.705575498065627e-06	3.9783161625371236e-06
A[T>A]C	0.04718958328449627	0.014925191628628548	0.05375510339659426	0.030105331262768608	0.031262498735865715	0.034684234695101145	0.033570973986234535	0.028807728473730997	0.06273622850736008	0.02985267926411419
A[T>A]G	3.826495632303057e-06	3.531731387763544e-06	3.825678647725195e-06	3.7695779193303042e-06	3.614500760600588e-06	3.926972291535655e-06	3.4237754524950853e-06	3.828012580160166e-06	3.705575498065627e-06	3.9783161625371236e-06
A[T>A]T	3.826495632303057e-06	3.531731387763544e-06	3.825678647725195e-06	3.7695779193303042e-06	3.614500760600588e-06	3.926972291535655e-06	3.4237754524950853e-06	3.828012580160166e-06	3.705575498065627e-06	3.9783161625371236e-06
A[T>C]A	0.037005645646430954	0.01643497248388297	0.03842828288429937	0.020247372005354446	0.10155703491280328	0.05168662392515955	0.029335689885134863	0.008684873534410527	0.023304404551640203	0.051011131907930427
A[T>C]C	3.826495632303057e-06	3.531731387763544e-06	3.825678647725195e-06	3.7695779193303042e-06	3.614500760600588e-06	3.926972291535655e-06	3.4237754524950853e-06	3.828012580160166e-06	3.705575498065627e-06	3.9783161625371236e-06
A[T>C]G	2.8752405341277934e-06	2.0910905054133944e-06	3.6301137497151906e-06	6.462307612003956e-06	3.3068805983464595e-06	3.3553884422707332e-06	0.009845374277901888	0.009908772893474022	3.473403435166199e-06	0.0066151733052820585
A[T>C]T	0.035172599267566315	0.037932941945772715	0.07419153910148993	0.04078095960517787	0.02287215879550044	0.0538105694941461	0.012898421994020248	0.03584251775705879	0.07725590248388245	0.012724589265217157
A[T>G]A	3.826495632303057e-06	3.531731387763544e-06	3.825678647725195e-06	3.7695779193303042e-06	3.614500760600588e-06	3.926972291535655e-06	3.4237754524950853e-06	3.828012580160166e-06	3.705575498065627e-06	3.9783161625371236e-06
A[T>G]C	3.826495632303057e-06	3.531731387763544e-06	3.825678647725195e-06	3.7695779193303042e-06	3.614500760600588e-06	3.926972291535655e-06	3.4237754524950853e-06	3.828012580160166e-06	3.705575498065627e-06	3.9783161625371236e-06
A[T>G]G	3.826495632303057e-06	3.531731387763544e-06	3.825678647725195e-06	3.7695779193303042e-06	3.614500760600588e-06	3.926972291535655e-06	3.4237754524950853e-06	3.828012580160166e-06	3.705575498065627e-06	3.9783161625371236e-06
A[T>G]T	3.826495632303057e-06	3.531731387763544e-06	3.825678647725195e-06	3.7695779193303042e-06	3.614500760600588e-06	3.926972291535655e-06	3.4237754524950853e-06	3.828012580160166e-06	3.705575498065627e-06	3.9783161625371236e-06
C[C>A]A	3.826495632303057e-06	3.531731387763544e-06	3.825678647725195e-06	3.7695779193303042e-06	3.614500760600588e-06	3.926972291535655e-06	3.4237754524950853e-06	3.828012580160166e-06	3.705575498065627e-06	3.9783161625371236e-06
C[C>A]C	3.826495632303057e-06	3.531731387763544e-06	3.825678647725195e-06	3.7695779193303042e-06	3.614500760600588e-06	3.926972291535655e-06	3.4237754524950853e-06	3.828012580160166e-06	3.705575498065627e-06	3.9783161625371236e-06
C[C>A]G	3.826495632303057e-06	3.531731387763544e-06	3.825678647725195e-06	3.7695779193303042e-06	3.614500760600588e-06	3.926972291535655e-06	3.4237754524950853e-06	3.828012580160166e-06	3.705575498065627e-06	3.9783161625371236e-06
C[C>A]T	3.826495632303057e-06	3.531731387763544e-06	3.825678647725195e-06	3.7695779193303042e-06	3.614500760600588e-06	3.926972291535655e-06	3.4237754524950853e-06	3.828012580160166e-06	3.705575498065627e-06	3.9783161625371236e-06
C[C>G]A	3.826495632303057e-06	3.531731387763544e-06	3.825678647725195e-06	3.7695779193303042e-06	3.614500760600588e-06	3.926972291535655e-06	3.4237754524950853e-06	3.828012580160167e-06	3.705575498065627e-06	3.9783161625371236e-06
C[C>G]C	3.826495632303057e-06	3.531731387763544e-06	3.825678647725195e-06	3.7695779193303042e-06	3.614500760600588e-06	3.926972291535655e-06	3.4237754524950853e-06	3.828012580160166e-06	3.705575498065627e-06	3.9783161625371236e-06
C[C>G]G	3.826495632303057e-06	3.531731387763544e-06	3.825678647725195e-06	3.7695779193303042e-06	3.614500760600588e-06	3.926972291535655e-06	3.4237754524950853e-06	3.828012580160166e-06	3.705575498065627e-06	3.9783161625371236e-06
C[C>G]T	3.826495632303057e-06	3.531731387763544e-06	3.825678647725195e-06	3.7695779193303042e-06	3.614500760600588e-06	3.926972291535655e-06	3.4237754524950853e-06	3.828012580160166e-06	3.705575498065627e-06	3.9783161625371236e-06
C[C>T]A	3.826495632303057e-06	3.531731387763544e-06	3.825678647725195e-06	3.7695779193303042e-06	3.614500760600588e-06	3.926972291535655e-06	3.4237754524950853e-06	3.828012580160166e-06	3.705575498065627e-06	3.9783161625371236e-06
C[C>T]C	3.826495632303057e-06	3.531731387763544e-06	3.825678647725195e-06	3.7695779193303042e-06	3.614500760600588e-06	3.926972291535655e-06	3.4237754524950853e-06	3.828012580160166e-06	3.705575498065627e-06	3.9783161625371236e-06
C[C>T]G	0.06897321505049894	0.00681988333542991	0.011005618637933003	0.0755086464969277	0.04894883220211786	0.04758318059678069	0.00646123444804741	0.0673342251325533	0.03718300668116184	0.023556559380112828
C[C>T]T	0.14826559968990988	0.09493675152296702	0.02856237026627274	0.1102151350302953	0.04152704479485835	0.016472450424622226	0.02488054882420007	0.04214223063126496	0.02472056927458306	0.03006420184746179
C[T>A]A	3.826495632303057e-06	3.531731387763544e-06	3.825678647725195e-06	3.7695779193303042e-06	3.614500760600588e-06	3.926972291535655e-06	3.4237754524950853e-06	3.828012580160166e-06	3.705575498065627e-06	3.9783161625371236e-06
C[T>A]C	0.07381120607724868	0.02993252106562778	0.018091038908656074	0.022691115018374373	0.08603248657677225	0.007991615929686566	0.04793348640678593	0.031100057201850904	0.03041930353546891	0.012008261883685428
C[T>A]G	2.5977296511138935e-06	3.0342632808300827e-06	0.011008607557367543	7.86696561035601e-06	4.154024607498362e-06	3.53552955337586e-06	0.006002182828945763	2.4182798306800397e-06	0.005372666451902013	0.006166040317238899
C[T>A]T	3.4739138967283775e-06	3.3209292542212127e-06	0.028568535256325085	3.7393318409166343e-06	3.17577256595727e-06	3.69235326625748e-06	3.630972294871149e-06	3.6073210004404822e-06	3.4714853092484065e-06	3.826126940430741e-06
C[T>C]A	0.014663872122844063	0.021258757538810475	0.021421938352343153	0.017658266659754274	0.004314671645885728	0.07660677062638403	0.04032423855568744	0.09394681935727406	0.037501973786569325	0.06564361878519195
C[T>C]C	0.004968169562456416	0.014813502274798978	3.8663192381491035e-06	0.007406593360932447	3.219690001169553e-06	3.827328498209371e-06	2.6258010786339993e-06	3.900702822715732e-06	0.0517548336966542	0.005850423909271038
C[T>C]G	3.826495632303057e-06	3.531731387763544e-06	3.825678647725195e-06	3.7695779193303042e-06	3.614500760600588e-06	3.926972291535655e-06	3.4237754524950853e-06	3.828012580160166e-06	3.705575498065627e-06	3.9783161625371236e-06
C[T>C]T	0.028443142326101022	0.03185592608151437	1.6233948646788082e-06	0.12332796097907188	0.023914316399514506	0.05651874286083838	0.023591981260711974	0.034529971610471666	0.04027640464490275	0.02994982331948224
C[T>G]A	3.826495632303057e-06	3.531731387763544e-06	3.825678647725195e-06	3.7695779193303042e-06	3.614500760600588e-06	3.926972291535655e-06	3.4237754524950853e-06	3.828012580160167e-06	3.705575498065627e-06	3.9783161625371236e-06
C[T>G]C	3.625538076306968e-06	2.4795928712871357e-06	3.027207987117003e-06	1.9886773985470402e-06	2.4223989655468964e-06	0.023513914855649777	1.9814826006893755e-06	0.005363198718203988	2.6076056863991947e-06	8.567314636733506e-06
C[T>G]G	3.826495632303057e-06	3.531731387763544e-06	3.825678647725195e-06	3.7695779193303042e-06	3.614500760600588e-06	3.926972291535655e-06	3.4237754524950853e-06	3.828012580160166e-06	3.705575498065627e-06	3.9783161625371236e-06
C[T>G]T	3.826495632303057e-06	3.531731387763544e-06	3.825678647725195e-06	3.7695779193303042e-06	3.614500760600588e-06	3.926972291535655e-06	3.4237754524950853e-06	3.828012580160166e-06	3.705575498065627e-06	3.9783161625371236e-06
G[C>A]A	3.826495632303057e-06	3.531731387763544e-06	3.825678647725195e-06	3.7695779193303042e-06	3.614500760600588e-06	3.926972291535655e-06	3.4237754524950853e-06	3.828012580160166e-06	3.705575498065627e-06	3.9783161625371236e-06
G[C>A]C	3.826495632303057e-06	3.531731387763544e-06	3.825678647725195e-06	3.7695779193303042e-06	3.614500760600588e-06	3.926972291535655e-06	3.4237754524950853e-06	3.828012580160166e-06	3.705575498065627e-06	3.9783161625371236e-06
G[C>A]G	3.826495632303057e-06	3.531731387763544e-06	3.825678647725195e-06	3.7695779193303042e-06	3.614500760600588e-06	3.926972291535655e-06	3.4237754524950853e-06	3.828012580160167e-06	3.705575498065627e-06	3.9783161625371236e-06
G[C>A]T	0.02310656318700493	0.0315464112753308	0.06874911875649059	2.202726460184902e-06	7.728187333152944e-07	0.05028380832400988	0.2042300329902508	0.03344717057898779	0.006977416588423166	0.006968905106293358
G[C>G]A	3.826495632303057e-06	3.531731387763544e-06	3.825678647725195e-06	3.7695779193303042e-06	3.614500760600588e-06	3.926972291535655e-06	3.4237754524950853e-06	3.828012580160166e-06	3.705575498065627e-06	3.9783161625371236e-06
G[C>G]C	0.008693098955027245	0.08216507432327437	0.03614313533343648	0.025777394131061095	0.021560344513159736	0.01568776578914991	0.12357233137915427	0.08247795885180864	0.008199533379548036	0.023746062311476794
G[C>G]G	3.826495632303057e-06	3.531731387763544e-06	3.825678647725195e-06	3.7695779193303042e-06	3.614500760600588e-06	3.926972291535655e-06	3.4237754524950853e-06	3.828012580160166e-06	3.705575498065627e-06	3.9783161625371236e-06
G[C>G]T	0.08462689700083269	0.03240903297667282	0.005949192161109578	0.028048966396941516	0.04464622451492924	0.022920265902576193	0.014695515071947074	0.03398059361976097	6.624863616269363e-07	0.10117134390505307
G[C>T]A	3.826495632303057e-06	3.531731387763544e-06	3.825678647725195e-06	3.7695779193303042e-06	3.614500760600588e-06	3.926972291535655e-06	3.4237754524950853e-06	3.828012580160167e-06	3.705575498065627e-06	3.9783161625371236e-06
G[C>T]C	3.6474334838623715e-06	3.3471908394914547e-06	2.9955063408068447e-06	2.8204672165279743e-06	2.870090397657993e-06	3.836370210775342e-06	3.315083791671673e-06	0.005363986984089698	3.61972559021192e-06	0.006424725267112024
G[C>T]G	3.826495632303057e-06	3.531731387763544e-06	3.825678647725195e-06	3.7695779193303042e-06	3.614500760600588e-06	3.926972291535655e-06	3.4237754524950853e-06	3.828012580160166e-06	3.705575498065627e-06	3.9783161625371236e-06
G[C>T]T	3.826495632303057e-06	3.531731387763544e-06	3.825678647725195e-06	3.7695779193303042e-06	3.614500760600588e-06	3.926972291535655e-06	3.4237754524950853e-06	3.828012580160166e-06	3.705575498065627e-06	3.9783161625371236e-06
G[T>A]A	3.826495632303057e-06	3.531731387763544e-06	3.825678647725195e-06	3.7695779193303042e-06	3.614500760600588e-06	3.926972291535655e-06	3.4237754524950853e-06	3.828012580160166e-06	3.705575498065627e-06	3.9783161625371236e-06
G[T>A]C	3.826495632303057e-06	3.531731387763544e-06	3.825678647725195e-06	3.7695779193303042e-06	3.614500760600588e-06	3.926972291535655e-06	3.4237754524950853e-06	3.828012580160166e-06	3.705575498065627e-06	3.9783161625371236e-06
G[T>A]G	3.826495632303057e-06	3.531731387763544e-06	3.825678647725195e-06	3.7695779193303042e-06	3.614500760600588e-06	3.926972291535655e-06	3.4237754524950853e-06	3.828012580160166e-06	3.705575498065627e-06	3.9783161625371236e-06
G[T>A]T	3.826495632303057e-06	3.531731387763544e-06	3.825678647725195e-06	3.7695779193303042e-06	3.614500760600588e-06	3.926972291535655e-06	3.4237754524950853e-06	3.828012580160166e-06	3.705575498065627e-06	3.9783161625371236e-06
G[T>C]A	3.826495632303057e-06	3.531731387763544e-06	3.825678647725195e-06	3.7695779193303042e-06	3.614500760600588e-06	3.926972291535655e-06	3.4237754524950853e-06	3.828012580160166e-06	3.705575498065627e-06	3.9783161625371236e-06
G[T>C]C	3.826495632303057e-06	3.531731387763544e-06	3.825678647725195e-06	3.7695779193303042e-06	3.614500760600588e-06	3.926972291535655e-06	3.4237754524950853e-06	3.828012580160166e-06	3.705575498065627e-06	3.9783161625371236e-06
G[T>C]G	3.826495632303057e-06	3.531731387763544e-06	3.825678647725195e-06	3.7695779193303042e-06	3.614500760600588e-06	3.926972291535655e-06	3.4237754524950853e-06	3.828012580160166e-06	3.705575498065627e-06	3.9783161625371236e-06
G[T>C]T	0.049902848872280955	0.040361170374544245	0.046714629858863474	0.06311817910755677	0.011124565599255577	6.339574642864826e-05	0.016008587455382035	0.01171467819706781	0.022504710479477243	0.004645735903869634
G[T>G]A	3.826495632303057e-06	3.531731387763544e-06	3.825678647725195e-06	3.7695779193303042e-06	3.614500760600588e-06	3.926972291535655e-06	3.4237754524950853e-06	3.828012580160166e-06	3.705575498065627e-06	3.9783161625371236e-06
G[T>G]C	3.826495632303057e-06	3.531731387763544e-06	3.825678647725195e-06	3.7695779193303042e-06	3.614500760600588e-06	3.926972291535655e-06	3.4237754524950853e-06	3.828012580160166e-06	3.705575498065627e-06	3.9783161625371236e-06
G[T>G]G	3.826495632303057e-06	3.531731387763544e-06	3.825678647725195e-06	3.7695779193303042e-06	3.614500760600588e-06	3.926972291535655e-06	3.4237754524950853e-06	3.828012580160166e-06	3.705575498065627e-06	3.9783161625371236e-06
G[T>G]T	3.826495632303057e-06	3.531731387763544e-06	3.825678647725195e-06	3.7695779193303042e-06	3.614500760600588e-06	3.926972291535655e-06	3.4237754524950853e-06	3.828012580160166e-06	3.705575498065627e-06	3.9783161625371236e-06
T[C>A]A	0.03180837710989172	0.04524819068807993	0.03242987640699746	0.02483702113854908	0.006990777293609238	0.021926710610446664	0.052934121767695685	0.008598576038469977	0.028070365606331797	0.1308060478092979
T[C>A]C	0.015516993166516373	0.006989521820630866	0.033841409021195756	0.07303993660897948	0.03413980841762397	0.0470762331959735	0.029347157048935292	0.0900189691578861	0.00876116706234534	0.06015456242911062
T[C>A]G	3.826495632303057e-06	3.531731387763544e-06	3.825678647725195e-06	3.7695779193303042e-06	3.614500760600588e-06	3.926972291535655e-06	3.4237754524950853e-06	3.828012580160166e-06	3.705575498065627e-06	3.9783161625371236e-06
T[C>A]T	3.826495632303057e-06	3.531731387763544e-06	3.825678647725195e-06	3.7695779193303042e-06	3.614500760600588e-06	3.926972291535655e-06	3.4237754524950853e-06	3.828012580160166e-06	3.705575498065627e-06	3.9783161625371236e-06
T[C>G]A	0.017157504887546908	2.405970410984623e-06	4.130475932001795e-06	0.019779757971557215	0.01126621449486061	3.509958202212041e-06	2.8114934941480554e-06	4.710024920490237e-06	3.994455161962141e-06	1.6937052490462417e-06
T[C>G]C	3.826495632303057e-06	3.531731387763544e-06	3.825678647725195e-06	3.7695779193303042e-06	3.614500760600588e-06	3.926972291535655e-06	3.4237754524950853e-06	3.828012580160166e-06	3.705575498065627e-06	3.9783161625371236e-06
T[C>G]G	3.826495632303057e-06	3.531731387763544e-06	3.825678647725195e-06	3.7695779193303042e-06	3.614500760600588e-06	3.926972291535655e-06	3.4237754524950853e-06	3.828012580160166e-06	3.705575498065627e-06	3.9783161625371236e-06
T[C>G]T	3.826495632303057e-06	3.531731387763544e-06	3.825678647725195e-06	3.7695779193303042e-06	3.614500760600588e-06	3.926972291535655e-06	3.4237754524950853e-06	3.828012580160166e-06	3.705575498065627e-06	3.9783161625371236e-06
T[C>T]A	0.040961489099214286	0.14842484123467992	0.08088185740067526	0.10895639045822243	0.156710935200514	0.03815480419349527	0.04595330319633888	0.09413354042186037	0.14858970796372062	0.1870036235271743
T[C>T]C	0.011546700989777817	0.023123871033480188	2.429940761428283e-06	2.64917691919593e-06	0.005487180432406125	3.841387617898947e-06	0.0064642811945553975	2.1169966115430395e-06	4.398383174249423e-06	3.3090310292407054e-06
T[C>T]G	3.826495632303057e-06	3.531731387763544e-06	3.825678647725195e-06	3.7695779193303042e-06	3.614500760600588e-06	3.926972291535655e-06	3.4237754524950853e-06	3.828012580160166e-06	3.705575498065627e-06	3.9783161625371236e-06
T[C>T]T	2.6832474245690957e-06	5.914608864198148e-06	3.946336750678443e-06	0.03459035972459671	0.005634608468469705	3.2937063766886418e-06	0.007782143050915291	4.285265364811421e-06	3.745686833355783e-06	1.950195586513286e-06
T[T>A]A	3.826495632303057e-06	3.531731387763544e-06	3.825678647725195e-06	3.7695779193303042e-06	3.614500760600588e-06	3.926972291535655e-06	3.4237754524950853e-06	3.828012580160166e-06	3.705575498065627e-06	3.9783161625371236e-06
T[T>A]C	3.826495632303057e-06	3.531731387763544e-06	3.825678647725195e-06	3.7695779193303042e-06	3.614500760600588e-06	3.926972291535655e-06	3.4237754524950853e-06	3.828012580160166e-06	3.705575498065627e-06	3.9783161625371236e-06
T[T>A]G	3.826495632303057e-06	3.531731387763544e-06	3.825678647725195e-06	3.7695779193303042e-06	3.614500760600588e-06	3.926972291535655e-06	3.4237754524950853e-06	3.828012580160166e-06	3.705575498065627e-06	3.9783161625371236e-06
T[T>A]T	3.826495632303057e-06	3.531731387763544e-06	3.825678647725195e-06	3.7695779193303042e-06	3.614500760600588e-06	3.926972291535655e-06	3.4237754524950853e-06	3.828012580160166e-06	3.705575498065627e-06	3.9783161625371236e-06
T[T>C]A	0.014348515947615862	0.018355507957741844	0.07096757400707909	0.008737004442376347	0.028462291686949737	0.05184145098516637	0.11891963619111454	0.01787121218459518	0.10246642893780433	0.06383841273155931
T[T>C]C	1.0603180653802331e-06	2.7073762537503194e-06	0.10057268940579975	2.4985878020094297e-06	2.52509973601013e-06	2.147417810960432e-06	0.005996922422192742	6.355866649780099e-06	0.010739438358499795	0.00657124665961822
T[T>C]G	3.826495632303057e-06	3.531731387763544e-06	3.825678647725195e-06	3.7695779193303042e-06	3.614500760600588e-06	3.926972291535655e-06	3.4237754524950853e-06	3.828012580160166e-06	3.705575498065627e-06	3.9783161625371236e-06
T[T>C]T	0.016263451756345245	4.4861328811305927e-07	0.05714535240198313	0.029624086618442493	0.08544973187845409	0.07509123538329195	0.01851178841678315	0.027664598169607424	0.07371915775506307	0.011767756343202405
T[T>G]A	3.826495632303057e-06	3.531731387763544e-06	3.825678647725195e-06	3.7695779193303042e-06	3.614500760600588e-06	3.926972291535655e-06	3.4237754524950853e-06	3.828012580160166e-06	3.705575498065627e-06	3.9783161625371236e-06
T[T>G]C	3.826495632303057e-06	3.531731387763544e-06	3.825678647725195e-06	3.7695779193303042e-06	3.614500760600588e-06	3.926972291535655e-06	3.4237754524950853e-06	3.828012580160166e-06	3.705575498065627e-06	3.9783161625371236e-06
T[T>G]G	3.826495632303057e-06	3.531731387763544e-06	3.825678647725195e-06	3.7695779193303042e-06	3.614500760600588e-06	3.926972291535655e-06	3.4237754524950853e-06	3.828012580160166e-06	3.705575498065627e-06	3.9783161625371236e-06
T[T>G]T	3.826495632303057e-06	3.531731387763544e-06	3.825678647725195e-06	3.7695779193303042e-06	3.614500760600588e-06	3.926972291535655e-06	3.4237754524950853e-06	3.828012580160166e-06	3.705575498065627e-06	3.9783161625371236e-06
