MutationType	Signature A	Signature B	Signature C	Signature D	Signature E	Signature F	Signature G	Signature H	Signature I	Signature J
A[C>A]A	3.50E-08	1.05E-07	1.83E-07	1.58E-07	1.50E-07	1.74E-07	1.54E-07	8.83E-08	1.42E-07	2.78E-08
A[C>A]C	3.50E-08	1.05E-07	1.83E-07	1.58E-07	1.50E-07	1.74E-07	1.54E-07	8.83E-08	1.42E-07	2.78E-08
A[C>A]G	3.50E-08	1.05E-07	1.83E-07	1.58E-07	1.50E-07	1.74E-07	1.54E-07	8.83E-08	1.42E-07	2.78E-08
A[C>A]T	8.30E-07	9.47E-07	8.33E-07	4.96E-07	6.61E-03	2.69E-02	9.70E-07	7.06E-07	1.55E-02	7.54E-07
A[C>G]A	1.69E-02	1.50E-02	1.66E-02	1.43E-02	1.09E-02	5.77E-02	2.35E-02	2.22E-02	1.29E-02	1.22E-02
A[C>G]C	3.50E-08	1.05E-07	1.83E-07	1.58E-07	1.50E-07	1.74E-07	1.54E-07	8.83E-08	1.42E-07	2.78E-08
A[C>G]G	3.50E-08	1.05E-07	1.83E-07	1.58E-07	1.50E-07	1.74E-07	1.54E-07	8.83E-08	1.42E-07	2.78E-08
A[C>G]T	3.50E-08	1.05E-07	1.83E-07	1.58E-07	1.50E-07	1.74E-07	1.54E-07	8.83E-08	1.42E-07	2.78E-08
A[C>T]A	2.02E-02	2.49E-02	1.47E-02	2.92E-02	2.68E-02	3.87E-02	2.66E-02	1.48E-02	3.21E-02	3.57E-02
A[C>T]C	3.50E-08	1.05E-07	1.83E-07	1.58E-07	1.50E-07	1.74E-07	1.54E-07	8.83E-08	1.42E-07	2.78E-08
A[C>T]G	3.41E-02	1.95E-02	2.51E-02	8.74E-03	9.72E-03	2.91E-02	1.52E-02	8.48E-03	1.25E-02	3.63E-02
A[C>T]T	8.30E-03	1.26E-02	1.25E-02	1.56E-02	1.72E-02	8.04E-03	1.51E-02	3.67E-02	2.18E-06	1.57E-02
A[T>A]A	3.50E-08	1.05E-07	1.83E-07	1.58E-07	1.50E-07	1.74E-07	1.54E-07	8.83E-08	1.42E-07	2.78E-08
A[T>A]C	3.10E-02	1.92E-02	9.19E-03	1.61E-02	1.36E-02	1.51E-02	1.35E-02	7.69E-03	2.53E-02	1.72E-02
A[T>A]G	3.50E-08	1.05E-07	1.83E-07	1.58E-07	1.50E-07	1.74E-07	1.54E-07	8.83E-08	1.42E-07	2.78E-08
A[T>A]T	3.50E-08	1.05E-07	1.83E-07	1.58E-07	1.50E-07	1.74E-07	1.54E-07	8.83E-08	1.42E-07	2.78E-08
A[T>C]A	2.33E-02	5.34E-02	1.64E-02	1.94E-02	3.38E-02	6.55E-03	1.59E-02	1.31E-02	1.85E-02	2.37E-02
A[T>C]C	3.50E-08	1.05E-07	1.83E-07	1.58E-07	1.50E-07	1.74E-07	1.54E-07	8.83E-08	1.42E-07	2.78E-08
A[T>C]G	4.80E-07	3.02E-07	8.70E-07	3.45E-07	6.61E-03	9.91E-03	7.83E-07	3.03E-06	9.84E-03	3.37E-07
A[T>C]T	2.61E-02	1.53E-02	2.87E-02	1.71E-02	7.89E-03	1.06E-02	1.52E-02	1.21E-02	1.29E-02	1.90E-02
A[T>G]A	3.50E-08	1.05E-07	1.83E-07	1.58E-07	1.50E-07	1.74E-07	1.54E-07	8.83E-08	1.42E-07	2.78E-08
A[T>G]C	3.50E-08	1.05E-07	1.83E-07	1.58E-07	1.50E-07	1.74E-07	1.54E-07	8.83E-08	1.42E-07	2.78E-08
A[T>G]G	3.50E-08	1.05E-07	1.83E-07	1.58E-07	1.50E-07	1.74E-07	1.54E-07	8.83E-08	1.42E-07	2.78E-08
A[T>G]T	3.50E-08	1.05E-07	1.83E-07	1.58E-07	1.50E-07	1.74E-07	1.54E-07	8.83E-08	1.42E-07	2.78E-08
C[C>A]A	3.50E-08	1.05E-07	1.83E-07	1.58E-07	1.50E-07	1.74E-07	1.54E-07	8.83E-08	1.42E-07	2.78E-08
C[C>A]C	3.50E-08	1.05E-07	1.83E-07	1.58E-07	1.50E-07	1.74E-07	1.54E-07	8.83E-08	1.42E-07	2.78E-08
C[C>A]G	3.50E-08	1.05E-07	1.83E-07	1.58E-07	1.50E-07	1.74E-07	1.54E-07	8.83E-08	1.42E-07	2.78E-08
C[C>A]T	3.50E-08	1.05E-07	1.83E-07	1.58E-07	1.50E-07	1.74E-07	1.54E-07	8.83E-08	1.42E-07	2.78E-08
C[C>G]A	3.50E-08	1.05E-07	1.83E-07	1.58E-07	1.50E-07	1.74E-07	1.54E-07	8.83E-08	1.42E-07	2.78E-08
C[C>G]C	3.50E-08	1.05E-07	1.83E-07	1.58E-07	1.50E-07	1.74E-07	1.54E-07	8.83E-08	1.42E-07	2.78E-08
C[C>G]G	3.50E-08	1.05E-07	1.83E-07	1.58E-07	1.50E-07	1.74E-07	1.54E-07	8.83E-08	1.42E-07	2.78E-08
C[C>G]T	3.50E-08	1.05E-07	1.83E-07	1.58E-07	1.50E-07	1.74E-07	1.54E-07	8.83E-08	1.42E-07	2.78E-08
C[C>T]A	3.50E-08	1.05E-07	1.83E-07	1.58E-07	1.50E-07	1.74E-07	1.54E-07	8.83E-08	1.42E-07	2.78E-08
C[C>T]C	3.50E-08	1.05E-07	1.83E-07	1.58E-07	1.50E-07	1.74E-07	1.54E-07	8.83E-08	1.42E-07	2.78E-08
C[C>T]G	2.35E-02	4.89E-02	6.80E-03	1.10E-02	1.87E-02	2.83E-02	2.25E-02	2.36E-02	6.45E-03	2.72E-02
C[C>T]T	6.65E-03	2.24E-02	2.69E-02	1.75E-02	1.32E-02	1.88E-02	3.94E-02	3.65E-02	1.07E-02	1.01E-02
C[T>A]A	3.50E-08	1.05E-07	1.83E-07	1.58E-07	1.50E-07	1.74E-07	1.54E-07	8.83E-08	1.42E-07	2.78E-08
C[T>A]C	2.23E-02	2.52E-02	1.87E-02	1.38E-02	1.20E-02	1.44E-02	4.04E-02	1.52E-02	2.94E-02	7.99E-03
C[T>A]G	5.37E-03	7.99E-07	8.51E-07	1.10E-02	6.16E-03	6.94E-07	4.99E-07	4.99E-06	6.00E-03	2.31E-07
C[T>A]T	2.09E-07	4.23E-07	2.19E-07	2.08E-02	2.33E-07	1.88E-07	2.02E-07	2.46E-07	3.36E-07	2.83E-07
C[T>C]A	1.68E-02	4.30E-03	1.40E-02	1.43E-02	3.08E-02	4.34E-02	1.47E-02	7.13E-03	2.42E-02	2.62E-02
C[T>C]C	3.62E-02	4.57E-07	1.48E-02	2.85E-07	5.85E-03	1.51E-06	4.97E-03	7.40E-03	7.23E-07	3.43E-07
C[T>C]G	3.50E-08	1.05E-07	1.83E-07	1.58E-07	1.50E-07	1.74E-07	1.54E-07	8.83E-08	1.42E-07	2.78E-08
C[T>C]T	3.18E-02	6.84E-03	2.37E-02	1.09E-06	1.37E-02	2.45E-02	1.81E-02	2.99E-02	1.61E-02	1.97E-02
C[T>G]A	3.50E-08	1.05E-07	1.83E-07	1.58E-07	1.50E-07	1.74E-07	1.54E-07	8.83E-08	1.42E-07	2.78E-08
C[T>G]C	1.17E-06	8.31E-07	1.06E-06	7.64E-07	4.18E-06	5.36E-03	1.13E-06	7.38E-07	8.14E-07	1.24E-02
C[T>G]G	3.50E-08	1.05E-07	1.83E-07	1.58E-07	1.50E-07	1.74E-07	1.54E-07	8.83E-08	1.42E-07	2.78E-08
C[T>G]T	3.50E-08	1.05E-07	1.83E-07	1.58E-07	1.50E-07	1.74E-07	1.54E-07	8.83E-08	1.42E-07	2.78E-08
G[C>A]A	3.50E-08	1.05E-07	1.83E-07	1.58E-07	1.50E-07	1.74E-07	1.54E-07	8.83E-08	1.42E-07	2.78E-08
G[C>A]C	3.50E-08	1.05E-07	1.83E-07	1.58E-07	1.50E-07	1.74E-07	1.54E-07	8.83E-08	1.42E-07	2.78E-08
G[C>A]G	3.50E-08	1.05E-07	1.83E-07	1.58E-07	1.50E-07	1.74E-07	1.54E-07	8.83E-08	1.42E-07	2.78E-08
G[C>A]T	6.98E-03	6.82E-07	2.34E-02	3.06E-02	6.97E-03	2.07E-02	1.69E-02	1.45E-06	4.86E-02	2.06E-02
G[C>G]A	3.50E-08	1.05E-07	1.83E-07	1.58E-07	1.50E-07	1.74E-07	1.54E-07	8.83E-08	1.42E-07	2.78E-08
G[C>G]C	8.20E-03	8.86E-03	3.69E-02	1.71E-02	1.46E-02	3.37E-02	8.69E-03	1.61E-02	5.58E-02	9.61E-03
G[C>G]G	3.50E-08	1.05E-07	1.83E-07	1.58E-07	1.50E-07	1.74E-07	1.54E-07	8.83E-08	1.42E-07	2.78E-08
G[C>G]T	6.62E-07	1.67E-02	1.28E-02	5.95E-03	5.28E-02	2.42E-02	2.52E-02	1.37E-02	9.11E-03	1.53E-02
G[C>T]A	3.50E-08	1.05E-07	1.83E-07	1.58E-07	1.50E-07	1.74E-07	1.54E-07	8.83E-08	1.42E-07	2.78E-08
G[C>T]C	9.42E-08	7.25E-07	2.86E-07	7.62E-07	6.42E-03	5.36E-03	9.31E-08	7.15E-07	1.84E-07	1.13E-07
G[C>T]G	3.50E-08	1.05E-07	1.83E-07	1.58E-07	1.50E-07	1.74E-07	1.54E-07	8.83E-08	1.42E-07	2.78E-08
G[C>T]T	3.50E-08	1.05E-07	1.83E-07	1.58E-07	1.50E-07	1.74E-07	1.54E-07	8.83E-08	1.42E-07	2.78E-08
G[T>A]A	3.50E-08	1.05E-07	1.83E-07	1.58E-07	1.50E-07	1.74E-07	1.54E-07	8.83E-08	1.42E-07	2.78E-08
G[T>A]C	3.50E-08	1.05E-07	1.83E-07	1.58E-07	1.50E-07	1.74E-07	1.54E-07	8.83E-08	1.42E-07	2.78E-08
G[T>A]G	3.50E-08	1.05E-07	1.83E-07	1.58E-07	1.50E-07	1.74E-07	1.54E-07	8.83E-08	1.42E-07	2.78E-08
G[T>A]T	3.50E-08	1.05E-07	1.83E-07	1.58E-07	1.50E-07	1.74E-07	1.54E-07	8.83E-08	1.42E-07	2.78E-08
G[T>C]A	3.50E-08	1.05E-07	1.83E-07	1.58E-07	1.50E-07	1.74E-07	1.54E-07	8.83E-08	1.42E-07	2.78E-08
G[T>C]C	3.50E-08	1.05E-07	1.83E-07	1.58E-07	1.50E-07	1.74E-07	1.54E-07	8.83E-08	1.42E-07	2.78E-08
G[T>C]G	3.50E-08	1.05E-07	1.83E-07	1.58E-07	1.50E-07	1.74E-07	1.54E-07	8.83E-08	1.42E-07	2.78E-08
G[T>C]T	9.25E-03	1.11E-02	2.61E-02	3.24E-02	4.65E-03	7.31E-03	1.80E-02	1.53E-02	1.60E-02	6.26E-05
G[T>G]A	3.50E-08	1.05E-07	1.83E-07	1.58E-07	1.50E-07	1.74E-07	1.54E-07	8.83E-08	1.42E-07	2.78E-08
G[T>G]C	3.50E-08	1.05E-07	1.83E-07	1.58E-07	1.50E-07	1.74E-07	1.54E-07	8.83E-08	1.42E-07	2.78E-08
G[T>G]G	3.50E-08	1.05E-07	1.83E-07	1.58E-07	1.50E-07	1.74E-07	1.54E-07	8.83E-08	1.42E-07	2.78E-08
G[T>G]T	3.50E-08	1.05E-07	1.83E-07	1.58E-07	1.50E-07	1.74E-07	1.54E-07	8.83E-08	1.42E-07	2.78E-08
T[C>A]A	2.15E-02	6.99E-03	3.31E-02	1.44E-02	6.85E-02	8.60E-03	1.69E-02	1.57E-02	2.72E-02	1.56E-02
T[C>A]C	8.76E-03	1.52E-02	6.99E-03	9.88E-03	4.29E-02	3.87E-02	9.62E-03	3.78E-02	2.12E-02	1.92E-02
T[C>A]G	3.50E-08	1.05E-07	1.83E-07	1.58E-07	1.50E-07	1.74E-07	1.54E-07	8.83E-08	1.42E-07	2.78E-08
T[C>A]T	3.50E-08	1.05E-07	1.83E-07	1.58E-07	1.50E-07	1.74E-07	1.54E-07	8.83E-08	1.42E-07	2.78E-08
T[C>G]A	2.38E-07	1.13E-02	9.02E-07	3.80E-07	8.82E-07	3.31E-07	1.72E-02	1.44E-02	8.19E-07	4.28E-07
T[C>G]C	3.50E-08	1.05E-07	1.83E-07	1.58E-07	1.50E-07	1.74E-07	1.54E-07	8.83E-08	1.42E-07	2.78E-08
T[C>G]G	3.50E-08	1.05E-07	1.83E-07	1.58E-07	1.50E-07	1.74E-07	1.54E-07	8.83E-08	1.42E-07	2.78E-08
T[C>G]T	3.50E-08	1.05E-07	1.83E-07	1.58E-07	1.50E-07	1.74E-07	1.54E-07	8.83E-08	1.42E-07	2.78E-08
T[C>T]A	1.36E-02	3.30E-02	2.77E-02	1.63E-02	3.45E-02	3.75E-02	1.59E-02	2.95E-02	1.73E-02	1.73E-02
T[C>T]C	3.98E-07	5.48E-03	2.31E-02	6.53E-07	1.07E-06	8.76E-07	1.15E-02	5.19E-07	6.45E-03	1.20E-07
T[C>T]G	3.50E-08	1.05E-07	1.83E-07	1.58E-07	1.50E-07	1.74E-07	1.54E-07	8.83E-08	1.42E-07	2.78E-08
T[C>T]T	3.45E-07	5.63E-03	4.08E-06	2.42E-07	8.74E-07	3.22E-07	8.83E-07	2.88E-02	7.78E-03	4.02E-07
T[T>A]A	3.50E-08	1.05E-07	1.83E-07	1.58E-07	1.50E-07	1.74E-07	1.54E-07	8.83E-08	1.42E-07	2.78E-08
T[T>A]C	3.50E-08	1.05E-07	1.83E-07	1.58E-07	1.50E-07	1.74E-07	1.54E-07	8.83E-08	1.42E-07	2.78E-08
T[T>A]G	3.50E-08	1.05E-07	1.83E-07	1.58E-07	1.50E-07	1.74E-07	1.54E-07	8.83E-08	1.42E-07	2.78E-08
T[T>A]T	3.50E-08	1.05E-07	1.83E-07	1.58E-07	1.50E-07	1.74E-07	1.54E-07	8.83E-08	1.42E-07	2.78E-08
T[T>C]A	2.23E-02	1.76E-02	1.16E-02	2.37E-02	4.41E-02	1.10E-02	1.43E-02	8.73E-03	3.52E-02	1.49E-02
T[T>C]C	1.07E-02	7.16E-07	1.21E-06	2.86E-02	6.57E-03	4.02E-06	7.50E-07	1.11E-06	5.99E-03	8.84E-07
T[T>C]G	3.50E-08	1.05E-07	1.83E-07	1.58E-07	1.50E-07	1.74E-07	1.54E-07	8.83E-08	1.42E-07	2.78E-08
T[T>C]T	4.40E-02	1.90E-02	4.49E-07	2.67E-02	7.30E-03	1.95E-02	1.63E-02	1.81E-02	1.30E-02	2.10E-02
T[T>G]A	3.50E-08	1.05E-07	1.83E-07	1.58E-07	1.50E-07	1.74E-07	1.54E-07	8.83E-08	1.42E-07	2.78E-08
T[T>G]C	3.50E-08	1.05E-07	1.83E-07	1.58E-07	1.50E-07	1.74E-07	1.54E-07	8.83E-08	1.42E-07	2.78E-08
T[T>G]G	3.50E-08	1.05E-07	1.83E-07	1.58E-07	1.50E-07	1.74E-07	1.54E-07	8.83E-08	1.42E-07	2.78E-08
T[T>G]T	3.50E-08	1.05E-07	1.83E-07	1.58E-07	1.50E-07	1.74E-07	1.54E-07	8.83E-08	1.42E-07	2.78E-08
