Samples	Signature A	Signature B	Signature C	Signature D	Signature E	Signature F	Signature G	Signature H
Sample1	72	52	195	0	394	20	183	89
Sample2	487	79	62	140	126	37	46	23
Sample3	477	94	116	62	113	69	44	25
Sample4	121	322	7	197	186	47	0	107
Sample5	81	284	267	82	257	8	0	57
Sample6	154	364	145	176	39	81	0	57
Sample7	281	5	23	133	119	195	259	0
Sample8	390	41	165	105	104	61	93	26
Sample9	390	138	134	0	87	78	56	109
Sample10	451	159	61	143	52	44	58	24
Sample11	157	304	126	142	97	64	0	135
Sample12	255	130	150	154	146	20	0	115
Sample13	548	0	137	92	0	55	56	100
Sample14	254	125	178	90	136	0	200	0
Sample15	110	353	156	175	113	0	70	58
Sample16	97	467	65	125	210	62	4	0
Sample17	260	21	482	0	27	96	54	43
Sample18	246	0	55	176	52	249	184	53
Sample19	390	202	124	17	79	178	3	15
Sample20	465	75	153	88	100	29	55	19
Sample21	443	180	16	31	141	90	1	78
Sample22	419	152	68	147	97	6	60	65
Sample23	46	351	65	150	63	173	128	40
Sample24	164	371	118	160	54	70	0	78
Sample25	461	153	61	104	97	42	10	72
Sample26	147	146	379	0	49	25	165	76
Sample27	407	177	117	30	70	65	58	84
Sample28	415	140	97	125	126	70	13	14
Sample29	135	0	490	221	41	0	17	68
Sample30	286	80	151	85	73	7	258	44
Sample31	466	88	92	46	81	113	75	39
Sample32	470	106	41	46	148	115	43	11
Sample33	244	0	25	147	143	252	175	0
Sample34	449	44	143	146	111	28	65	14
Sample35	471	130	56	60	134	77	50	22
Sample36	473	57	70	138	144	35	68	23
Sample37	461	85	67	84	93	75	51	76
Sample38	485	29	149	122	62	40	79	26
Sample39	20	152	54	150	99	273	116	161
Sample40	487	94	74	89	132	57	43	24
Sample41	156	338	52	134	140	86	18	56
Sample42	458	122	82	90	145	39	34	10
Sample43	135	0	490	221	41	0	17	68
Sample44	147	423	7	217	59	63	0	58
Sample45	122	411	77	87	46	109	24	108
Sample46	123	407	117	150	56	81	35	67
Sample47	436	107	184	58	81	71	45	26
Sample48	135	0	490	221	41	0	17	68
Sample49	431	153	161	34	85	84	24	28
Sample50	401	63	126	92	165	10	62	89
Sample51	439	129	4	87	152	96	35	66
Sample52	492	3	132	125	16	39	125	95
Sample53	135	0	490	221	41	0	17	68
Sample54	466	104	68	92	113	79	44	13
Sample55	298	212	165	33	111	52	25	84
Sample56	377	157	0	100	165	37	136	2
Sample57	455	131	64	70	139	94	31	16
Sample58	406	77	135	78	42	81	56	140
Sample59	60	393	92	138	227	27	51	1
Sample60	454	107	158	65	29	34	51	81
Sample61	477	58	150	62	113	104	25	19
Sample62	75	289	106	151	189	62	55	59
Sample63	504	134	81	5	152	49	38	18
Sample64	92	434	53	164	146	31	25	36
Sample65	147	235	208	49	0	80	116	152
Sample66	471	101	104	63	37	45	105	89
Sample67	462	109	108	80	84	46	63	38
Sample68	116	436	0	214	117	45	12	40
Sample69	423	111	227	30	0	45	106	38
Sample70	281	88	204	159	140	71	48	1
Sample71	390	157	134	3	233	70	20	7
Sample72	413	69	7	93	144	53	77	111
Sample73	455	145	16	99	175	33	22	63
Sample74	472	91	112	120	28	70	46	46
Sample75	450	106	121	141	26	76	4	90
Sample76	394	140	165	69	61	39	88	29
Sample77	26	343	0	182	83	175	41	164
Sample78	161	376	47	82	176	85	0	57
Sample79	148	365	24	195	58	112	0	76
Sample80	135	0	490	221	41	0	17	68
Sample81	347	217	165	20	118	2	156	0
Sample82	346	138	234	42	151	3	70	0
Sample83	99	428	128	175	81	43	13	49
Sample84	198	315	132	181	48	77	14	69
Sample85	100	527	0	182	51	11	48	66
Sample86	144	405	174	98	34	65	28	67
Sample87	485	19	147	95	88	21	91	32
Sample88	394	229	31	127	72	59	87	24
Sample89	461	95	59	66	206	47	65	15
Sample90	439	158	29	83	214	77	0	0
Sample91	462	91	93	50	24	149	110	47
Sample92	413	22	183	132	17	67	72	102
Sample93	413	60	142	86	119	40	70	78
Sample94	386	46	146	169	162	41	79	0
Sample95	515	123	52	100	86	57	36	23
Sample96	501	123	61	6	139	87	34	29
Sample97	528	26	102	76	40	50	90	88
Sample98	285	123	78	124	152	47	209	0
Sample99	188	362	17	0	152	0	152	102
Sample100	429	2	183	75	144	50	56	53
Sample101	463	63	136	59	138	64	55	22
Sample102	129	368	102	181	45	51	15	76
Sample103	421	99	175	79	46	76	58	31
Sample104	90	218	242	32	330	35	0	45
Sample105	139	336	97	173	23	91	62	64
Sample106	512	68	48	135	139	31	52	23
Sample107	407	119	83	24	228	116	37	0
Sample108	420	80	163	54	133	0	149	1
Sample109	407	116	181	103	0	19	118	36
Sample110	73	431	81	146	10	51	74	135
Sample111	249	0	90	144	58	231	230	11
Sample112	381	126	138	75	119	85	76	8
Sample113	135	0	490	221	41	0	17	68
Sample114	122	279	90	151	102	93	0	131
Sample115	384	88	210	82	62	106	66	23
Sample116	427	99	137	69	0	31	48	197
Sample117	512	68	48	135	139	31	52	23
Sample118	446	106	150	57	188	27	41	0
Sample119	129	92	124	235	19	192	212	5
Sample120	479	167	64	4	68	166	14	23
Sample121	439	136	26	104	162	39	23	63
Sample122	392	182	152	129	0	19	100	45
Sample123	113	45	488	15	230	110	24	0
Sample124	72	450	69	178	79	43	7	69
Sample125	101	354	135	164	63	52	18	81
Sample126	408	130	116	110	33	18	169	31
Sample127	180	117	450	0	70	79	7	57
Sample128	405	105	225	48	98	49	80	8
Sample129	520	113	66	83	24	61	54	51
Sample130	528	0	170	38	55	57	88	44
Sample131	416	115	118	59	69	55	73	80
Sample132	472	52	123	70	80	54	94	35
Sample133	473	57	70	138	144	35	68	23
Sample134	550	48	145	69	0	44	88	45
Sample135	430	46	153	43	78	43	87	135
Sample136	464	47	131	142	0	32	88	104
Sample137	472	44	130	75	8	18	84	157
Sample138	165	385	0	204	39	121	0	70
Sample139	264	202	128	114	60	113	0	134
Sample140	227	0	90	128	58	244	208	53
Sample141	514	57	118	70	83	31	81	35
Sample142	220	0	81	222	15	221	218	19
Sample143	408	63	211	20	0	0	69	210
Sample144	78	517	45	196	0	65	18	66
Sample145	140	421	68	166	24	30	0	119
Sample146	464	105	57	105	185	46	51	1
Sample147	179	407	123	170	32	41	10	74
Sample148	455	97	54	123	192	33	46	0
Sample149	101	282	499	0	10	14	95	26
Sample150	293	110	144	111	137	27	163	0
Sample151	484	102	158	46	0	75	81	34
Sample152	463	140	58	111	71	21	54	90
Sample153	401	59	92	166	115	39	142	22
Sample154	118	291	200	191	17	30	5	123
Sample155	356	88	232	93	113	47	48	15
Sample156	486	18	149	178	0	30	95	52
Sample157	487	79	62	140	126	37	46	23
Sample158	469	117	64	129	41	43	37	92
Sample159	499	23	126	129	105	49	28	29
Sample160	176	432	19	154	44	66	0	78
Sample161	414	169	52	94	165	2	61	51
Sample162	81	316	8	128	115	218	0	142
Sample163	408	129	137	49	115	71	81	18
Sample164	492	81	162	0	91	67	78	14
Sample165	496	109	112	79	42	46	66	39
Sample166	429	171	134	19	0	0	149	98
Sample167	321	79	113	93	134	0	237	9
Sample168	0	276	384	26	153	131	1	0
Sample169	113	419	85	153	0	76	0	132
Sample170	434	115	84	75	85	80	36	91
Sample171	512	68	48	135	139	31	52	23
Sample172	148	395	17	218	62	71	9	59
Sample173	153	369	4	205	89	87	0	70
Sample174	498	108	35	84	59	84	46	94
Sample175	108	416	19	211	46	116	21	45
Sample176	120	175	229	29	253	16	63	123
Sample177	108	310	72	218	50	100	0	115
Sample178	365	182	157	32	126	24	55	67
Sample179	475	62	121	69	50	73	63	79
Sample180	181	70	487	148	0	18	67	47
Sample181	399	75	130	126	128	74	51	9
Sample182	0	185	79	131	0	208	181	224
Sample183	399	132	116	78	159	64	37	7
Sample184	124	339	157	176	23	12	71	72
Sample185	269	0	22	166	33	278	226	20
Sample186	385	228	118	18	90	134	8	19
Sample187	383	98	57	210	226	18	28	0
Sample188	113	385	90	195	114	67	0	60
Sample189	355	78	82	131	97	0	229	16
Sample190	509	100	41	82	140	52	48	14
Sample191	412	127	92	59	151	95	46	10
Sample192	465	46	106	66	98	56	67	88
Sample193	135	0	490	221	41	0	17	68
Sample194	95	429	18	149	86	146	35	62
Sample195	507	0	144	41	71	87	116	34
Sample196	98	166	506	0	87	68	0	107
Sample197	141	374	72	195	37	42	34	72
Sample198	461	130	16	101	157	38	29	60
Sample199	436	149	77	83	119	19	29	78
Sample200	445	38	56	188	79	61	98	70
Sample201	462	52	145	23	149	53	76	32
Sample202	132	395	67	188	32	81	4	69
Sample203	233	146	16	13	98	244	231	37
Sample204	441	147	39	107	203	33	18	0
Sample205	90	379	114	164	68	0	52	114
Sample206	263	172	285	5	122	0	162	28
Sample207	487	79	62	140	126	37	46	23
Sample208	411	0	160	104	174	42	38	52
Sample209	90	312	0	121	0	230	141	125
Sample210	176	408	53	119	0	29	77	117
Sample211	135	0	490	221	41	0	17	68
Sample212	110	383	75	113	62	105	52	73
Sample213	84	513	76	160	0	23	51	68
Sample214	437	70	102	82	181	42	34	52
Sample215	278	0	76	66	40	276	189	89
Sample216	180	211	200	0	0	26	207	170
Sample217	135	433	84	178	0	61	0	77
Sample218	524	29	93	84	79	41	98	40
Sample219	3	0	91	0	464	84	226	131
Sample220	42	345	0	160	0	239	81	142
Sample221	112	432	152	96	41	39	24	133
Sample222	521	86	90	39	108	74	65	33
Sample223	148	414	54	172	60	57	53	10
Sample224	77	513	60	92	0	61	52	120
Sample225	485	208	6	27	126	89	39	12
Sample226	454	51	142	50	66	51	81	84
Sample227	428	41	183	66	112	37	76	72
Sample228	408	116	54	121	1	0	157	117
Sample229	263	0	107	126	37	209	236	40
Sample230	413	178	125	32	98	86	54	14
Sample231	0	189	0	311	96	185	72	110
Sample232	458	198	0	28	213	19	49	49
Sample233	125	95	521	32	134	47	0	20
Sample234	535	46	75	93	34	49	78	98
Sample235	517	38	79	76	78	126	38	33
Sample236	401	159	47	76	123	48	3	165
Sample237	135	0	490	221	41	0	17	68
Sample238	158	78	512	0	14	35	44	201
Sample239	430	121	161	114	17	61	21	91
Sample240	495	50	119	53	67	85	97	34
Sample241	500	28	70	93	198	64	31	2
Sample242	36	9	449	58	0	150	181	107
Sample243	64	370	146	205	0	102	9	79
Sample244	460	125	117	78	8	26	89	89
Sample245	350	162	165	56	66	75	20	119
Sample246	391	82	66	22	227	61	76	61
Sample247	495	46	64	131	152	28	74	24
Sample248	368	159	119	1	183	32	140	13
Sample249	457	131	14	113	185	47	28	4
Sample250	129	472	49	108	177	92	3	0
Sample251	219	0	83	155	54	221	215	70
Sample252	451	88	80	96	138	35	55	65
Sample253	430	91	158	56	135	40	54	15
Sample254	473	112	57	100	62	42	42	92
Sample255	107	424	55	124	6	49	105	124
Sample256	135	0	490	221	41	0	17	68
Sample257	480	68	132	73	24	36	44	135
Sample258	365	234	0	96	223	73	17	0
Sample259	485	127	150	25	12	97	44	52
Sample260	518	0	137	0	0	62	113	155
Sample261	211	0	79	87	141	258	205	27
Sample262	56	558	59	132	35	27	52	67
Sample263	70	508	51	148	89	49	0	59
Sample264	512	68	48	135	139	31	52	23
Sample265	269	0	0	136	124	246	242	0
Sample266	401	141	67	102	219	33	16	0
Sample267	233	186	216	86	140	22	47	70
Sample268	455	61	100	75	158	38	74	28
Sample269	169	251	154	0	152	46	190	51
Sample270	3	0	91	0	464	84	226	131
Sample271	398	135	144	37	99	151	25	19
Sample272	223	0	106	100	103	228	217	8
Sample273	146	451	0	73	47	88	58	122
Sample274	397	128	83	68	125	23	100	76
Sample275	444	146	123	97	66	96	24	31
Sample276	237	254	37	151	177	89	0	63
Sample277	443	67	98	146	141	49	43	0
Sample278	421	172	87	83	140	36	46	0
Sample279	416	107	155	39	96	110	35	67
Sample280	460	94	47	74	78	35	54	138
Sample281	484	20	150	165	0	45	69	85
Sample282	47	348	190	134	31	98	42	87
Sample283	464	123	20	109	199	43	25	9
Sample284	89	530	57	130	19	57	35	58
Sample285	101	0	343	71	256	110	109	0
Sample286	78	119	43	223	77	174	69	232
Sample287	471	108	21	111	206	63	28	0
Sample288	374	49	85	161	0	30	95	182
Sample289	428	87	126	78	184	55	69	0
Sample290	112	465	71	158	105	63	0	55
Sample291	92	442	60	163	0	74	10	123
Sample292	526	84	0	124	161	90	8	15
Sample293	248	8	34	114	72	270	248	5
Sample294	456	148	107	50	58	55	96	30
Sample295	411	78	235	84	61	52	63	8
Sample296	143	214	236	162	47	75	0	142
Sample297	420	143	108	80	126	19	30	66
Sample298	129	120	555	0	100	71	3	45
Sample299	469	116	195	36	0	70	88	34
Sample300	321	203	230	0	114	0	130	18
Sample301	61	318	40	241	205	0	41	75
Sample302	424	150	14	90	247	49	18	0
Sample303	508	91	117	74	73	41	51	45
Sample304	359	37	136	149	134	98	61	34
Sample305	157	414	81	158	134	56	8	21
Sample306	154	345	0	196	40	108	18	116
Sample307	451	6	218	24	35	42	143	100
Sample308	444	126	113	55	148	111	0	22
Sample309	437	92	102	99	141	86	44	7
Sample310	458	97	82	92	114	69	23	57
Sample311	423	0	274	44	0	46	110	88
Sample312	350	58	184	108	24	0	235	29
Sample313	135	0	490	221	41	0	17	68
Sample314	275	0	0	111	101	225	222	83
Sample315	455	131	64	70	139	94	31	16
Sample316	465	105	100	43	76	82	44	85
Sample317	401	196	3	100	228	86	0	0
Sample318	47	0	410	155	7	107	168	86
Sample319	456	90	113	49	74	136	49	33
Sample320	202	20	61	149	109	229	223	24
Sample321	513	70	100	81	59	56	68	33
Sample322	121	426	13	167	0	34	53	170
Sample323	512	68	48	135	139	31	52	23
Sample324	134	392	0	186	47	95	0	123
Sample325	528	64	123	45	0	120	66	54
Sample326	405	107	74	97	177	47	98	13
Sample327	381	47	191	79	92	96	78	36
Sample328	21	493	77	158	76	4	53	106
Sample329	48	455	141	115	86	25	45	113
Sample330	437	0	171	104	26	54	43	150
Sample331	0	206	0	143	240	152	85	147
Sample332	236	5	54	131	80	234	215	53
Sample333	176	352	0	176	68	105	25	83
Sample334	473	123	51	67	148	80	33	11
Sample335	47	376	0	128	24	218	83	138
Sample336	193	24	79	173	98	208	226	18
Sample337	403	165	125	101	91	32	77	21
Sample338	0	22	415	124	151	99	136	37
Sample339	465	145	66	44	98	57	69	70
Sample340	478	87	196	65	0	36	106	40
Sample341	365	96	245	89	0	0	172	69
Sample342	148	66	124	145	0	237	155	115
Sample343	446	147	126	63	11	120	21	93
Sample344	487	79	62	140	126	37	46	23
Sample345	147	350	48	220	65	75	0	70
Sample346	118	500	29	189	0	84	38	26
Sample347	431	152	85	48	20	44	98	101
Sample348	114	263	22	131	95	239	4	145
Sample349	203	240	150	0	32	0	262	85
Sample350	445	83	143	37	116	71	62	22
Sample351	448	141	69	79	125	34	73	17
Sample352	245	0	56	116	47	266	201	87
Sample353	8	223	463	0	0	16	181	101
Sample354	144	470	0	88	47	71	91	70
Sample355	365	134	7	135	123	4	145	55
Sample356	520	32	165	63	22	48	102	38
Sample357	487	27	186	102	18	57	92	46
Sample358	304	24	102	132	101	50	276	12
Sample359	137	262	196	139	111	13	100	78
Sample360	524	50	139	60	0	72	75	95
Sample361	430	36	133	122	122	144	0	21
Sample362	434	120	96	65	152	87	34	4
Sample363	415	188	9	78	243	86	0	0
Sample364	209	193	49	165	92	103	47	125
Sample365	454	155	153	0	0	44	101	108
Sample366	466	78	141	46	122	33	121	10
Sample367	134	423	159	110	51	56	48	47
Sample368	494	139	73	55	22	93	27	89
Sample369	532	87	139	50	0	60	70	51
Sample370	473	88	49	85	181	50	52	8
Sample371	470	39	119	57	110	89	86	30
Sample372	422	44	112	75	250	40	65	0
Sample373	198	222	195	91	86	131	0	93
Sample374	484	105	90	61	12	114	43	91
Sample375	207	51	0	161	202	193	206	0
Sample376	12	439	104	207	35	41	69	77
Sample377	137	261	85	0	262	164	93	21
Sample378	205	370	26	171	56	49	20	71
Sample379	440	83	141	122	80	49	71	28
Sample380	23	242	11	154	0	153	129	304
Sample381	463	153	85	48	40	102	19	90
Sample382	120	194	0	132	135	232	60	144
Sample383	467	83	153	99	17	16	133	54
Sample384	359	114	126	134	164	21	110	0
Sample385	441	111	79	94	59	26	182	36
Sample386	183	261	138	165	89	35	21	142
Sample387	454	48	112	84	81	66	77	97
Sample388	448	137	69	89	71	18	98	78
Sample389	468	123	131	4	81	58	70	84
Sample390	300	154	41	156	169	0	156	0
Sample391	100	566	11	96	7	44	18	123
Sample392	542	0	122	43	0	67	90	128
Sample393	3	0	91	0	464	84	226	131
Sample394	162	146	415	0	105	102	1	33
Sample395	217	197	77	119	20	140	20	191
Sample396	432	92	96	86	82	69	70	81
Sample397	508	78	95	68	79	56	62	33
Sample398	435	72	210	35	60	39	97	78
Sample399	383	59	100	138	178	36	74	0
Sample400	142	347	107	173	77	170	0	19
Sample401	135	0	490	221	41	0	17	68
Sample402	456	122	65	83	141	32	82	5
Sample403	494	16	165	150	0	81	46	33
Sample404	365	12	156	148	184	80	68	0
Sample405	512	68	48	135	139	31	52	23
Sample406	155	430	0	129	155	23	0	96
Sample407	116	197	333	11	84	118	84	19
Sample408	154	117	121	211	205	21	0	157
Sample409	93	290	147	188	0	0	91	173
Sample410	479	32	128	66	111	81	77	18
Sample411	161	235	245	119	126	17	45	72
Sample412	424	189	22	90	167	32	0	61
Sample413	114	329	57	200	230	0	23	28
Sample414	151	498	64	109	67	50	16	73
Sample415	273	91	158	136	0	45	118	161
Sample416	151	133	488	0	0	60	27	160
Sample417	310	84	160	122	12	0	223	69
Sample418	135	0	490	221	41	0	17	68
Sample419	495	101	103	116	13	83	44	37
Sample420	187	0	96	100	141	269	220	0
Sample421	118	403	59	164	0	7	55	169
Sample422	153	0	0	236	183	174	219	39
Sample423	417	149	130	82	135	33	28	15
Sample424	151	350	0	220	161	56	0	48
Sample425	477	131	87	35	95	109	33	33
Sample426	465	108	85	80	91	45	42	76
Sample427	184	0	86	155	191	161	226	0
Sample428	419	64	162	50	174	89	11	10
Sample429	433	152	77	32	68	125	23	90
Sample430	135	0	490	221	41	0	17	68
Sample431	450	32	109	142	89	10	87	81
Sample432	442	219	74	10	135	33	83	12
Sample433	3	0	91	0	464	84	226	131
Sample434	454	72	154	87	70	58	63	34
Sample435	137	261	85	0	262	164	93	21
Sample436	451	122	72	128	125	63	24	23
Sample437	426	60	209	55	65	38	71	84
Sample438	334	143	73	125	10	0	264	36
Sample439	100	452	0	52	162	106	0	101
Sample440	123	455	44	168	164	52	0	10
Sample441	385	60	260	32	62	104	57	18
Sample442	420	193	175	0	73	44	53	23
Sample443	193	286	267	0	114	118	22	0
Sample444	418	73	109	125	0	101	55	135
Sample445	456	32	127	126	105	38	107	22
Sample446	490	77	132	101	44	51	62	35
Sample447	48	367	0	118	97	212	90	87
Sample448	487	34	154	85	22	34	83	86
Sample449	87	490	0	176	82	54	9	73
Sample450	480	24	149	34	0	88	47	157
Sample451	398	235	27	60	173	86	30	5
Sample452	224	28	21	177	153	196	209	0
Sample453	492	58	130	44	0	89	68	97
Sample454	124	273	0	141	0	264	57	155
Sample455	79	514	114	156	80	39	36	5
Sample456	392	66	159	150	39	35	72	68
Sample457	406	66	77	94	118	74	184	0
Sample458	450	80	74	104	206	27	67	0
Sample459	421	210	86	0	40	105	44	86
Sample460	167	0	110	171	150	187	221	12
Sample461	323	183	146	54	212	90	0	0
Sample462	414	73	106	69	243	38	57	0
Sample463	157	334	46	145	108	57	3	117
Sample464	467	130	101	67	22	44	36	105
Sample465	482	117	65	93	65	81	42	35
Sample466	386	169	176	33	50	104	0	82
Sample467	167	276	147	103	151	49	0	127
Sample468	541	66	86	16	130	58	70	14
Sample469	466	50	171	52	78	48	97	30
Sample470	465	167	72	86	92	42	55	21
Sample471	259	322	20	126	139	83	2	77
Sample472	210	402	49	132	55	112	0	75
Sample473	381	137	152	35	0	41	83	189
Sample474	410	71	88	160	116	10	117	49
Sample475	36	138	533	0	0	76	84	103
Sample476	63	243	363	0	266	83	0	0
Sample477	497	136	72	82	0	35	42	125
Sample478	494	118	68	81	40	111	34	34
Sample479	403	195	107	51	140	105	0	14
Sample480	142	449	51	132	17	60	42	87
Sample481	413	127	27	110	253	19	37	0
Sample482	484	52	119	112	96	72	29	15
Sample483	429	139	92	67	127	33	62	65
Sample484	453	90	73	82	175	60	49	4
Sample485	509	103	36	95	133	46	41	23
Sample486	494	84	92	104	161	47	0	7
Sample487	167	373	17	105	82	57	56	126
Sample488	465	23	183	66	44	55	80	92
Sample489	490	79	112	87	41	64	64	35
Sample490	512	68	48	135	139	31	52	23
Sample491	69	495	60	188	0	33	51	83
Sample492	66	173	3	244	9	262	52	208
Sample493	405	107	113	88	0	86	123	101
Sample494	38	415	88	159	69	0	45	155
Sample495	384	167	136	79	135	20	56	4
Sample496	170	356	74	0	88	0	231	53
Sample497	200	101	176	184	133	4	0	194
Sample498	89	423	74	137	0	113	20	156
Sample499	428	68	166	115	49	74	60	32
Sample500	0	85	286	122	310	113	96	1
Sample501	7	0	441	67	28	132	150	183
Sample502	491	111	41	90	128	76	33	22
Sample503	435	263	0	82	137	43	51	2
Sample504	438	230	0	83	162	92	9	4
Sample505	457	0	210	120	57	27	117	28
Sample506	164	237	107	129	41	32	118	146
Sample507	483	118	92	0	150	50	62	25
Sample508	415	156	88	79	100	50	32	80
Sample509	50	186	63	214	143	180	116	62
Sample510	258	205	118	61	32	0	247	63
Sample511	185	19	46	160	185	279	141	0
Sample512	418	120	169	77	40	58	73	70
Sample513	510	26	136	79	96	24	94	23
Sample514	192	47	46	31	249	282	179	0
Sample515	367	104	111	70	250	12	41	45
Sample516	127	43	88	188	117	161	264	20
Sample517	487	124	118	60	67	40	83	29
Sample518	459	90	146	59	72	70	58	31
Sample519	493	56	202	34	0	35	133	47
Sample520	486	76	126	120	34	51	58	41
Sample521	442	63	132	0	0	115	82	158
Sample522	364	99	70	111	70	10	226	29
Sample523	219	391	0	158	30	64	29	88
Sample524	393	15	201	171	39	37	60	92
Sample525	223	0	104	85	62	230	252	52
Sample526	402	93	95	92	204	76	0	17
Sample527	135	12	87	168	118	203	285	0
Sample528	135	0	490	221	41	0	17	68
Sample529	424	86	95	92	144	84	44	10
Sample530	185	240	183	105	129	0	12	131
Sample531	445	161	97	52	79	17	116	25
Sample532	237	0	36	140	62	252	265	21
Sample533	349	120	238	54	132	57	28	1
Sample534	159	424	0	182	73	22	0	106
Sample535	377	87	118	151	140	0	89	62
Sample536	297	237	214	26	98	20	91	17
Sample537	466	116	99	50	6	66	42	147
Sample538	418	87	141	82	17	8	96	143
Sample539	192	144	296	0	0	65	228	89
Sample540	88	62	140	195	92	194	232	12
Sample541	345	145	157	73	65	3	76	128
Sample542	37	506	41	162	73	14	33	108
Sample543	442	29	178	109	43	86	80	33
Sample544	419	59	102	89	258	53	0	0
Sample545	253	0	18	160	73	199	308	15
Sample546	153	366	125	147	75	79	11	78
Sample547	553	59	68	0	46	91	107	55
Sample548	113	127	436	0	99	115	53	83
Sample549	56	174	411	47	0	9	128	175
Sample550	499	45	133	74	86	33	81	37
Sample551	453	75	112	76	63	48	62	90
Sample552	457	122	67	80	128	70	58	18
Sample553	419	79	191	63	126	30	53	23
Sample554	427	116	143	47	110	51	32	74
Sample555	146	374	87	160	0	94	17	107
Sample556	445	138	56	95	199	61	26	0
Sample557	470	162	114	67	44	0	103	27
Sample558	492	28	185	48	13	51	106	62
Sample559	309	168	206	56	139	14	101	7
Sample560	399	70	91	152	47	0	191	27
Sample561	3	0	91	0	464	84	226	131
Sample562	470	88	72	78	173	60	57	10
Sample563	117	459	13	183	41	55	60	56
Sample564	475	66	86	94	140	29	71	18
Sample565	450	0	260	34	84	112	64	10
Sample566	479	127	0	99	178	112	3	21
Sample567	495	12	168	56	0	24	115	103
Sample568	72	0	429	76	72	111	135	74
Sample569	204	313	93	65	75	0	184	60
Sample570	490	84	114	64	75	79	0	86
Sample571	490	127	122	5	88	80	42	31
Sample572	367	101	82	99	0	19	232	72
Sample573	118	229	424	15	65	70	64	39
Sample574	407	137	173	79	34	59	69	22
Sample575	169	0	98	113	65	281	248	43
Sample576	3	0	91	0	464	84	226	131
Sample577	447	22	146	151	1	93	96	44
Sample578	438	162	87	33	10	148	41	95
Sample579	124	405	95	127	0	126	0	106
Sample580	529	95	94	51	0	101	58	53
Sample581	443	44	210	68	160	16	67	0
Sample582	113	71	152	176	66	169	228	29
Sample583	450	88	133	41	110	63	78	29
Sample584	158	445	66	105	4	91	7	91
Sample585	3	0	91	0	464	84	226	131
Sample586	415	52	73	92	224	83	59	2
Sample587	7	262	0	63	75	175	190	253
Sample588	442	55	133	92	95	41	72	62
Sample589	168	378	73	123	128	78	0	66
Sample590	63	324	168	141	110	13	105	50
Sample591	439	117	178	65	19	27	106	29
Sample592	141	480	86	158	30	45	20	75
Sample593	0	211	219	217	144	58	118	5
Sample594	318	135	15	172	155	0	139	53
Sample595	443	9	156	116	66	117	79	22
Sample596	203	91	0	108	78	269	173	100
Sample597	10	257	11	165	151	303	14	97
Sample598	392	144	53	139	118	46	123	20
Sample599	483	117	83	87	101	53	45	23
Sample600	153	0	61	169	154	223	245	0
Sample601	502	73	141	45	0	82	61	88
Sample602	369	27	208	112	107	76	101	8
Sample603	162	282	108	39	79	84	141	113
Sample604	477	144	53	59	173	71	17	20
Sample605	448	113	92	112	76	13	123	39
Sample606	463	38	155	114	0	61	145	42
Sample607	394	98	120	97	33	53	143	89
Sample608	445	130	163	52	76	55	35	28
Sample609	471	158	93	46	51	64	70	32
Sample610	116	302	0	108	0	261	84	143
Sample611	434	157	4	86	228	98	1	0
Sample612	366	162	0	102	119	0	213	19
Sample613	450	159	83	0	44	39	82	143
Sample614	160	37	107	176	0	174	273	80
Sample615	531	32	129	47	14	68	102	62
Sample616	401	175	43	83	214	63	0	0
Sample617	77	323	0	184	0	208	90	133
Sample618	494	126	68	75	98	52	65	22
Sample619	449	114	122	87	133	75	0	9
Sample620	552	55	111	74	0	62	67	59
Sample621	429	123	85	81	99	65	33	77
Sample622	484	130	74	84	107	64	33	16
Sample623	386	132	141	111	24	0	207	28
Sample624	50	470	74	184	99	46	4	45
Sample625	244	153	0	167	232	0	198	0
Sample626	383	161	47	157	169	64	17	26
Sample627	254	3	70	154	61	237	225	16
Sample628	279	178	96	102	5	0	249	108
Sample629	481	191	37	22	74	58	67	78
Sample630	74	217	514	0	57	8	93	0
Sample631	428	113	110	136	72	63	44	20
Sample632	433	134	83	62	78	60	27	131
Sample633	173	339	74	157	22	66	0	137
Sample634	135	405	49	168	72	67	0	78
Sample635	525	69	69	61	73	72	74	42
Sample636	554	111	46	82	39	54	49	53
Sample637	446	32	142	110	92	83	89	21
Sample638	476	142	132	64	35	28	84	39
Sample639	458	96	175	24	24	112	48	41
Sample640	223	236	36	193	30	102	34	126
Sample641	418	200	182	9	0	62	30	91
Sample642	480	117	128	73	29	72	57	33
Sample643	199	10	100	114	8	208	248	127
Sample644	213	392	50	66	100	76	0	131
Sample645	487	40	137	80	88	74	73	2
Sample646	65	363	0	87	37	273	66	122
Sample647	140	404	44	176	3	140	0	78
Sample648	0	314	30	164	42	185	97	170
Sample649	375	95	204	174	25	22	73	32
Sample650	297	156	106	11	161	127	0	150
Sample651	445	91	103	64	122	46	91	30
Sample652	416	164	111	40	27	100	16	144
Sample653	421	51	181	107	45	108	4	75
Sample654	156	373	156	87	118	37	29	71
Sample655	460	76	75	143	76	98	44	20
Sample656	495	122	127	68	73	82	14	19
Sample657	449	95	202	0	0	107	100	32
Sample658	229	142	436	0	86	110	0	38
Sample659	339	188	68	163	1	0	196	19
Sample660	67	199	0	169	33	312	47	190
Sample661	123	409	52	172	0	82	0	129
Sample662	145	457	25	172	100	30	37	3
Sample663	418	75	104	134	9	43	149	83
Sample664	476	79	141	64	24	44	66	91
Sample665	131	28	169	148	82	223	228	7
Sample666	45	311	0	220	114	236	0	79
Sample667	165	119	527	14	123	60	2	22
Sample668	529	137	78	15	120	47	33	30
Sample669	240	0	0	183	125	281	178	0
Sample670	193	177	18	162	288	136	0	41
Sample671	120	406	31	169	60	31	23	154
Sample672	446	50	117	144	140	37	61	13
Sample673	491	111	41	90	128	76	33	22
Sample674	253	59	125	112	113	66	243	37
Sample675	458	66	144	87	57	59	83	31
Sample676	180	58	85	153	147	208	185	0
Sample677	412	143	160	0	131	108	42	19
Sample678	264	147	144	67	109	48	228	1
Sample679	411	29	105	126	2	0	173	129
Sample680	493	86	89	70	66	90	54	31
Sample681	430	35	142	133	9	48	67	136
Sample682	454	86	80	187	8	36	46	95
Sample683	414	133	171	60	0	35	84	88
Sample684	496	136	126	43	44	26	89	32
Sample685	57	366	0	76	153	211	26	122
Sample686	425	0	272	70	46	17	135	43
Sample687	443	0	140	124	117	28	84	72
Sample688	476	114	88	37	109	103	36	29
Sample689	512	68	48	135	139	31	52	23
Sample690	42	328	0	161	25	190	49	222
Sample691	493	55	180	47	6	65	27	98
Sample692	395	140	180	59	0	118	17	99
Sample693	494	125	21	106	117	58	26	39
Sample694	455	134	60	52	220	43	36	0
Sample695	426	104	108	72	122	41	48	79
Sample696	467	79	121	59	137	76	39	7
Sample697	164	317	84	184	108	48	2	70
Sample698	483	106	95	56	0	87	94	60
Sample699	79	392	62	135	0	109	18	213
Sample700	187	420	104	85	20	68	14	136
Sample701	448	96	140	58	78	48	62	85
Sample702	420	130	0	139	231	36	12	45
Sample703	292	172	81	101	0	90	212	65
Sample704	495	46	64	131	152	28	74	24
Sample705	204	364	61	119	46	93	0	81
Sample706	429	72	266	41	6	65	74	47
Sample707	505	50	141	78	70	25	85	35
Sample708	148	270	136	142	0	105	109	77
Sample709	89	0	431	98	77	103	135	68
Sample710	458	111	175	17	42	91	43	41
Sample711	136	348	16	144	63	83	29	168
Sample712	0	56	394	150	134	115	132	0
Sample713	544	44	88	83	95	59	33	43
Sample714	174	407	72	96	102	88	3	73
Sample715	398	93	46	126	222	29	52	61
Sample716	382	135	114	77	169	41	69	13
Sample717	135	0	490	221	41	0	17	68
Sample718	35	396	121	192	0	46	32	158
Sample719	165	328	126	40	67	203	30	75
Sample720	388	72	152	71	7	102	99	94
Sample721	506	103	47	114	133	46	20	18
Sample722	87	342	151	171	106	34	0	124
Sample723	444	125	90	69	12	57	38	178
Sample724	446	106	150	57	188	27	41	0
Sample725	104	378	51	153	87	54	28	146
Sample726	90	482	0	127	105	70	29	64
Sample727	399	144	130	103	139	22	34	17
Sample728	446	118	130	147	38	32	81	24
Sample729	264	168	166	154	23	7	0	204
Sample730	91	333	163	168	80	38	47	63
Sample731	191	390	96	150	42	57	32	76
Sample732	404	123	189	85	70	60	33	28
Sample733	423	67	52	90	150	76	59	69
Sample734	440	114	105	100	22	31	111	60
Sample735	470	103	87	66	0	124	59	91
Sample736	449	14	139	62	236	58	30	12
Sample737	216	335	50	19	166	0	132	64
Sample738	95	310	0	157	109	237	0	111
Sample739	485	165	15	97	95	73	19	38
Sample740	403	157	94	143	106	46	12	19
Sample741	496	68	103	128	12	66	66	49
Sample742	177	101	24	160	39	213	173	129
Sample743	444	145	111	39	59	134	27	26
Sample744	457	66	213	74	0	23	115	40
Sample745	306	204	184	47	170	31	72	6
Sample746	426	0	179	45	22	114	100	94
Sample747	0	246	130	85	97	222	86	148
Sample748	77	426	54	165	81	21	48	108
Sample749	499	101	99	99	34	54	61	34
Sample750	186	266	97	187	28	64	0	200
Sample751	476	98	120	102	18	66	42	96
Sample752	135	0	490	221	41	0	17	68
Sample753	391	145	26	83	242	28	70	1
Sample754	463	115	64	92	90	44	40	78
Sample755	490	65	133	74	75	68	63	17
Sample756	487	79	62	140	126	37	46	23
Sample757	115	357	60	133	38	97	23	160
Sample758	101	408	56	145	101	70	34	70
Sample759	408	34	109	172	40	78	147	34
Sample760	456	100	167	42	0	95	38	87
Sample761	473	57	70	138	144	35	68	23
Sample762	417	119	75	75	134	34	80	66
Sample763	451	95	122	61	25	60	59	112
Sample764	141	250	64	224	163	76	0	52
Sample765	462	67	189	90	21	32	97	42
Sample766	517	92	100	55	67	58	64	27
Sample767	238	197	81	182	46	24	0	214
Sample768	422	185	133	25	52	95	7	96
Sample769	379	145	85	90	96	2	184	0
Sample770	368	184	92	91	198	45	0	0
Sample771	477	44	93	107	175	56	71	3
Sample772	389	86	163	64	126	98	41	17
Sample773	382	223	77	61	155	33	33	16
Sample774	400	37	155	79	140	79	76	14
Sample775	319	136	123	15	86	0	207	92
Sample776	135	0	490	221	41	0	17	68
Sample777	19	246	42	157	96	229	83	142
Sample778	465	71	169	14	0	34	69	170
Sample779	80	358	4	246	140	56	0	95
Sample780	394	129	138	142	44	24	64	79
Sample781	388	192	97	95	160	0	81	0
Sample782	532	73	82	64	76	59	64	30
Sample783	421	148	126	102	88	18	86	11
Sample784	217	0	98	150	0	237	224	88
Sample785	412	114	107	131	178	48	28	0
Sample786	446	96	118	63	9	66	95	92
Sample787	404	152	203	68	113	50	14	4
Sample788	81	413	40	128	123	23	54	120
Sample789	225	329	0	203	0	76	52	88
Sample790	410	94	108	88	184	94	21	1
Sample791	501	83	100	22	166	105	0	31
Sample792	320	31	253	137	59	53	92	89
Sample793	146	177	404	0	0	177	68	51
Sample794	401	62	42	103	96	14	206	43
Sample795	414	124	114	59	52	81	79	94
Sample796	120	225	165	58	149	47	204	20
Sample797	441	49	149	43	134	79	79	26
Sample798	158	484	55	48	136	127	0	14
Sample799	64	389	44	201	158	51	21	46
Sample800	468	49	143	129	6	98	62	37
Sample801	456	54	147	64	137	44	68	30
Sample802	74	190	84	108	226	81	33	173
Sample803	443	77	78	82	159	83	64	22
Sample804	464	61	145	98	57	105	58	30
Sample805	547	57	127	62	0	58	81	49
Sample806	503	110	128	31	0	109	52	57
Sample807	495	46	64	131	152	28	74	24
Sample808	225	198	274	55	53	0	140	25
Sample809	122	400	35	261	0	79	8	76
Sample810	473	54	187	39	0	68	80	84
Sample811	484	81	116	88	85	65	58	23
Sample812	400	173	35	167	168	63	20	0
Sample813	478	95	72	90	120	57	57	10
Sample814	439	149	99	90	99	45	31	34
Sample815	438	140	20	84	215	68	35	0
Sample816	105	434	0	210	92	45	0	94
Sample817	397	57	63	166	210	40	101	0
Sample818	21	0	481	134	12	147	123	75
Sample819	409	115	0	146	109	55	89	60
Sample820	372	73	122	132	7	7	187	76
Sample821	440	70	194	79	49	11	104	72
Sample822	437	72	175	60	78	62	82	18
Sample823	420	73	150	92	169	61	35	0
Sample824	547	57	127	62	0	58	81	49
Sample825	129	234	186	160	105	5	99	62
Sample826	0	358	185	132	94	50	54	101
Sample827	418	111	193	67	0	40	91	88
Sample828	460	97	98	99	0	98	111	45
Sample829	433	134	57	108	135	39	23	63
Sample830	10	204	57	202	92	213	76	155
Sample831	503	31	158	74	56	27	101	29
Sample832	198	401	112	112	0	84	35	85
Sample833	476	11	140	178	0	38	97	52
Sample834	359	98	129	108	143	106	51	19
Sample835	135	0	490	221	41	0	17	68
Sample836	454	11	248	32	0	100	93	47
Sample837	140	468	8	155	75	46	32	64
Sample838	479	73	167	71	38	45	77	29
Sample839	435	131	154	35	69	128	29	37
Sample840	5	0	103	0	455	74	241	130
Sample841	199	338	27	139	131	64	43	40
Sample842	459	4	174	46	135	70	104	27
Sample843	135	0	490	221	41	0	17	68
Sample844	486	103	82	48	172	47	53	1
Sample845	140	391	43	191	13	109	0	79
Sample846	222	0	34	206	91	188	209	65
Sample847	323	67	100	103	94	56	238	20
Sample848	466	24	171	136	72	37	73	29
Sample849	191	17	48	163	89	235	231	39
Sample850	128	118	440	19	99	186	0	9
Sample851	260	205	205	53	153	67	22	49
Sample852	351	101	232	22	80	103	35	84
Sample853	173	402	0	176	74	66	25	71
Sample854	336	154	112	109	0	0	166	91
Sample855	135	0	490	221	41	0	17	68
Sample856	495	46	64	131	152	28	74	24
Sample857	5	62	402	115	0	119	194	83
Sample858	529	106	63	77	48	80	44	33
Sample859	163	0	92	155	145	239	214	0
Sample860	454	14	121	124	131	43	79	26
Sample861	487	79	62	140	126	37	46	23
Sample862	417	117	56	92	189	103	34	0
Sample863	462	87	136	55	90	81	55	26
Sample864	437	124	75	88	49	60	34	133
Sample865	85	478	41	161	77	59	55	11
Sample866	511	91	92	67	50	106	49	34
Sample867	447	60	131	97	142	48	68	7
Sample868	73	230	418	6	113	53	66	4
Sample869	207	84	255	0	81	137	146	110
Sample870	436	163	30	36	199	43	102	5
Sample871	112	304	196	0	224	26	98	59
Sample872	135	0	490	221	41	0	17	68
Sample873	133	493	99	102	110	31	11	55
Sample874	495	46	64	131	152	28	74	24
Sample875	324	147	153	0	56	17	68	197
Sample876	422	148	119	91	157	37	0	5
Sample877	135	0	490	221	41	0	17	68
Sample878	68	363	0	127	0	249	48	160
Sample879	109	256	376	0	98	93	49	0
Sample880	36	138	533	0	0	76	84	103
Sample881	369	159	54	150	90	4	60	129
Sample882	458	90	100	96	0	34	46	193
Sample883	235	203	134	147	116	12	0	138
Sample884	422	119	227	14	0	30	96	107
Sample885	461	118	92	52	0	21	106	150
Sample886	420	53	152	135	93	33	46	83
Sample887	380	151	86	87	77	67	56	88
Sample888	521	0	147	138	65	43	32	33
Sample889	42	399	100	150	203	24	23	39
Sample890	495	46	64	131	152	28	74	24
Sample891	427	47	167	106	0	85	78	90
Sample892	476	83	71	97	146	25	54	28
Sample893	419	234	102	46	61	21	71	38
Sample894	238	162	83	50	205	25	225	0
Sample895	177	0	107	168	34	232	254	44
Sample896	91	440	77	118	56	28	93	74
Sample897	496	47	135	63	23	68	77	63
Sample898	3	0	91	0	464	84	226	131
Sample899	483	42	150	73	83	91	54	16
Sample900	82	365	100	193	95	0	20	112
Sample901	474	112	154	70	45	70	47	46
Sample902	425	85	166	77	66	44	117	20
Sample903	457	42	29	147	125	10	152	12
Sample904	459	6	140	105	124	77	41	62
Sample905	372	155	94	12	100	64	76	127
Sample906	402	229	74	91	83	36	60	12
Sample907	494	58	100	71	65	90	68	33
Sample908	389	176	79	59	108	0	90	121
Sample909	414	67	113	79	138	65	67	71
Sample910	11	180	92	203	70	200	103	147
Sample911	493	64	106	126	31	75	55	42
Sample912	465	94	63	90	97	48	47	75
Sample913	124	336	58	171	66	31	77	118
Sample914	142	304	274	78	100	83	0	0
Sample915	441	40	126	57	138	89	19	70
Sample916	210	0	118	191	33	231	188	28
Sample917	389	93	92	93	219	76	52	0
Sample918	549	6	71	117	90	74	57	23
Sample919	225	0	46	172	129	226	188	0
Sample920	134	426	53	118	78	71	26	68
Sample921	408	112	50	208	0	74	58	114
Sample922	425	145	109	136	125	0	56	12
Sample923	497	28	183	102	0	44	83	48
Sample924	2	85	420	127	33	112	122	80
Sample925	386	0	145	143	163	86	95	5
Sample926	495	68	115	23	86	52	67	74
Sample927	404	111	145	74	142	75	45	4
Sample928	32	512	68	161	0	0	33	170
Sample929	378	155	155	77	60	48	73	68
Sample930	319	200	109	116	53	0	166	12
Sample931	135	0	490	221	41	0	17	68
Sample932	423	92	150	30	0	29	116	152
Sample933	284	222	52	67	110	107	176	3
Sample934	14	0	127	0	447	95	204	127
Sample935	492	65	41	100	170	82	9	29
Sample936	264	126	137	109	68	30	247	37
Sample937	105	66	134	179	88	177	229	25
Sample938	471	97	152	40	0	33	99	93
Sample939	425	112	144	74	160	25	38	7
Sample940	169	0	79	254	49	208	237	3
Sample941	135	0	490	221	41	0	17	68
Sample942	111	0	369	61	53	188	173	60
Sample943	117	416	122	211	5	98	0	69
Sample944	488	28	230	46	33	85	65	60
Sample945	491	123	99	64	0	58	43	107
Sample946	203	0	56	188	92	226	241	2
Sample947	181	16	62	208	93	257	199	0
Sample948	467	53	126	62	56	34	97	90
Sample949	364	72	95	75	31	54	249	34
Sample950	135	0	490	221	41	0	17	68
Sample951	422	0	180	125	131	44	93	13
Sample952	130	40	95	226	107	181	203	18
Sample953	455	131	64	70	139	94	31	16
Sample954	410	51	172	198	35	30	69	27
Sample955	411	100	211	0	0	89	66	100
Sample956	510	45	175	40	0	85	86	44
Sample957	87	324	94	114	22	132	80	162
Sample958	427	189	104	100	95	74	25	0
Sample959	451	120	174	30	38	83	49	74
Sample960	152	0	158	178	56	194	266	15
Sample961	375	114	61	80	172	115	36	67
Sample962	461	12	216	11	0	107	90	95
Sample963	120	296	62	16	171	41	217	95
Sample964	135	0	490	221	41	0	17	68
Sample965	185	428	70	111	49	70	1	68
Sample966	158	308	169	172	10	100	16	82
Sample967	64	133	359	0	207	148	56	13
Sample968	18	303	0	198	136	149	10	194
Sample969	344	168	57	108	77	32	170	18
Sample970	120	444	0	191	16	49	0	164
Sample971	3	0	91	0	464	84	226	131
Sample972	323	204	279	2	0	3	145	52
Sample973	135	0	490	221	41	0	17	68
Sample974	457	99	93	87	169	41	41	21
Sample975	135	0	490	221	41	0	17	68
Sample976	107	336	50	171	38	114	0	171
Sample977	453	228	83	0	37	37	84	86
Sample978	433	128	40	71	123	119	38	34
Sample979	24	102	322	109	142	127	93	63
Sample980	78	322	226	0	245	31	75	34
Sample981	446	128	167	23	0	108	42	64
Sample982	459	112	38	118	195	39	31	0
Sample983	487	60	0	127	162	48	22	117
Sample984	512	68	48	135	139	31	52	23
Sample985	101	454	67	135	78	40	0	113
Sample986	180	392	31	146	128	91	0	59
Sample987	194	166	176	112	13	134	0	213
Sample988	463	194	102	56	90	40	65	4
Sample989	452	125	153	56	86	76	29	15
Sample990	223	143	128	49	251	6	151	33
Sample991	489	97	156	0	0	78	60	98
Sample992	480	155	80	0	104	48	65	76
Sample993	516	73	29	73	102	73	106	36
Sample994	475	92	131	83	88	15	52	82
Sample995	441	66	29	185	163	61	82	0
Sample996	451	0	183	100	74	95	53	36
Sample997	421	156	39	60	223	78	15	0
Sample998	251	257	113	0	61	46	181	99
Sample999	164	445	62	134	31	79	0	66
Sample1000	500	101	109	54	103	40	47	26
Sample1001	378	33	159	98	165	114	68	11
Sample1002	492	70	125	64	28	35	84	102
Sample1003	392	150	114	86	89	68	17	63
Sample1004	105	392	35	203	81	3	58	100
Sample1005	455	117	55	78	172	43	43	15
Sample1006	468	61	162	168	0	58	58	33
Sample1007	426	142	109	57	111	48	28	79
Sample1008	202	402	0	138	63	24	0	157
Sample1009	452	59	140	44	86	98	32	89
Sample1010	497	18	180	70	72	53	97	28
Sample1011	464	0	162	77	89	45	48	130
Sample1012	284	0	492	22	3	59	92	65
Sample1013	487	79	62	140	126	37	46	23
Sample1014	125	340	8	193	74	89	42	110
Sample1015	359	172	180	79	0	19	108	83
Sample1016	417	194	17	60	228	65	33	0
Sample1017	174	5	41	200	0	210	294	94
Sample1018	189	237	222	97	130	62	0	63
Sample1019	385	49	146	132	47	0	138	71
Sample1020	512	68	48	135	139	31	52	23
Sample1021	175	0	115	206	26	243	203	40
Sample1022	469	152	48	82	115	33	70	17
Sample1023	135	0	490	221	41	0	17	68
Sample1024	188	17	95	151	93	271	166	35
Sample1025	444	60	96	152	138	38	63	9
Sample1026	92	134	532	0	12	86	80	99
Sample1027	451	227	116	32	51	92	14	25
Sample1028	269	276	41	69	25	35	196	108
Sample1029	152	394	66	193	0	112	0	63
Sample1030	441	41	182	93	60	67	76	25
Sample1031	135	0	490	221	41	0	17	68
Sample1032	238	208	74	133	93	37	190	39
Sample1033	173	0	102	138	25	245	160	162
Sample1034	436	151	114	67	14	41	72	126
Sample1035	426	109	194	25	32	91	61	47
Sample1036	160	422	0	188	39	83	28	59
Sample1037	142	494	50	106	81	89	0	67
Sample1038	146	0	104	143	134	231	250	0
Sample1039	79	208	480	5	126	82	0	28
Sample1040	417	112	144	62	77	44	122	30
Sample1041	297	117	145	122	163	0	59	83
Sample1042	470	129	67	79	135	37	54	17
Sample1043	135	0	490	221	41	0	17	68
Sample1044	1	0	414	116	122	123	157	61
Sample1045	485	22	149	106	0	46	84	97
Sample1046	407	112	145	28	51	79	68	137
Sample1047	376	258	0	88	234	21	42	0
Sample1048	443	109	116	41	59	126	2	84
Sample1049	505	32	154	44	46	109	36	52
Sample1050	478	79	171	41	0	34	128	54
Sample1051	104	394	0	119	141	29	64	122
Sample1052	96	487	0	178	72	41	0	105
Sample1053	497	66	128	52	94	25	60	70
Sample1054	366	124	117	119	115	0	159	15
Sample1055	187	420	92	99	1	94	43	100
Sample1056	416	172	67	118	132	75	0	28
Sample1057	469	121	111	58	85	27	87	34
Sample1058	106	277	94	181	210	25	44	35
Sample1059	255	7	94	80	16	246	291	29
Sample1060	218	0	31	142	95	236	236	47
Sample1061	316	229	37	8	76	30	162	129
Sample1062	346	78	133	65	0	111	216	38
Sample1063	110	399	89	149	25	63	63	76
Sample1064	472	63	101	88	80	85	68	43
Sample1065	507	124	83	70	44	33	83	41
Sample1066	99	405	58	177	3	29	59	135
Sample1067	492	112	89	55	74	83	44	30
Sample1068	436	89	64	97	234	45	34	9
Sample1069	135	0	490	221	41	0	17	68
Sample1070	0	332	0	192	161	207	48	67
Sample1071	174	313	201	137	0	109	5	77
Sample1072	401	138	106	114	98	45	87	19
Sample1073	44	394	4	117	10	227	69	153
Sample1074	401	144	84	99	0	40	142	65
Sample1075	374	79	108	97	136	18	61	127
Sample1076	492	86	129	108	37	114	3	39
Sample1077	457	178	128	20	27	35	109	46
Sample1078	394	72	190	0	146	50	118	15
Sample1079	117	84	604	0	113	44	31	26
Sample1080	136	427	39	190	0	40	29	114
Sample1081	429	27	140	102	96	111	29	74
Sample1082	485	79	87	88	147	41	56	9
Sample1083	480	43	131	176	4	68	60	46
Sample1084	385	115	144	126	20	0	214	31
Sample1085	495	85	133	63	67	54	58	37
Sample1086	486	103	78	85	122	49	47	16
Sample1087	468	81	0	105	234	96	2	0
Sample1088	142	193	176	12	370	23	37	32
Sample1089	480	77	151	61	12	76	67	57
Sample1090	46	380	198	162	45	3	78	123
Sample1091	426	140	85	90	42	72	72	73
Sample1092	472	103	116	92	33	90	57	45
Sample1093	496	44	155	46	0	69	100	70
Sample1094	469	127	51	63	134	74	53	21
Sample1095	187	0	44	175	49	296	189	60
Sample1096	483	104	60	70	0	100	0	168
Sample1097	437	3	178	84	119	51	58	56
Sample1098	507	112	31	69	142	84	44	19
Sample1099	365	168	59	106	137	22	112	6
Sample1100	158	30	56	241	139	165	218	0
Sample1101	407	97	115	103	178	103	16	0
Sample1102	183	0	85	131	98	217	243	39
Sample1103	299	0	27	163	97	263	159	0
Sample1104	287	237	132	4	5	20	276	20
Sample1105	468	74	139	14	0	171	0	142
Sample1106	290	197	87	0	150	170	14	92
Sample1107	386	205	87	36	54	122	57	45
Sample1108	481	0	157	107	52	52	88	48
Sample1109	233	137	197	111	282	10	1	0
Sample1110	510	26	150	25	82	87	95	25
Sample1111	320	276	30	109	82	0	155	10
Sample1112	484	65	47	89	40	56	43	157
Sample1113	210	201	410	0	29	62	83	28
Sample1114	338	189	106	100	62	81	118	32
Sample1115	499	62	107	98	62	51	64	37
Sample1116	78	91	537	110	86	0	88	10
Sample1117	296	28	455	42	0	92	37	58
Sample1118	379	186	68	86	193	67	0	0
Sample1119	185	222	94	142	29	0	115	178
Sample1120	467	13	131	162	28	35	84	88
Sample1121	0	217	84	114	36	300	111	170
Sample1122	298	126	160	131	18	37	225	6
Sample1123	179	385	23	123	23	153	9	91
Sample1124	422	116	115	72	115	59	35	66
Sample1125	443	154	73	46	0	99	69	140
Sample1126	437	124	150	40	49	110	37	68
Sample1127	290	233	186	44	61	49	36	85
Sample1128	382	165	61	74	245	57	8	0
Sample1129	115	380	94	143	87	49	45	69
Sample1130	201	0	144	165	33	216	205	21
Sample1131	512	68	48	135	139	31	52	23
Sample1132	121	307	291	0	35	15	235	18
Sample1133	330	53	142	110	222	51	81	38
Sample1134	183	482	1	129	0	64	36	73
Sample1135	197	0	33	237	61	219	209	58
Sample1136	18	357	46	50	181	226	44	94
Sample1137	437	88	148	68	56	61	66	76
Sample1138	352	135	144	79	168	106	26	4
Sample1139	313	59	211	151	140	111	39	3
Sample1140	151	159	127	113	0	141	66	211
Sample1141	135	0	490	221	41	0	17	68
Sample1142	135	0	490	221	41	0	17	68
Sample1143	162	377	102	95	135	100	0	50
Sample1144	137	261	85	0	262	164	93	21
Sample1145	243	0	53	197	47	260	182	14
Sample1146	422	137	93	71	79	133	15	76
Sample1147	136	427	59	187	9	71	0	86
Sample1148	490	106	128	64	48	87	50	19
Sample1149	442	87	72	186	116	78	36	19
Sample1150	502	111	68	64	77	107	35	28
Sample1151	150	391	80	165	0	95	4	116
Sample1152	218	13	88	125	32	203	288	48
Sample1153	135	0	490	221	41	0	17	68
Sample1154	93	428	37	175	52	55	15	118
Sample1155	311	0	160	159	32	99	195	31
Sample1156	531	48	89	78	36	77	29	101
Sample1157	418	94	58	76	213	40	72	15
Sample1158	377	191	45	100	156	89	0	50
Sample1159	117	473	72	177	2	40	13	81
Sample1160	204	88	60	138	41	273	197	6
Sample1161	476	67	118	71	7	48	144	83
Sample1162	517	98	69	73	7	124	2	95
Sample1163	196	159	122	5	220	58	159	54
Sample1164	458	79	162	72	52	36	66	83
Sample1165	143	390	32	164	28	86	48	91
Sample1166	482	22	162	76	71	42	108	22
Sample1167	149	2	121	186	115	238	185	0
Sample1168	234	208	115	72	293	8	78	0
Sample1169	483	55	85	97	143	87	58	0
Sample1170	174	226	159	133	134	31	0	122
Sample1171	111	447	0	129	180	46	54	0
Sample1172	431	170	65	66	158	89	0	13
Sample1173	516	78	113	29	73	88	34	32
Sample1174	508	55	112	91	59	51	72	40
Sample1175	442	109	72	110	93	65	80	37
Sample1176	419	191	53	90	114	26	57	58
Sample1177	449	110	163	28	95	41	64	28
Sample1178	124	404	39	144	133	98	0	38
Sample1179	487	105	113	120	21	93	22	31
Sample1180	481	117	66	92	91	44	25	70
Sample1181	495	46	64	131	152	28	74	24
Sample1182	5	292	0	183	74	288	30	150
Sample1183	474	78	114	59	14	53	59	149
Sample1184	424	47	176	78	152	60	17	54
Sample1185	476	73	140	64	71	64	70	22
Sample1186	466	81	122	45	90	63	83	42
Sample1187	414	133	93	68	225	48	35	5
Sample1188	450	140	34	157	156	68	7	2
Sample1189	97	250	33	140	132	243	44	78
Sample1190	462	114	109	65	55	49	94	32
Sample1191	137	287	97	203	15	91	50	105
Sample1192	98	372	95	181	0	37	79	120
Sample1193	26	185	480	18	139	108	0	72
Sample1194	92	375	0	246	71	81	0	111
Sample1195	455	62	99	140	113	68	55	8
Sample1196	474	146	59	0	124	95	22	80
Sample1197	196	38	92	177	31	244	208	12
Sample1198	411	175	94	77	73	69	45	75
Sample1199	512	68	48	135	139	31	52	23
Sample1200	64	306	60	194	187	55	73	41
Sample1201	81	380	58	215	88	111	0	49
Sample1202	353	74	149	65	198	30	128	3
Sample1203	418	145	104	123	125	70	10	13
Sample1204	486	137	41	76	136	70	24	22
Sample1205	209	299	132	0	272	60	9	31
Sample1206	473	121	116	68	86	73	23	32
Sample1207	415	154	163	52	42	101	34	31
Sample1208	219	0	513	118	31	82	32	29
Sample1209	483	114	92	66	74	94	25	24
Sample1210	527	65	80	71	61	50	84	47
Sample1211	303	63	189	82	0	50	132	166
Sample1212	438	128	43	75	180	97	29	10
Sample1213	483	142	123	13	105	31	81	22
Sample1214	167	318	10	170	97	59	0	165
Sample1215	474	78	180	35	16	87	64	44
Sample1216	440	155	18	115	207	83	8	1
Sample1217	465	106	91	66	81	105	47	24
Sample1218	234	10	66	146	80	225	252	0
Sample1219	168	441	7	108	147	65	2	44
Sample1220	495	57	124	119	32	51	68	39
Sample1221	68	242	0	71	20	240	141	188
Sample1222	450	24	159	127	113	39	81	32
Sample1223	292	95	110	121	134	0	196	46
Sample1224	421	69	213	87	0	34	62	104
Sample1225	375	239	164	25	123	50	36	3
Sample1226	359	128	132	41	190	101	75	0
Sample1227	547	36	86	131	31	74	31	52
Sample1228	180	145	410	0	174	54	0	0
Sample1229	80	335	43	243	139	44	0	92
Sample1230	318	181	49	6	159	33	210	28
Sample1231	210	347	94	158	52	90	5	77
Sample1232	493	33	160	102	5	52	78	65
Sample1233	493	52	117	132	29	51	69	37
Sample1234	386	47	150	156	93	47	71	65
Sample1235	55	255	0	144	58	252	103	146
Sample1236	458	104	134	74	49	73	48	40
Sample1237	495	46	64	131	152	28	74	24
Sample1238	129	221	70	157	121	71	70	135
Sample1239	511	100	61	77	126	49	52	16
Sample1240	100	398	97	97	0	127	10	158
Sample1241	167	244	84	27	173	0	213	64
Sample1242	415	106	139	70	118	37	56	59
Sample1243	39	449	98	225	80	38	11	41
Sample1244	465	47	57	150	123	23	148	10
Sample1245	48	405	89	194	159	21	24	39
Sample1246	505	101	79	62	38	86	98	39
Sample1247	443	103	160	66	92	45	51	21
Sample1248	132	446	120	137	39	88	36	30
Sample1249	424	95	94	72	204	49	54	0
Sample1250	59	453	53	190	0	58	85	81
Sample1251	497	56	137	53	39	87	71	45
Sample1252	224	69	211	127	88	17	237	14
Sample1253	468	175	80	56	28	5	102	94
Sample1254	438	111	84	95	100	46	37	81
Sample1255	454	149	21	92	227	27	15	0
Sample1256	456	39	167	84	18	60	104	80
Sample1257	459	132	60	68	143	65	53	20
Sample1258	475	124	65	59	0	97	48	111
Sample1259	487	92	107	113	27	20	113	49
Sample1260	23	299	162	161	77	80	17	165
Sample1261	152	0	82	199	130	203	252	0
Sample1262	513	70	100	81	59	56	68	33
Sample1263	452	89	153	90	42	79	55	32
Sample1264	345	143	150	41	168	0	136	39
Sample1265	515	113	71	26	49	52	55	99
Sample1266	91	399	5	192	177	53	0	57
Sample1267	146	354	96	111	80	67	47	74
Sample1268	497	121	51	80	87	52	105	25
Sample1269	468	97	142	36	39	71	99	40
Sample1270	255	293	0	156	14	36	100	127
Sample1271	378	105	201	116	46	30	110	29
Sample1272	423	26	120	110	48	57	159	31
Sample1273	461	54	139	121	0	47	57	136
Sample1274	307	105	126	81	0	39	272	71
Sample1275	123	501	35	151	39	23	36	73
Sample1276	162	0	70	225	155	191	212	0
Sample1277	135	0	490	221	41	0	17	68
Sample1278	108	434	97	159	0	53	64	69
Sample1279	451	39	126	136	88	17	104	25
Sample1280	212	3	108	109	67	218	261	8
Sample1281	225	19	32	146	62	217	263	44
Sample1282	378	37	44	219	0	123	72	106
Sample1283	138	142	0	140	72	218	104	188
Sample1284	487	79	62	140	126	37	46	23
Sample1285	72	364	127	126	26	24	55	207
Sample1286	171	155	316	0	213	95	0	14
Sample1287	464	46	156	92	18	83	86	35
Sample1288	124	368	194	122	0	26	109	38
Sample1289	480	93	83	75	85	47	40	86
Sample1290	380	140	120	128	77	51	30	82
Sample1291	280	105	48	174	189	56	149	18
Sample1292	468	49	162	69	88	49	89	34
Sample1293	413	246	136	22	22	103	18	32
Sample1294	386	183	43	98	171	14	42	76
Sample1295	325	158	153	64	0	45	92	163
Sample1296	254	80	229	123	58	45	212	7
Sample1297	245	0	35	136	99	213	223	57
Sample1298	73	392	145	94	111	33	0	117
Sample1299	15	245	0	156	214	250	29	109
Sample1300	439	47	99	159	148	39	61	8
Sample1301	435	134	65	76	43	48	74	133
Sample1302	0	112	425	49	37	152	145	101
Sample1303	90	192	303	0	324	34	0	49
Sample1304	85	118	439	5	271	85	5	0
Sample1305	262	18	163	101	85	93	260	30
Sample1306	438	156	48	85	52	64	147	44
Sample1307	408	185	76	64	116	81	61	27
Sample1308	156	427	0	168	76	82	0	64
Sample1309	506	90	85	60	60	46	56	89
Sample1310	345	16	342	0	0	81	69	130
Sample1311	112	385	94	136	0	40	87	132
Sample1312	0	200	0	170	71	240	196	97
Sample1313	329	159	103	119	48	28	171	11
Sample1314	497	117	75	78	44	80	37	57
Sample1315	139	0	160	179	80	160	275	9
Sample1316	135	0	490	221	41	0	17	68
Sample1317	405	88	143	60	94	83	49	86
Sample1318	536	112	60	75	37	60	53	47
Sample1319	135	0	490	221	41	0	17	68
Sample1320	432	44	76	101	259	83	13	0
Sample1321	148	414	54	172	60	57	53	10
Sample1322	105	46	126	99	202	228	209	0
Sample1323	240	0	65	120	81	281	190	24
Sample1324	105	415	59	178	32	105	0	74
Sample1325	471	94	99	38	119	78	72	29
Sample1326	266	231	0	141	231	40	66	0
Sample1327	139	401	90	171	40	40	4	82
Sample1328	191	177	197	98	94	81	0	142
Sample1329	463	75	56	120	177	49	1	67
Sample1330	480	48	112	62	76	102	72	33
Sample1331	66	384	125	167	51	5	54	114
Sample1332	115	0	86	166	176	194	237	33
Sample1333	453	163	5	109	100	49	8	121
Sample1334	14	297	0	216	0	254	72	120
Sample1335	165	434	48	126	4	43	94	74
Sample1336	485	144	74	64	56	42	70	50
Sample1337	421	76	169	79	96	75	64	20
Sample1338	121	306	51	151	155	44	76	97
Sample1339	500	0	137	82	29	95	52	97
Sample1340	174	398	57	230	0	42	4	75
Sample1341	486	98	94	107	0	92	47	92
Sample1342	137	411	163	125	63	51	26	59
Sample1343	393	98	212	52	128	55	42	1
Sample1344	54	215	444	20	210	65	9	0
Sample1345	469	106	135	27	38	126	37	89
Sample1346	512	98	73	67	116	76	28	15
Sample1347	447	114	0	128	135	31	103	16
Sample1348	517	46	128	114	0	74	71	38
Sample1349	52	398	97	182	120	35	48	41
Sample1350	191	224	178	0	352	3	0	33
Sample1351	12	336	0	155	77	228	55	168
Sample1352	473	57	70	138	144	35	68	23
Sample1353	209	0	90	178	108	244	187	0
Sample1354	104	394	58	109	157	62	11	87
Sample1355	123	413	42	147	93	40	58	63
Sample1356	504	87	84	87	59	77	43	44
Sample1357	508	128	66	63	22	60	92	46
Sample1358	209	0	82	159	106	243	215	1
Sample1359	443	65	159	120	97	26	53	29
Sample1360	533	81	85	79	59	52	66	34
Sample1361	133	375	88	132	36	0	55	161
Sample1362	86	377	102	259	0	19	73	64
Sample1363	148	439	120	101	12	60	4	91
Sample1364	495	8	165	110	7	55	93	46
Sample1365	337	129	137	62	159	39	107	64
Sample1366	397	100	201	48	97	15	89	71
Sample1367	484	13	103	99	169	68	83	0
Sample1368	413	43	211	101	26	90	94	30
Sample1369	0	327	0	159	106	168	71	172
Sample1370	456	101	63	143	110	66	26	15
Sample1371	437	116	51	152	180	41	27	4
Sample1372	193	259	172	0	282	49	26	0
Sample1373	137	516	24	127	116	47	3	58
Sample1374	450	115	76	60	167	69	36	19
Sample1375	409	240	93	13	78	71	69	27
Sample1376	453	135	112	0	87	86	90	25
Sample1377	463	112	99	69	22	89	38	100
Sample1378	529	106	63	77	48	80	44	33
Sample1379	501	91	74	80	131	28	71	11
Sample1380	192	164	129	0	149	119	207	58
Sample1381	131	310	86	145	96	118	30	68
Sample1382	0	183	518	116	34	21	96	18
Sample1383	420	0	90	181	110	58	115	12
Sample1384	371	100	120	166	72	1	169	35
Sample1385	114	363	169	115	40	35	56	90
Sample1386	426	144	168	113	8	0	68	81
Sample1387	406	102	97	85	179	38	79	14
Sample1388	406	113	195	73	75	44	89	13
Sample1389	469	138	154	57	35	77	43	35
Sample1390	69	475	23	185	44	40	51	102
Sample1391	183	454	154	6	0	89	8	133
Sample1392	221	276	136	16	33	5	172	131
Sample1393	169	276	128	242	104	5	56	0
Sample1394	496	32	189	79	6	104	36	47
Sample1395	456	147	107	64	106	59	21	55
Sample1396	460	126	92	53	13	59	101	96
Sample1397	516	98	57	88	58	99	31	45
Sample1398	466	49	211	61	18	38	96	42
Sample1399	415	116	50	119	241	27	32	0
Sample1400	474	96	181	21	0	72	60	88
Sample1401	459	59	98	155	73	23	55	78
Sample1402	305	118	351	4	67	136	11	50
Sample1403	132	329	103	180	97	56	0	78
Sample1404	438	186	112	47	68	3	103	24
Sample1405	453	162	12	86	197	70	12	0
Sample1406	0	303	0	260	82	208	36	125
Sample1407	434	86	195	62	0	83	50	82
Sample1408	65	448	132	160	8	54	41	73
Sample1409	512	0	41	160	85	76	48	86
Sample1410	487	79	62	140	126	37	46	23
Sample1411	338	150	5	125	125	7	203	29
Sample1412	8	49	415	163	9	102	124	131
Sample1413	512	68	48	135	139	31	52	23
Sample1414	496	111	50	80	141	43	58	21
Sample1415	172	315	103	229	8	68	9	68
Sample1416	88	263	121	285	81	91	19	46
Sample1417	419	87	199	73	0	121	61	32
Sample1418	377	68	156	93	219	41	46	0
Sample1419	143	365	0	105	128	84	65	78
Sample1420	400	64	184	58	71	66	71	104
Sample1421	361	80	169	134	110	67	59	46
Sample1422	188	0	31	130	126	272	242	7
Sample1423	184	0	85	189	52	223	212	25
Sample1424	392	160	37	93	48	46	181	23
Sample1425	449	97	84	94	69	142	38	35
Sample1426	129	365	14	174	153	49	19	70
Sample1427	512	68	48	135	139	31	52	23
Sample1428	25	226	135	190	163	113	27	102
Sample1429	535	20	104	80	109	75	37	29
Sample1430	182	460	43	116	112	66	37	19
Sample1431	506	0	151	73	126	48	100	10
Sample1432	460	51	162	64	105	56	82	12
Sample1433	135	0	490	221	41	0	17	68
Sample1434	98	465	99	106	23	72	0	124
Sample1435	530	122	77	41	72	78	44	28
Sample1436	412	146	151	48	87	83	26	26
Sample1437	443	181	7	53	279	49	2	0
Sample1438	530	131	69	77	45	87	11	35
Sample1439	135	0	490	221	41	0	17	68
Sample1440	436	43	119	177	33	59	62	84
Sample1441	129	428	61	175	139	58	0	45
Sample1442	486	79	107	110	0	65	61	107
Sample1443	468	79	62	99	152	50	46	24
Sample1444	120	385	46	205	0	121	14	75
Sample1445	119	408	57	143	81	104	0	62
Sample1446	399	140	167	72	73	77	62	36
Sample1447	119	219	84	245	212	0	53	42
Sample1448	431	90	133	84	138	45	55	10
Sample1449	467	104	100	24	110	40	104	43
Sample1450	474	64	106	96	47	129	63	36
Sample1451	295	67	108	148	128	66	182	7
Sample1452	441	50	104	71	178	70	65	21
Sample1453	469	152	48	82	115	33	70	17
Sample1454	253	158	89	131	148	22	218	0
Sample1455	457	152	79	70	126	75	21	20
Sample1456	499	112	116	29	0	82	44	110
Sample1457	461	80	180	86	94	34	35	10
Sample1458	15	290	0	118	84	211	81	219
Sample1459	433	94	91	108	94	73	43	72
Sample1460	120	437	57	214	0	50	15	88
Sample1461	435	19	137	111	166	92	9	11
Sample1462	45	276	0	129	176	220	17	153
Sample1463	126	158	401	0	93	187	56	8
Sample1464	388	38	151	114	165	16	110	18
Sample1465	532	42	138	64	0	63	86	48
Sample1466	466	66	102	63	47	40	66	142
Sample1467	82	309	50	119	65	193	56	143
Sample1468	421	103	67	51	161	127	37	60
Sample1469	418	36	135	3	113	138	84	73
Sample1470	419	27	129	204	0	43	84	94
Sample1471	78	290	232	0	176	96	99	0
Sample1472	133	343	111	212	0	33	28	124
Sample1473	72	347	0	84	9	244	101	159
Sample1474	125	364	201	104	0	132	0	97
Sample1475	503	117	49	77	120	55	48	11
Sample1476	42	372	34	197	185	33	6	119
Sample1477	328	149	66	122	114	69	134	7
Sample1478	474	147	71	81	115	61	28	23
Sample1479	427	95	156	50	65	103	53	36
Sample1480	453	93	104	86	126	50	52	15
Sample1481	241	0	89	131	23	256	221	47
Sample1482	436	123	171	67	32	78	50	35
Sample1483	440	122	63	80	132	86	38	18
Sample1484	464	40	182	26	33	90	87	56
Sample1485	473	57	70	138	144	35	68	23
Sample1486	489	68	125	61	30	41	86	100
Sample1487	183	170	119	89	197	51	140	39
Sample1488	424	42	140	126	103	33	73	67
Sample1489	514	152	72	64	19	58	72	34
Sample1490	487	59	174	43	0	92	77	46
Sample1491	68	247	27	255	5	207	85	117
Sample1492	188	316	109	95	0	76	43	200
Sample1493	408	127	105	93	0	13	196	94
Sample1494	80	178	0	197	0	186	154	223
Sample1495	440	93	154	60	47	69	49	80
Sample1496	260	171	125	104	14	23	69	220
Sample1497	347	87	104	98	254	87	49	0
Sample1498	510	126	43	52	156	49	38	18
Sample1499	487	36	146	68	98	30	81	35
Sample1500	171	242	60	210	130	44	52	66
Sample1501	98	493	51	152	52	57	0	71
Sample1502	202	36	124	50	40	257	248	62
Sample1503	458	86	116	195	92	43	25	2
Sample1504	411	104	64	94	169	37	120	19
Sample1505	369	142	167	81	24	81	36	92
Sample1506	183	11	135	136	0	214	279	60
Sample1507	185	179	397	0	54	108	66	29
Sample1508	32	192	12	216	77	233	49	192
Sample1509	433	131	88	89	88	18	77	68
Sample1510	502	102	55	93	130	63	40	7
Sample1511	323	123	163	91	176	79	72	0
Sample1512	135	0	490	221	41	0	17	68
Sample1513	418	120	106	78	138	56	75	24
Sample1514	488	78	166	107	0	37	63	41
Sample1515	455	131	64	70	139	94	31	16
Sample1516	415	53	111	88	153	102	67	11
Sample1517	175	303	71	132	258	37	0	44
Sample1518	397	168	1	121	262	21	50	0
Sample1519	135	0	490	221	41	0	17	68
Sample1520	50	211	0	189	182	266	46	73
Sample1521	430	62	227	111	37	64	55	14
Sample1522	74	308	26	128	41	251	18	155
Sample1523	471	88	120	92	102	36	81	24
Sample1524	170	4	141	81	31	260	210	119
Sample1525	463	89	100	94	180	42	50	0
Sample1526	502	75	116	75	60	54	63	34
Sample1527	482	117	102	61	51	47	91	34
Sample1528	115	37	106	186	176	184	210	0
Sample1529	438	99	146	112	0	17	99	81
Sample1530	163	401	60	185	21	55	9	74
Sample1531	424	110	69	81	155	85	93	9
Sample1532	464	115	78	92	130	22	78	13
Sample1533	3	0	91	0	464	84	226	131
Sample1534	132	299	219	0	0	0	235	109
Sample1535	395	189	38	48	216	90	45	0
Sample1536	503	49	57	93	131	94	70	11
Sample1537	528	61	138	78	0	101	69	40
Sample1538	398	192	0	115	209	47	0	47
Sample1539	436	17	247	102	30	69	81	33
Sample1540	473	81	125	80	19	46	60	95
Sample1541	463	73	136	43	102	78	77	28
Sample1542	0	312	0	133	226	221	0	123
Sample1543	228	383	38	113	40	90	0	76
Sample1544	458	98	44	122	202	16	46	6
Sample1545	390	122	94	128	34	41	42	163
Sample1546	410	143	0	126	90	19	161	18
Sample1547	485	54	165	105	20	27	59	77
Sample1548	18	304	3	156	49	258	75	150
Sample1549	524	114	81	80	35	68	29	41
Sample1550	513	70	100	81	59	56	68	33
Sample1551	23	240	0	140	173	228	67	137
Sample1552	3	0	91	0	464	84	226	131
Sample1553	157	323	73	183	0	81	80	84
Sample1554	96	449	0	167	103	48	53	71
Sample1555	106	0	138	190	110	185	251	35
Sample1556	118	118	378	59	104	100	56	30
Sample1557	420	151	114	128	133	18	11	5
Sample1558	467	48	147	110	79	57	70	22
Sample1559	120	436	0	142	107	67	0	108
Sample1560	403	90	16	82	224	96	43	46
Sample1561	543	20	150	66	18	50	87	46
Sample1562	449	100	100	86	171	34	40	0
Sample1563	167	458	78	67	0	107	11	136
Sample1564	3	0	91	0	464	84	226	131
Sample1565	141	412	32	183	40	53	12	92
Sample1566	113	417	106	155	56	36	40	64
Sample1567	278	89	141	141	81	52	225	2
Sample1568	512	68	48	135	139	31	52	23
Sample1569	189	375	133	128	15	86	0	82
Sample1570	124	486	55	62	101	134	0	68
Sample1571	453	13	131	117	74	40	100	87
Sample1572	98	305	14	173	60	199	35	129
Sample1573	418	67	85	64	114	101	74	77
Sample1574	194	171	154	96	62	58	168	108
Sample1575	135	0	490	221	41	0	17	68
Sample1576	215	145	127	161	141	15	208	0
Sample1577	125	447	51	172	53	67	0	65
Sample1578	75	388	40	173	99	73	67	58
Sample1579	498	3	128	82	6	82	118	98
Sample1580	393	92	66	88	281	54	34	0
Sample1581	452	23	98	113	0	4	202	73
Sample1582	449	69	132	41	151	62	83	21
Sample1583	452	137	130	47	118	60	21	27
Sample1584	121	354	97	166	131	110	0	55
Sample1585	477	102	101	46	85	95	48	31
Sample1586	91	432	0	132	184	111	0	37
Sample1587	445	161	118	46	54	44	79	38
Sample1588	140	108	0	153	110	228	177	98
Sample1589	208	197	411	28	37	87	13	43
Sample1590	200	305	38	242	10	97	0	88
Sample1591	418	122	120	42	77	102	97	37
Sample1592	144	235	95	150	0	18	106	227
Sample1593	328	205	129	3	97	140	47	78
Sample1594	437	90	187	27	11	79	47	106
Sample1595	320	125	141	46	0	26	233	85
Sample1596	394	74	148	123	44	31	118	86
Sample1597	136	433	0	178	117	34	10	58
Sample1598	483	0	159	108	69	38	60	83
Sample1599	389	0	73	144	71	81	174	74
Sample1600	361	34	153	153	191	38	92	5
Sample1601	478	110	67	89	107	65	62	30
Sample1602	440	49	114	83	179	32	83	6
Sample1603	526	88	122	34	0	65	56	117
Sample1604	121	277	164	226	0	25	28	195
Sample1605	161	319	10	227	29	59	0	172
Sample1606	93	388	116	198	24	96	48	11
Sample1607	439	94	170	58	49	58	45	87
Sample1608	480	134	90	74	7	34	78	95
Sample1609	449	146	95	42	103	61	74	22
Sample1610	439	131	97	84	158	36	34	47
Sample1611	140	218	167	245	40	41	0	185
Sample1612	421	146	163	61	65	20	78	74
Sample1613	420	87	136	106	0	56	115	88
Sample1614	419	91	112	110	164	74	44	0
Sample1615	165	335	17	197	0	67	47	137
Sample1616	440	128	109	55	94	9	111	80
Sample1617	191	330	0	191	31	95	23	121
Sample1618	135	0	490	221	41	0	17	68
Sample1619	67	380	0	113	0	227	55	160
Sample1620	3	0	91	0	464	84	226	131
Sample1621	426	88	160	132	58	37	39	44
Sample1622	436	106	192	22	22	94	29	91
Sample1623	260	158	222	59	57	99	47	82
Sample1624	112	511	72	138	50	46	15	80
Sample1625	447	63	123	126	98	44	83	24
Sample1626	139	0	137	100	108	294	184	46
Sample1627	5	278	0	152	107	215	110	140
Sample1628	110	248	244	142	105	46	98	33
Sample1629	474	126	156	62	23	15	72	72
Sample1630	166	379	65	100	32	56	0	178
Sample1631	222	47	301	130	0	87	124	103
Sample1632	266	0	78	170	105	215	173	9
Sample1633	260	21	482	0	27	96	54	43
Sample1634	426	111	157	72	171	23	40	0
Sample1635	475	147	7	100	191	54	18	8
Sample1636	424	23	0	222	146	4	148	0
Sample1637	210	233	155	22	91	0	163	113
Sample1638	458	109	45	75	176	64	44	15
Sample1639	547	84	32	84	135	89	5	16
Sample1640	491	93	45	83	131	50	70	23
Sample1641	488	98	32	78	158	74	56	24
Sample1642	204	259	45	26	210	0	196	35
Sample1643	439	255	0	26	213	23	56	1
Sample1644	205	409	0	97	0	77	38	140
Sample1645	135	0	490	221	41	0	17	68
Sample1646	412	147	70	86	210	39	62	0
Sample1647	143	0	89	178	145	246	217	0
Sample1648	175	341	45	163	120	86	0	46
Sample1649	79	313	147	166	96	11	15	189
Sample1650	124	387	103	174	21	84	13	73
Sample1651	320	237	0	126	0	0	196	115
Sample1652	253	0	60	182	67	267	183	1
Sample1653	127	497	81	124	73	62	7	17
Sample1654	448	165	17	98	129	50	50	61
Sample1655	53	261	119	256	215	60	0	17
Sample1656	135	0	490	221	41	0	17	68
Sample1657	382	155	185	120	22	27	69	32
Sample1658	416	102	105	92	204	31	80	0
Sample1659	449	168	209	38	0	39	55	32
Sample1660	469	31	65	103	233	62	45	0
Sample1661	355	156	43	76	287	102	0	0
Sample1662	109	393	71	218	21	50	21	90
Sample1663	356	170	45	131	137	106	0	63
Sample1664	528	62	55	85	62	86	70	37
Sample1665	570	78	75	16	34	73	75	51
Sample1666	0	325	383	0	18	111	162	19
Sample1667	9	327	0	193	125	208	32	121
Sample1668	166	258	0	99	285	0	148	17
Sample1669	120	467	9	170	103	28	18	53
Sample1670	91	295	157	0	242	138	11	48
Sample1671	495	46	64	131	152	28	74	24
Sample1672	260	21	482	0	27	96	54	43
Sample1673	418	99	77	186	125	31	17	55
Sample1674	512	68	48	135	139	31	52	23
Sample1675	458	90	130	54	56	59	60	85
Sample1676	132	482	5	126	133	46	5	44
Sample1677	199	407	49	81	93	29	42	126
Sample1678	464	139	53	59	172	75	25	13
Sample1679	181	332	84	227	11	67	0	67
Sample1680	210	42	33	133	73	236	244	41
Sample1681	448	54	110	123	96	46	73	35
Sample1682	250	175	175	93	119	60	100	51
Sample1683	119	402	124	141	2	79	41	67
Sample1684	285	0	110	146	21	160	249	10
Sample1685	180	371	0	198	16	76	24	117
Sample1686	260	21	482	0	27	96	54	43
Sample1687	503	85	98	79	78	41	62	43
Sample1688	508	46	137	70	0	46	76	102
Sample1689	465	117	132	44	43	117	52	30
Sample1690	416	35	162	162	11	103	65	38
Sample1691	0	119	439	87	149	102	118	8
Sample1692	402	131	151	61	16	22	41	156
Sample1693	390	134	175	79	95	58	76	7
Sample1694	75	564	0	142	81	75	0	42
Sample1695	158	443	94	136	0	85	39	72
Sample1696	106	336	8	92	280	0	156	16
Sample1697	487	79	62	140	126	37	46	23
Sample1698	137	261	85	0	262	164	93	21
Sample1699	123	374	137	93	161	46	50	51
Sample1700	506	120	115	46	23	82	77	31
Sample1701	448	61	146	81	174	30	68	0
Sample1702	402	107	77	169	69	0	156	0
Sample1703	341	153	164	101	15	0	190	65
Sample1704	483	131	102	67	0	67	28	139
Sample1705	242	339	4	153	0	75	72	88
Sample1706	224	189	225	71	0	0	185	88
Sample1707	482	90	56	69	92	40	91	88
Sample1708	135	0	490	221	41	0	17	68
Sample1709	466	142	106	129	0	78	60	34
Sample1710	413	0	205	89	0	47	97	141
Sample1711	438	36	122	126	19	167	58	34
Sample1712	500	0	183	48	48	62	57	81
Sample1713	135	0	490	221	41	0	17	68
Sample1714	169	233	154	175	85	21	0	143
