MutationType	Signature A	Signature B	Signature C	Signature D	Signature E	Signature F	Signature G	Signature H
A[C>A]A	1.66E-03	2.67E-03	8.23E-03	2.96E-03	2.87E-07	2.74E-03	5.43E-03	1.10E-03
A[C>A]C	3.24E-03	3.03E-03	1.51E-03	3.06E-03	2.11E-04	8.82E-04	7.85E-04	1.24E-03
A[C>A]G	8.25E-04	6.86E-04	9.08E-04	6.93E-04	2.06E-04	2.52E-04	8.40E-04	3.00E-04
A[C>A]T	1.42E-03	7.27E-04	7.73E-04	1.00E-03	1.70E-04	4.83E-04	6.74E-04	2.75E-04
A[C>G]A	2.26E-03	1.55E-03	1.52E-03	1.01E-03	3.01E-04	5.36E-04	8.39E-04	6.37E-04
A[C>G]C	1.13E-03	8.07E-04	7.50E-04	8.44E-04	1.18E-04	6.87E-04	5.28E-04	3.39E-04
A[C>G]G	7.30E-04	6.51E-04	7.45E-04	5.12E-04	2.36E-04	4.68E-04	3.26E-04	2.48E-04
A[C>G]T	1.61E-03	1.51E-03	1.89E-03	1.81E-03	2.26E-04	8.05E-04	1.42E-03	4.30E-04
A[C>T]A	9.29E-03	1.94E-02	2.16E-02	8.29E-03	4.12E-03	1.17E-02	8.42E-03	7.02E-05
A[C>T]C	9.43E-04	8.76E-04	5.26E-04	4.12E-04	1.43E-04	4.16E-04	1.49E-03	4.39E-04
A[C>T]G	1.60E-03	1.24E-03	2.81E-03	1.25E-03	3.62E-04	5.85E-04	2.61E-03	7.35E-04
A[C>T]T	6.70E-03	2.32E-03	6.85E-03	6.53E-03	1.04E-03	3.90E-03	2.77E-03	6.07E-04
A[T>A]A	2.16E-03	1.32E-03	2.36E-03	2.58E-03	2.80E-04	2.00E-03	8.04E-04	5.39E-04
A[T>A]C	1.17E-03	3.32E-03	3.93E-03	1.47E-03	6.50E-04	9.18E-04	2.73E-03	1.04E-03
A[T>A]G	2.56E-03	1.99E-03	2.39E-03	2.35E-03	5.00E-04	8.83E-04	2.35E-03	1.45E-03
A[T>A]T	1.16E-03	8.36E-04	1.81E-03	9.77E-04	1.82E-04	6.67E-04	1.28E-03	3.59E-04
A[T>C]A	7.57E-03	8.93E-03	3.51E-03	5.83E-03	1.23E-03	7.15E-03	4.83E-03	4.25E-03
A[T>C]C	1.13E-03	5.02E-03	5.24E-03	1.21E-03	1.11E-04	2.38E-03	3.12E-03	1.85E-03
A[T>C]G	3.17E-03	2.81E-03	3.50E-03	2.52E-03	4.53E-04	2.53E-03	6.91E-04	1.87E-03
A[T>C]T	7.68E-03	9.22E-03	3.21E-03	1.23E-02	3.54E-04	9.04E-03	2.60E-20	7.38E-04
A[T>G]A	1.06E-03	6.11E-04	6.60E-04	1.19E-03	1.81E-04	4.77E-04	8.79E-04	4.61E-04
A[T>G]C	1.84E-03	2.84E-03	4.19E-03	1.02E-03	4.67E-04	1.08E-03	2.67E-03	8.33E-04
A[T>G]G	7.55E-04	9.21E-04	8.43E-04	8.02E-04	2.13E-04	4.10E-04	9.18E-04	2.86E-04
A[T>G]T	9.21E-04	7.59E-04	8.63E-04	4.70E-04	1.56E-04	6.42E-04	1.10E-03	3.69E-04
C[C>A]A	6.05E-04	7.55E-04	1.78E-03	1.02E-03	2.94E-04	7.56E-04	1.48E-03	3.24E-04
C[C>A]C	7.87E-04	6.52E-04	1.51E-03	7.29E-04	6.60E-05	5.40E-04	1.26E-03	3.26E-04
C[C>A]G	1.02E-03	6.93E-04	1.22E-03	1.18E-03	1.61E-04	7.18E-04	6.54E-04	3.16E-04
C[C>A]T	1.40E-03	7.67E-04	1.71E-03	1.30E-03	2.45E-04	8.92E-04	1.26E-03	5.28E-04
C[C>G]A	9.10E-04	5.94E-04	1.01E-03	7.60E-04	8.89E-05	3.42E-04	8.21E-04	3.92E-04
C[C>G]C	1.30E-03	4.63E-04	1.12E-03	1.01E-03	6.09E-05	4.49E-04	8.58E-04	2.08E-04
C[C>G]G	1.14E-03	4.69E-04	9.78E-04	9.79E-04	1.61E-04	4.02E-04	6.69E-04	4.35E-04
C[C>G]T	8.64E-04	6.96E-04	9.26E-04	6.30E-04	1.41E-04	5.70E-04	8.57E-04	2.48E-04
C[C>T]A	3.24E-03	1.31E-03	5.04E-03	2.67E-03	2.06E-04	8.73E-04	2.40E-03	1.24E-03
C[C>T]C	1.46E-03	1.12E-03	1.52E-03	6.90E-04	2.15E-04	7.65E-04	1.80E-03	4.01E-04
C[C>T]G	1.73E-03	1.32E-03	1.76E-03	1.19E-03	3.13E-04	9.69E-04	1.68E-03	6.53E-04
C[C>T]T	2.67E-03	3.47E-03	4.00E-03	3.91E-03	5.55E-04	1.41E-03	2.67E-03	1.35E-03
C[T>A]A	1.14E-03	8.48E-04	1.97E-03	9.09E-04	2.59E-04	5.63E-04	8.77E-04	3.89E-04
C[T>A]C	1.59E-03	2.89E-03	1.61E-03	1.29E-03	3.66E-04	1.80E-03	1.10E-03	6.89E-04
C[T>A]G	5.82E-03	2.46E-03	2.66E-03	5.28E-03	4.91E-04	1.88E-03	3.43E-03	6.79E-04
C[T>A]T	1.16E-03	7.07E-04	1.14E-03	3.91E-04	1.16E-04	4.63E-04	9.35E-04	2.67E-04
C[T>C]A	3.06E-03	2.69E-03	2.36E-03	3.38E-03	5.03E-04	4.06E-03	2.44E-03	1.04E-03
C[T>C]C	4.87E-03	2.68E-03	1.99E-03	4.91E-03	4.08E-04	2.95E-03	2.27E-03	2.09E-03
C[T>C]G	7.25E-04	1.01E-03	2.52E-03	7.76E-04	1.83E-04	7.95E-04	2.02E-03	3.42E-04
C[T>C]T	2.33E-03	4.45E-16	2.15E-03	2.44E-03	3.25E-04	1.45E-03	9.96E-04	8.11E-04
C[T>G]A	1.01E-03	5.33E-04	9.74E-04	8.56E-04	1.48E-04	3.44E-04	6.88E-04	2.65E-04
C[T>G]C	1.73E-03	1.70E-03	1.33E-03	1.59E-03	2.26E-04	1.85E-03	8.43E-04	4.29E-04
C[T>G]G	1.18E-03	7.45E-04	9.63E-04	4.33E-04	2.26E-04	4.28E-04	9.80E-04	2.59E-04
C[T>G]T	1.09E-03	8.40E-04	9.10E-04	7.61E-04	1.11E-04	5.22E-04	6.93E-04	2.75E-04
G[C>A]A	7.83E-04	1.44E-03	2.76E-03	1.01E-03	2.80E-04	9.11E-04	2.62E-03	6.07E-04
G[C>A]C	5.02E-04	1.41E-03	2.17E-03	4.74E-04	5.02E-04	6.42E-04	9.96E-04	6.21E-04
G[C>A]G	1.11E-03	1.20E-03	9.43E-04	9.16E-04	1.43E-04	4.76E-04	1.07E-03	3.08E-04
G[C>A]T	2.44E-03	4.60E-03	8.27E-03	1.64E-03	1.06E-03	3.56E-03	9.93E-03	1.11E-03
G[C>G]A	7.38E-04	6.92E-04	2.29E-03	8.51E-04	2.07E-04	5.12E-04	1.49E-03	7.34E-04
G[C>G]C	1.97E-03	2.23E-03	1.39E-03	2.12E-03	7.41E-04	6.72E-04	2.16E-03	9.80E-04
G[C>G]G	1.05E-03	8.33E-04	1.01E-03	6.06E-04	1.34E-04	6.21E-04	6.03E-04	3.81E-04
G[C>G]T	2.56E-03	2.48E-03	1.83E-03	3.36E-03	8.93E-04	1.34E-03	1.64E-03	8.58E-04
G[C>T]A	2.10E-03	2.03E-03	2.99E-03	2.18E-03	2.97E-04	8.88E-04	2.20E-03	9.07E-04
G[C>T]C	1.17E-03	2.03E-03	9.66E-04	5.40E-04	2.00E-04	1.32E-03	1.43E-03	4.56E-04
G[C>T]G	9.54E-04	1.07E-03	1.05E-03	1.05E-03	1.71E-04	6.45E-04	5.97E-04	4.21E-04
G[C>T]T	7.08E-03	4.35E-03	2.73E-03	7.19E-03	5.47E-04	1.18E-03	2.70E-03	2.51E-03
G[T>A]A	9.65E-04	7.20E-04	1.33E-03	8.70E-04	1.04E-04	7.27E-04	7.86E-04	2.99E-04
G[T>A]C	1.14E-03	7.56E-04	1.17E-03	6.28E-04	1.69E-04	5.83E-04	1.26E-03	3.32E-04
G[T>A]G	1.04E-03	4.74E-04	1.06E-03	4.77E-04	1.26E-04	3.96E-04	7.85E-04	4.27E-04
G[T>A]T	1.00E-03	7.12E-04	5.57E-04	7.66E-04	2.16E-04	4.88E-04	6.90E-04	3.79E-04
G[T>C]A	1.81E-03	1.27E-03	3.61E-03	2.02E-03	6.18E-04	2.21E-03	1.24E-03	1.04E-03
G[T>C]C	1.67E-03	9.18E-04	1.09E-03	1.01E-03	2.49E-04	6.39E-04	1.78E-03	8.14E-04
G[T>C]G	4.19E-03	2.98E-03	1.66E-03	4.25E-03	2.20E-04	1.08E-03	2.47E-03	1.44E-03
G[T>C]T	1.66E-03	3.27E-03	2.89E-03	2.05E-03	4.90E-04	4.53E-04	5.73E-04	1.05E-03
G[T>G]A	7.85E-04	9.57E-04	1.13E-03	8.45E-04	1.72E-04	6.28E-04	8.04E-04	4.04E-04
G[T>G]C	2.48E-03	2.45E-03	1.54E-03	2.10E-03	2.15E-04	5.42E-04	3.40E-04	9.85E-04
G[T>G]G	1.14E-03	7.86E-04	7.66E-04	8.72E-04	1.49E-04	4.83E-04	1.02E-03	4.63E-04
G[T>G]T	7.54E-04	9.03E-04	1.50E-03	6.04E-04	2.31E-04	4.08E-04	6.78E-04	4.37E-04
T[C>A]A	6.00E-04	1.05E-03	2.60E-03	1.86E-03	4.83E-04	1.24E-03	3.88E-03	8.45E-04
T[C>A]C	1.33E-03	2.66E-03	3.19E-03	2.56E-03	7.47E-04	8.41E-04	1.75E-03	9.90E-04
T[C>A]G	8.71E-04	6.41E-04	8.73E-04	8.04E-04	1.55E-04	5.25E-04	6.95E-04	2.69E-04
T[C>A]T	1.08E-03	8.76E-04	9.99E-04	6.35E-04	3.48E-04	3.84E-04	6.94E-04	2.68E-04
T[C>G]A	1.15E-03	3.71E-04	1.58E-03	5.90E-04	2.38E-04	5.17E-04	6.93E-04	3.62E-04
T[C>G]C	1.17E-03	7.16E-04	1.45E-03	1.26E-03	2.15E-04	7.54E-04	1.10E-03	4.43E-04
T[C>G]G	1.16E-03	6.33E-04	1.33E-03	9.37E-04	1.96E-04	4.10E-04	8.37E-04	2.85E-04
T[C>G]T	1.53E-03	1.59E-03	2.02E-03	1.37E-03	2.02E-04	4.75E-04	1.61E-03	7.64E-04
T[C>T]A	7.80E-03	2.07E-03	4.22E-03	6.06E-03	1.47E-03	2.08E-03	4.41E-03	7.44E-04
T[C>T]C	5.81E-03	2.01E-03	3.85E-03	2.15E-03	8.90E-04	2.73E-03	2.47E-03	2.14E-03
T[C>T]G	1.06E-03	7.33E-04	8.50E-04	8.51E-04	1.65E-04	4.54E-04	8.32E-04	2.77E-04
T[C>T]T	3.21E-03	3.39E-03	1.62E-02	3.38E-03	7.07E-04	1.10E-03	7.80E-03	1.58E-03
T[T>A]A	1.19E-03	8.35E-04	2.91E-03	6.04E-04	1.74E-04	8.50E-04	2.21E-03	3.76E-04
T[T>A]C	1.54E-03	4.13E-03	4.77E-03	1.26E-03	3.08E-04	1.93E-03	2.76E-03	8.99E-04
T[T>A]G	9.14E-04	1.23E-03	4.64E-03	1.10E-03	1.57E-04	1.29E-03	4.32E-03	6.35E-04
T[T>A]T	9.89E-04	1.10E-03	3.21E-03	9.67E-04	1.96E-04	6.42E-04	2.86E-03	6.37E-04
T[T>C]A	5.59E-03	6.47E-03	1.41E-03	3.37E-03	1.21E-03	4.83E-03	1.70E-03	2.99E-04
T[T>C]C	2.34E-03	1.56E-03	4.60E-03	1.75E-03	6.40E-04	7.69E-04	3.74E-03	9.68E-04
T[T>C]G	1.19E-03	8.20E-04	9.96E-04	7.26E-04	1.62E-04	2.40E-04	6.95E-04	3.33E-04
T[T>C]T	2.57E-03	7.12E-03	8.66E-03	3.81E-03	1.39E-03	3.20E-30	4.53E-04	2.05E-03
T[T>G]A	1.70E-03	7.36E-04	1.92E-03	1.09E-03	2.45E-04	8.78E-04	1.65E-03	5.29E-04
T[T>G]C	1.05E-03	2.84E-03	1.60E-03	7.30E-04	2.50E-04	9.82E-04	9.26E-04	1.16E-03
T[T>G]G	1.09E-03	9.86E-04	8.60E-04	9.54E-04	1.22E-04	5.14E-04	6.91E-04	3.64E-04
T[T>G]T	8.90E-04	7.98E-04	1.40E-03	8.48E-04	2.61E-04	6.00E-04	7.15E-04	2.69E-04
