Samples	Signature A	Signature B	Signature C	Signature D	Signature E	Signature F	Signature G	Signature H	Signature I
Sample1	1.96E+00	7.29E+01	1.58E+01	6.30E+01	7.26E+01	3.52E+00	3.91E+01	8.58E+01	1.33E+01
Sample2	8.04E+01	8.36E+01	1.57E+02	5.02E+01	1.46E+02	7.56E-01	1.42E+01	2.25E+01	1.21E+01
Sample3	2.50E+00	8.47E+01	5.66E+01	4.34E+01	7.46E+01	1.59E+00	4.27E+01	8.51E+01	1.50E+01
Sample4	7.52E+01	6.37E+00	0.00E+00	4.26E+01	1.01E+02	1.23E+01	6.10E+01	1.36E+01	3.62E+01
Sample5	1.03E+01	9.69E+01	2.59E+01	7.27E+01	1.29E+02	2.22E+00	1.14E+02	4.61E+01	2.32E+01
Sample6	1.13E+01	5.01E+01	1.29E+01	1.62E+02	1.87E+01	1.64E+01	1.45E+02	4.15E+01	1.34E+02
Sample7	2.12E+00	3.31E+00	1.25E+02	8.99E+01	3.52E+01	4.77E+00	1.65E+02	4.36E+01	2.11E+01
Sample8	8.37E+01	3.34E+01	3.87E+00	4.33E+01	2.68E+01	1.19E+01	8.11E+01	6.33E+01	1.46E+02
Sample9	5.58E+01	4.53E+01	6.57E+01	5.25E+01	3.35E+01	6.60E+01	9.01E+01	6.08E+01	7.40E+01
Sample10	7.70E+01	6.92E+00	4.09E+01	7.82E+01	1.08E+02	2.29E+00	5.90E+01	3.85E+01	0.00E+00
Sample11	3.57E+00	3.80E+01	1.00E+02	2.68E+01	0.00E+00	3.93E+01	9.20E+01	1.20E+02	6.85E+01
Sample12	3.14E+01	6.52E+00	1.30E+02	5.00E+00	6.65E+01	4.66E+01	8.17E+01	1.33E+02	2.93E+01
Sample13	2.55E+01	9.76E+01	2.11E+01	9.80E+01	1.37E+02	9.93E+00	1.75E+00	7.87E+00	1.10E+02
Sample14	5.40E+01	1.02E+02	3.17E+01	9.54E+01	1.14E+02	8.53E+00	1.33E+02	2.56E+01	1.78E+01
Sample15	3.00E+00	1.62E+00	2.50E-01	2.15E+02	4.64E+01	4.82E+01	1.63E+02	2.31E+01	1.16E+02
Sample16	3.21E+01	6.77E+01	8.88E+01	9.46E+01	8.42E+01	1.21E+01	7.27E+01	1.52E+01	4.47E+01
Sample17	4.01E+01	7.30E+01	3.92E+01	4.56E+01	7.26E+01	1.17E+01	3.99E+01	7.76E+01	3.21E+01
Sample18	2.45E+01	5.34E+01	4.85E+01	0.00E+00	9.37E+01	2.89E+01	1.08E+02	4.46E+01	7.89E+01
Sample19	3.48E+00	2.62E+01	1.36E+02	8.60E+01	1.11E+02	3.36E+01	1.51E+02	3.02E+01	1.64E+01
Sample20	1.12E+00	7.06E+01	6.50E+01	1.14E+02	3.10E+01	2.30E+01	1.29E+02	6.53E+01	4.92E+01
Sample21	4.01E+01	1.27E+02	4.21E+01	1.45E+02	3.51E+01	1.65E+01	3.77E+01	1.15E+01	1.11E+01
Sample22	1.58E+00	9.26E+01	8.78E+01	9.36E+01	1.60E+02	1.54E+01	1.44E+02	2.01E+01	4.49E+01
Sample23	9.10E+00	7.86E+00	1.52E+02	6.43E+01	4.01E+01	6.05E+01	1.17E+02	3.69E+01	3.03E+01
Sample24	5.75E+00	9.89E+01	8.04E+01	7.23E+01	1.44E+02	2.07E+01	8.14E+01	2.85E+01	8.57E+00
Sample25	3.14E+01	7.91E+01	1.30E+01	9.83E+01	5.10E+01	2.56E+00	1.15E+02	5.65E+01	7.16E+01
Sample26	1.50E+01	7.95E+01	8.22E+01	6.86E+01	1.09E+02	5.45E+01	7.72E+01	2.54E+01	1.93E+01
Sample27	2.80E+01	3.20E+01	7.06E+01	8.30E+01	1.10E+02	1.14E+00	1.06E+02	3.59E+01	0.00E+00
Sample28	0.00E+00	2.59E+01	1.22E+01	9.79E+01	5.27E+01	2.22E+01	7.11E+01	4.11E+00	1.06E+02
Sample29	6.94E+00	4.38E+00	4.55E+01	0.00E+00	4.35E+01	9.19E+01	7.80E+01	9.30E+00	4.55E+01
Sample30	3.98E+01	6.62E+01	3.18E+01	9.35E+01	7.23E+01	2.21E+01	1.11E+02	7.60E+01	7.39E+01
Sample31	4.85E+01	6.58E+01	6.53E+01	8.20E+01	5.25E+01	9.21E+00	2.89E+01	4.62E+01	1.38E+01
Sample32	2.31E+00	2.81E+01	4.82E+01	2.10E+02	4.61E+01	1.81E+00	1.13E+02	5.90E+01	2.04E+02
Sample33	2.77E+01	7.15E+01	6.38E+01	4.38E+01	1.01E+02	1.85E+01	1.23E+02	6.21E+01	3.94E+01
Sample34	1.39E+00	1.48E+01	1.49E+02	9.66E+01	7.05E+01	1.46E+00	1.65E+02	7.00E+00	1.10E+01
Sample35	4.33E+01	6.28E+00	4.75E+00	7.71E+01	6.56E+01	3.27E+01	5.85E+01	7.07E+01	2.59E+00
Sample36	2.29E+00	3.06E+01	3.08E+01	1.29E+02	4.56E+01	7.09E+00	9.28E+01	4.79E+01	7.92E+01
Sample37	8.27E+01	1.08E+02	1.73E+02	4.77E+01	1.62E+02	1.66E+00	1.40E+01	2.20E+01	1.16E+00
Sample38	2.16E+01	8.77E+01	0.00E+00	1.19E+02	1.43E+01	3.91E+01	1.73E+02	3.63E+01	5.19E+01
Sample39	2.54E+01	5.82E+01	7.87E+01	9.13E+01	3.53E+01	4.24E+01	4.98E+01	3.31E+01	5.48E+01
Sample40	5.33E+00	3.52E+01	4.77E+01	7.16E+01	6.75E+01	1.55E+01	2.99E+01	2.98E+01	5.57E+01
Sample41	5.90E+01	1.90E+01	6.13E+01	5.99E+01	5.47E+01	3.87E+01	6.45E+01	1.60E+01	5.87E+01
Sample42	2.67E+00	1.16E+02	8.49E+01	8.81E+01	1.91E+02	9.66E+00	1.58E+02	3.99E+00	5.31E+01
Sample43	1.51E+00	4.89E+01	2.17E+01	4.60E+01	1.76E+02	4.56E+01	7.89E+01	2.08E+02	6.01E+01
Sample44	8.03E+01	4.10E+01	7.99E+01	1.03E+02	9.83E+01	6.46E+00	8.22E+01	1.25E+01	1.13E+02
Sample45	2.62E+00	2.07E+01	1.54E+02	1.13E+02	5.83E+01	4.41E+00	1.32E+02	4.97E+01	2.75E+01
Sample46	4.92E+00	3.12E+00	4.11E+01	1.16E+02	5.51E+01	3.21E+01	1.01E+02	2.19E+01	1.28E+02
Sample47	3.32E+01	4.81E+01	9.43E+01	1.08E+02	7.14E+01	2.01E+00	6.69E+01	5.25E+01	5.49E+00
Sample48	3.82E+00	4.75E+00	1.43E+02	1.12E+02	2.64E+01	3.36E+01	1.21E+02	3.19E+01	2.51E+01
Sample49	3.06E+01	1.45E+01	2.70E+01	1.11E+02	2.77E+01	1.11E+01	5.11E+01	4.11E+01	1.04E+02
Sample50	2.63E+01	4.50E+01	4.00E+01	4.49E+01	1.39E+01	1.01E+02	1.14E+02	0.00E+00	7.67E+01
Sample51	5.45E+00	4.74E+01	1.06E+02	1.12E+02	1.42E+02	1.73E+01	1.46E+02	1.12E+00	2.64E+01
Sample52	1.00E+00	5.12E+01	5.43E+01	1.08E+02	1.06E+01	2.02E+01	1.73E+02	5.15E+01	4.13E+01
Sample53	4.56E+01	5.34E+01	3.16E+01	2.49E+01	8.42E+01	3.48E+01	8.06E+01	9.44E+01	8.45E+01
Sample54	5.53E+01	3.66E+01	2.66E+01	1.10E+02	3.95E+01	1.73E+01	6.52E+01	2.76E+01	9.86E+01
Sample55	4.38E+01	1.01E+02	9.27E+01	8.22E+01	1.03E+02	3.25E+01	7.26E+01	3.67E+01	3.29E+01
Sample56	1.73E+00	7.92E+01	5.84E+01	1.13E+02	4.04E+01	4.29E+01	1.03E+02	7.87E+01	1.12E+02
Sample57	2.37E+01	8.11E+01	6.48E+01	8.13E+01	9.11E+01	3.75E+01	3.68E+01	1.36E+01	6.56E+01
Sample58	1.96E+00	5.32E+01	8.21E+01	8.32E+01	1.30E+02	1.43E+01	1.36E+02	4.89E+00	3.24E+01
Sample59	5.29E+01	1.04E+02	4.69E+01	4.92E+01	9.10E+01	2.61E+01	2.49E+01	4.88E+00	5.22E+01
Sample60	2.11E+01	1.02E+02	7.16E+01	4.85E+01	4.32E+01	2.45E+01	4.68E+01	1.15E+02	4.41E+01
Sample61	3.08E+00	1.28E+01	4.78E+01	5.24E+01	8.81E+01	2.40E+01	5.72E+01	3.71E+01	3.33E+01
Sample62	1.01E+01	5.74E+01	8.95E+01	9.73E+01	1.04E+02	2.69E+01	1.04E+02	9.02E+00	1.81E+01
Sample63	5.15E+00	1.86E+01	1.32E+02	1.16E+02	4.49E+01	1.88E+01	1.28E+02	1.47E+01	1.25E+00
