MutationType	Signature A	Signature B	Signature C	Signature D	Signature E	Signature F	Signature G	Signature H	Signature I
A[C>A]A	0.0224244214338388	0.0322747539822739	0.02162910253721672	0.025282923702550846	0.022929948252318318	0.028541706502538483	0.018234083810006803	0.018417537715901836	0.041022854619463686
A[C>A]C	0.02527280269606447	0.025917037231419447	0.026386236154599084	0.019908954676290037	0.024810793219335894	0.00510545816372633	0.015407717570742153	0.02901324986351688	0.008295217234180936
A[C>A]G	0.0007001562102219936	0.0009046097116829281	0.00037390129492910614	0.0003749374644322578	0.000599908974939699	0.0005204377951793376	0.0005225834107904612	0.0006662251947029311	0.0006652183195196904
A[C>A]T	0.004233491911911861	3.169180991020997e-05	0.002486750154567705	0.002439188270453311	0.005149319898015317	0.023793508791648613	0.00013534972900822975	0.008177716444867105	6.521457190066774e-05
A[C>G]A	0.016051357101726883	0.010471891589790354	0.01298048875769496	0.012230007035136005	0.015794635123023145	0.01014801391558817	0.016316744153293698	0.007739832135008366	0.01449286335566182
A[C>G]C	0.00025670015894008674	0.0006634613512850139	0.0008248881862944446	0.0014886624974642885	0.001124896993285588	0.010804962054365354	0.00019006505652895752	0.0005300030219576176	0.0009152738520541725
A[C>G]G	0.000684966346124818	0.0003784838191023863	0.0009095839915997647	0.0005806704642832439	0.0005916338217984597	0.0004752796518059596	0.0006265872414744904	0.00039239538777042094	0.0005095380782574447
A[C>G]T	0.00039193179020533827	8.27533683604139e-05	0.007570788907711938	0.013246033617598962	0.004088728728359436	0.0001513952383801772	0.0012630424152909401	0.0006031665849963381	0.00046438649328248583
A[C>T]A	0.07762370373406421	0.09553820395720326	0.07162176569383795	0.06559680806407653	0.0733553144703664	0.0749403722034676	0.04808579160001182	0.07805348332647749	0.04273290826800634
A[C>T]C	0.001772841382048402	0.00011801833254830502	0.005575465608858264	0.00010634856118342118	0.00016290134020838579	0.004043374660330942	0.00026168286431991957	0.0034534305983252205	0.08468776222403829
A[C>T]G	0.012893064444810875	0.013218902418044536	0.013693028154424644	0.012786182907724195	0.014042946923794205	0.012623525443288304	0.0038178602659153355	0.01490730491294481	0.014327753414868635
A[C>T]T	0.031290213015967114	0.03834263400272211	0.05104836254567556	0.049220920670697194	0.025394048390212136	0.030171935035475918	0.028069078438717195	0.032013369576021126	0.03720994477840717
A[T>A]A	0.0006874280204511675	0.0005855011662729841	0.0026108887767468695	0.0015447733644998512	0.001260189620493026	0.00292281563115283	0.0006015927702865994	0.002038374561896019	0.0023750478551432357
A[T>A]C	0.00013361468175296558	0.0019623576131282488	0.0033983844813980295	0.004215149670006156	0.022802505383438483	0.0052812807839722545	0.004759804934500585	0.017570554833010232	0.0006120716755184928
A[T>A]G	0.028471441012516092	0.023389274246922297	0.026363072248469902	0.024150366971899814	0.026955914607731363	0.021279259669932035	0.0075650888733755	0.02096271815640237	0.030669085801010715
A[T>A]T	0.0009820305381286337	0.0004172087063986598	0.000609225547431233	0.0011971912091789186	0.00026302580091761035	2.6582558892191015e-05	0.0008525551262753871	0.012095037452082206	0.0002950012328935949
A[T>C]A	0.054212570546997615	0.03917341885752173	0.051863273396444635	0.04532018469075225	0.044071618128940046	0.04990310508836528	0.06568793049241894	0.05955520059774759	0.02716785070369691
A[T>C]C	0.03209989067639771	0.05604207168862477	0.03350175777206478	0.03547421269196228	0.0186420079952577	0.05632581464845671	0.057576339398204626	0.04994333617986327	0.03040792662842573
A[T>C]G	0.010017468790626108	0.034666083651258894	0.014005570608021668	0.007930999827393332	0.007696169976927271	0.010622433119070658	0.020081849480221244	0.014896371062361122	0.005978986398559963
A[T>C]T	0.07763699398498264	0.04601463720465178	0.06578353755482566	0.07723218164854695	0.07646894459772845	0.062353993594406215	0.07748378615196623	0.025587699177266197	0.0592075509113307
A[T>G]A	0.0008277871082503578	0.0006303295746983057	0.0008221060079175988	0.00042420018741150744	0.0005314163100144211	0.0006209795488731735	0.0004602235747675226	0.0004671636256149322	0.0007884452011031471
A[T>G]C	0.030709566658772825	0.01414686023977691	0.02134302710169142	0.021763526196640653	0.0031480147663402467	0.01424102439703688	0.006034645702592232	0.005147539010695954	0.035889937228056376
A[T>G]G	0.0009099969287983844	0.000611513207691477	0.0004764747537273487	0.0006365912229516942	0.0038531547123238337	0.0018179882246174414	0.0	0.0005669789776320836	0.0011785207580770638
A[T>G]T	0.00042414740172648405	0.000441141012729437	0.000627102695692003	0.0005606035651052883	0.0009016564005709216	0.0007753537419864836	0.0005919432008219163	0.0005788235641800883	0.0007435162485417302
C[C>A]A	0.0010374190946801699	0.00033937947640512174	0.0006645776682415875	0.0004425844149634062	0.0006299104940431368	0.0005283987902635355	0.00011513687262391446	0.0007310053625401157	0.00696737160706163
C[C>A]C	0.0004936927319387536	0.0006298308895892192	0.000479592711169798	0.0005613655580538295	0.0006246587387666311	0.0007057234697726123	0.0007678442904263018	0.0007130987257288289	0.0008720699328979758
C[C>A]G	0.0009137104521232863	0.0003924471532615627	0.0007049036127790838	0.0002508410738686558	0.00048009762268297215	0.0007912654442904896	0.0005445684789298971	0.000296907301515216	0.0006203031043331899
C[C>A]T	0.006433245989044581	0.005559808239624866	0.006075064839032765	0.0029379254670654697	0.0019955349979492855	0.0019282956262113961	0.0004499984065766961	0.0008897398731890728	0.001754873394733594
C[C>G]A	0.00019939307806787502	0.0007596272073782728	0.00126364651020847	0.0007872713197911863	0.0003592156022478504	0.002701317283375847	0.0004038982809571501	0.0012186476462150212	0.0011061565625345498
C[C>G]C	0.0006758758032228414	0.0004974089481622594	0.00089839699272617	0.000884793189914159	0.00034248325225262155	0.0003394562903037032	0.0006415961675504724	0.00052762077682173	0.00038504720197086035
C[C>G]G	0.0006787623556785921	0.0004444608634462841	0.0007603218563559338	0.0003291888872884123	0.00072769749965606	0.00036955474312379743	0.00036924244043044026	0.001116932783065705	0.0004775186980219059
C[C>G]T	0.0005814163472898585	0.0020678941458399684	0.0010201372900736174	0.0006371596614152771	0.00040426481873289115	0.000551811211420204	0.0003721808856433719	0.000546826354703819	0.0008496599423661552
C[C>T]A	0.01781405956870568	0.012496197357944164	0.018790171730288165	0.009700755282796427	0.014162150928512147	0.010427928689755006	0.008100276395891783	0.013170707578538289	0.019856043080805956
C[C>T]C	0.015227022499807022	0.013494333285369293	0.016340911857680298	0.01718325202386174	0.01256186813464753	0.00876974780086844	0.0061073286984844434	0.011761102170549096	0.0187025493119175
C[C>T]G	0.014336459113893849	0.011409690412865804	0.014478961206729	0.012354411597293388	0.011684945964528355	0.011200762402351263	0.010855036467135776	0.013070230125363264	0.013301773226467403
C[C>T]T	0.024763913417234704	0.02705132797594634	0.023797413496954332	0.03247944226315827	0.03995080703152043	0.02351464867955544	0.016267775392347538	0.02063210415855357	0.02687433141881234
C[T>A]A	4.888478080397274e-05	0.0015893232616221989	0.004695986947303178	0.011875045579640586	0.0013388173532755626	0.0005696148680862311	0.014852471428322862	4.804951202293906e-05	0.0047957314647097075
C[T>A]C	0.02323614160998165	0.020738628862340673	0.023364986234522704	0.027745471854239458	0.021256578706723154	0.020007552365259296	0.023524277521344214	0.023336698611368452	0.00431303352834685
C[T>A]G	0.014520809686932673	0.01536148274454549	0.0129953752802754	0.013559554462432372	0.009531644584228893	0.006161298939731412	0.03050187205759115	0.014226702491993978	0.01253989165415141
C[T>A]T	0.0003265052672426303	0.0038687829990521755	0.0012560046660845443	0.001072946312324788	0.0012332527272822062	0.0008369886278777234	9.20453733849633e-05	0.003137022674268055	6.352939551977356e-05
C[T>C]A	0.03883290404445955	0.04088122223205065	0.03434930488678933	0.018063062036779515	0.03260777005215179	0.0297145740407039	0.025400370897273213	0.048251566118948944	0.04954960955470126
C[T>C]C	0.0334248992389153	0.04485499306399031	0.03554630443925767	0.03616304889095699	0.03949799078387176	0.036891072338328196	0.04080458335122618	0.03579100870237169	0.03509504609827815
C[T>C]G	0.001273642569440386	0.002173837846296676	0.0013488073066745166	0.0030962598826740108	0.0003188409008306984	0.0009551101159896103	0.003537466453090148	0.000845922745053213	0.002216703546691603
C[T>C]T	0.006406938894393995	0.002065500834016927	0.005406985605997176	0.006514416939275394	0.0044005225339206625	8.248222239023897e-09	3.4208647763002155e-21	0.010193105793867403	0.010685799385823156
C[T>G]A	0.0006169179146687279	0.0005901345994875334	0.0004982826876189532	0.0005618166443381333	0.00044568726346693995	0.00038081277886723174	0.00033173929198338983	0.0007170676055471744	0.000897141962060429
C[T>G]C	0.0019822775330582128	2.9193543745944568e-05	0.0014119543131573822	0.0016645772687498381	0.006124284163220679	0.0016608879911070593	7.410715105624333e-05	0.00027742012256877936	0.005156156993543158
C[T>G]G	0.0038045570299977244	0.0015280968330832498	0.0020956879956875157	0.0003151943986579558	0.00041248763709939885	0.018529250462968327	0.001759417451425798	0.0010528682274626277	0.0020853544111828497
C[T>G]T	0.0005390879506313058	0.0010545179128131521	0.0011108953465100058	0.0011375821783378378	0.0004153571405952827	0.00038998707176734625	0.00020201850978995565	0.001119404545367538	0.0006280846635332905
G[C>A]A	0.004592220132089394	5.379869676690767e-05	0.0018935918585891516	0.0009444001920692122	0.007914184178666179	0.00030376509881579073	0.00027971461431016385	0.0040968163608625235	0.00035937658522778893
G[C>A]C	0.0005338984784282586	0.004377258774824713	0.002987794624829297	0.0008046081450067053	6.73034003847664e-05	0.00035817707316831	2.05948156976376e-05	0.0005766668712763815	0.0066728656963848595
G[C>A]G	0.0007021423330073053	0.0006247164478942228	0.0005515832837412925	0.0009009592160060102	0.000618050396930439	0.0003698501484399904	0.0005272381483827868	0.00048297756690604944	0.0006783979348296701
G[C>A]T	0.019675705100369797	0.020823536860199283	0.022816367195675633	0.015685330193642422	0.02872613592668715	0.03478842041732402	0.004508864096593268	0.03440177115096555	0.018564873437416425
G[C>G]A	0.00018695153208849182	0.004877651205499414	0.007713151490690029	0.022713125743939792	0.00497912281189987	0.003150712509768664	0.0016112549245874313	0.0007550385944173722	0.0006203994719159432
G[C>G]C	0.011951301447132315	0.01057016973883833	0.01242284425047592	0.014095428825228778	0.0158920528046892	0.012579618898114299	0.01728365692214185	0.01263546751368886	0.0009521624426226722
G[C>G]G	0.0005434624921458442	0.0007247284768439478	0.00046165726164090027	0.0005786682555893967	0.0006355119813301282	0.0007230594805860645	0.0005762856716514654	0.0006221114600653021	0.0006674042196245222
G[C>G]T	0.01432006322461716	0.01339244518654899	0.010123658063313386	0.010115444522690762	0.012914023339654017	0.002154205391029455	0.00047019038715369934	0.0038643435739921365	0.008364870648464213
G[C>T]A	6.0638617484403776e-05	0.03706365522737961	0.0016432074704423672	0.005106074774610376	0.0041407253534215495	0.004440176676053893	0.008949634945139196	0.0	0.01148278258841106
G[C>T]C	0.0010158074246294619	0.0002919012011498134	0.00048236857381343833	0.001582662823120997	0.0007143573110219894	0.00393180230386408	8.145271300595852e-05	0.0006127878984109377	0.000979780813958362
G[C>T]G	0.0004365311038638196	0.00046521375857064447	0.0008165265408731362	0.0010927153229240275	0.0003632127318400453	0.0009311590292213534	0.00047230663551951654	0.00043815669395383925	0.0003892894638128072
G[C>T]T	0.02726135332413572	0.023586603817827442	0.0166529691862882	0.030465563035214284	0.030111537163164916	0.023829674604794286	0.05125020461100092	0.028429895875560145	0.029332109939950623
G[T>A]A	0.000467734161148961	0.0005539780122205966	0.0006462267660752839	0.000630133955242203	0.0008178565376532755	0.0007750185635341188	0.0004425485347797893	0.0005913048629220526	0.0008568861923408006
G[T>A]C	0.010291837699959212	0.01077849617021743	0.009264966977330022	0.009275224645827421	0.014475119527008657	0.019829986522140457	0.008902863061485715	0.008831364374405754	1.1599035781255183e-22
G[T>A]G	0.0006535521601161102	0.0005524121742504104	0.0005376221510873165	0.0004219679257382982	0.000676634998740979	0.0008415258833506033	0.0005443452456828097	0.00046202909231538253	0.00045017801359852056
G[T>A]T	0.0003054917158807149	0.004850006274155463	0.004186273082638204	0.0005391737098218044	0.0020725504363147255	0.0026941293549182037	0.00020801253145393873	0.00035905581962877555	0.004822305194581887
G[T>C]A	0.00017286215736882457	0.0009322447089064319	0.013631731466174437	0.002887749470563101	0.00027904718225110693	0.005481630737514153	0.0017003991893056718	0.021394181447595355	0.006970608542432869
G[T>C]C	0.014208175776583674	0.02457346617187117	0.013431065143299125	0.01047228485493086	0.0108962151866095	0.014480743319898997	0.009138044837197623	0.016585598537169052	0.011640538181693676
G[T>C]G	0.024045517676450783	0.02389063223183776	0.024714833749265457	0.025500067384021472	0.025598831720656336	0.021144456990856448	0.02483348965230591	0.023621899960532745	0.026182966538581695
G[T>C]T	0.00019355434247137949	0.001016460677259836	0.00034225320228507025	0.0039617696833236	0.014712625481166686	0.002468673027444859	0.0033101838299532983	0.0011727182348730092	0.0001123397328663397
G[T>G]A	0.0007442982163820397	0.0007903183095335337	0.0007713848480716223	0.0006045568959578419	0.0006357624058886705	0.0006335487018409455	0.00014903267233683248	0.0005962987925478217	0.0005140092262853619
G[T>G]C	0.0016810862968203645	0.0011497274951654092	0.003932106076954197	0.0022409293397767397	0.0012937398374215142	4.8363826733517865e-05	0.00047617031584156036	0.0003357021528099718	0.0035919282586114962
G[T>G]G	0.0007209990696696088	0.000593192654615594	0.0001721277738913224	0.0004907914243389734	0.0004067026195719691	0.0008808297499392958	0.0003316621928827645	0.0006666469738408549	0.000771823836855313
G[T>G]T	0.0012175290537689864	4.105349938390081e-05	0.001427244527472905	0.0005559356561206919	0.003167649610517548	0.0017125861235545564	0.0020378006003320195	0.0004204175881069212	0.000641782340863715
T[C>A]A	0.00012907001074920243	0.0028781630830216533	0.009489879110530671	0.00022509830624793155	0.0017475350229889403	0.0018194354572862088	0.005660645888317285	0.003214162727256968	0.015602548560784853
T[C>A]C	0.014575790779608282	0.014925354170112771	0.013244054527047997	0.009283234493704117	0.01644998399683129	0.012001527356435743	0.01107679894451482	0.01519426053300237	0.01390629883704847
T[C>A]G	0.0002919557251391942	0.0007494241596234913	0.0004120621103546329	0.000264313338884495	0.0003584565855868591	0.0009459315840095997	0.0005196783184931327	0.0009923668306360332	0.0005622802502491055
T[C>A]T	0.016096986343650137	0.0001853678040005387	8.385091507866346e-05	0.008072801600576787	2.0899180025603455e-137	0.007412436078533861	0.0012749728052247075	0.010780760577951218	0.0003544602539302188
T[C>G]A	0.0006859416865698852	0.0002751056240857067	0.0009646397776681345	0.0013249782410649355	0.001505828130701669	0.0004125222754594696	0.00396501996939691	0.00030891543428353225	0.0002520029921339506
T[C>G]C	0.001075207155054521	0.0006100939837647251	0.0014005684730255534	0.003141705700262543	0.0045905766858253885	0.00039561225942992686	0.0005696606221281056	0.00022476353772517851	0.00026499770089543067
T[C>G]G	0.0006993884747118803	0.00046600499202525416	0.0004815035430399164	0.0006720592872254487	0.0006686414983534969	0.0005364651812659011	0.0008581707631312898	0.0005030054270719115	0.0006732607999530244
T[C>G]T	0.0012186547613310828	0.011915977906861743	0.012201482461660862	0.01180944325806857	0.02520602724946116	0.011273190197909008	0.00048103147619782025	0.004521990345570948	0.00027578140169992913
T[C>T]A	0.06222280020002001	0.04146244835760759	0.055875037478135256	0.07387090949593114	0.05000961567549007	0.07767338798329923	0.06236013117362886	0.06562783069816822	0.040396616032811306
T[C>T]C	0.024587299686540002	0.02033157318226336	0.025371130494639346	0.03224755442467031	0.02936589102832325	0.021032071775230272	0.024663627085599694	0.007059365810936478	0.03348467004216377
T[C>T]G	0.0004940192234529212	0.0004899587758209508	0.0006263825918269401	0.0007858328961457503	0.0005897287398639802	0.0003757740261971046	0.0006964092903942263	0.0006475480241081527	0.0007424264960264227
T[C>T]T	5.505724563231562e-09	0.0003815948509299624	0.00020863421019553055	0.002442015474433603	0.00023572344740804856	0.0003702051092686551	0.11154510827694974	0.008345491772824886	1.8024111835925962e-08
T[T>A]A	0.01308221496368641	0.010811283076346507	0.015435076350561457	0.016359823340161964	0.005954775526156759	0.010387914418864327	0.017089637471883003	0.017375284714490243	0.011488251188222763
T[T>A]C	0.019436795185245832	0.02359121105427242	0.011775017277127733	0.014205449458714655	0.01464868958620667	0.03346216558233228	0.0019373006017149048	0.01335395707371842	0.011241463167635548
T[T>A]G	0.0005314303318551344	0.00025895386201538434	0.00032676160944960315	0.0012902820994171876	0.0002241617703389025	0.00020836322360532977	0.0036707453812705546	0.0007299860764554614	0.000806643496665455
T[T>A]T	0.0013103531495457007	4.2283706746300794e-05	0.0009080312085509798	0.00021487171087146656	0.004113380613281145	0.0006766052883966847	0.007228810443203749	2.4490736051942992e-05	0.017164680047107667
T[T>C]A	0.05901776270338874	0.034679909876142695	0.0428152350947577	0.022346980521663194	0.026105093960954756	0.015855291342468113	0.028209811566205056	0.019361479523603915	0.014031527207927282
T[T>C]C	0.0002788686921950081	0.0002068505125281364	0.0027547413711657255	0.0011106024165370512	0.0037553348409306406	2.9651142499377464e-20	0.00484294286850444	0.05083422845274689	0.03288140891439968
T[T>C]G	0.0006227165325494916	3.0244298027903216e-05	0.00194149860210563	0.0012582935033434803	0.00046227264976486096	0.0023758678005410218	0.0057275529301249175	0.004679491999321582	0.0006067551313886918
T[T>C]T	5.6386854564029054e-238	0.000928674472503267	0.0011001039674891613	0.006714249046537345	0.01436542952132661	0.036045382480577995	0.0018558743631262248	3.7872162783572977e-62	0.006215205394716842
T[T>G]A	0.0005492352936435929	0.0007983916370358776	0.0001997630129086119	0.0004097933584801828	0.007588561951229524	0.0013791895970338198	0.003760582714696318	0.0010744182673801017	0.001214661526245789
T[T>G]C	0.00723951468958464	2.524443114357361e-05	0.003909019581274044	0.004007493500858029	0.009213528726262552	0.0004043547916479065	0.0017224205385277043	0.0025057567255339763	0.0006437633185281264
T[T>G]G	0.0005989704887047682	0.0006553727077371889	0.0006954141174526562	0.0006564236962657949	0.0004839303149550149	0.0006813380630103672	0.0011222426697352064	0.00039689013241481555	0.000601163745477092
T[T>G]T	0.00039518133289721206	0.0008258862707258649	0.0002970981350765313	0.0015906384681122258	0.004101316165719841	0.0003061849515332794	0.00035327416327296984	0.003241031213033245	0.0004727801760823911
