Samples	Signature A	Signature B	Signature C
Sample1	0	0	79
Sample2	0	0	110
Sample3	4	18	118
Sample4	0	57	124
Sample5	0	65	137
Sample6	0	103	134
Sample7	68	90	156
Sample8	59	125	157
Sample9	103	108	158
Sample10	98	153	147
Sample11	59	222	151
Sample12	0	304	151
Sample13	0	341	140
Sample14	26	335	164
Sample15	0	393	169
Sample16	0	425	174
Sample17	0	441	170
Sample18	279	231	175
Sample19	268	276	171
Sample20	203	367	171
Sample21	174	422	169
Sample22	131	501	164
Sample23	279	424	168
Sample24	257	485	163
Sample25	195	577	162
Sample26	252	536	171
Sample27	276	543	170
Sample28	223	628	167
Sample29	104	766	171
Sample30	240	669	175
Sample31	272	673	168
Sample32	275	700	164
Sample33	422	611	177
Sample34	364	704	171
Sample35	360	742	166
Sample36	326	805	168
Sample37	308	852	168
Sample38	296	900	160
Sample39	562	694	183
Sample40	539	753	176
Sample41	519	809	181
Sample42	467	887	179
Sample43	349	1025	182
Sample44	298	1117	180
Sample45	285	1170	184
Sample46	309	1186	182
Sample47	286	1243	178
Sample48	167	1382	181
Sample49	148	1433	178
Sample50	65	1543	181
Sample51	30	1611	178
Sample52	75	1605	172
Sample53	0	1702	173
Sample54	0	1736	164
Sample55	0	1758	166
Sample56	0	1801	159
Sample57	0	1839	150
Sample58	0	1869	151
Sample59	0	1904	162
Sample60	0	1936	156
Sample61	0	1969	153
Sample62	0	2001	162
Sample63	0	2031	157
Sample64	0	2066	160
Sample65	0	2111	161
Sample66	0	2143	160
Sample67	0	2174	154
Sample68	0	2222	147
Sample69	0	2256	140
Sample70	0	2288	136
Sample71	0	2318	137
Sample72	0	2357	136
Sample73	0	2391	132
Sample74	0	2427	124
Sample75	0	2464	118
Sample76	0	2495	115
Sample77	0	2559	127
Sample78	0	2592	134
Sample79	0	2640	126
Sample80	0	2666	123
Sample81	0	2696	124
Sample82	0	2717	129
Sample83	0	2757	123
Sample84	0	2800	116
Sample85	0	2841	116
Sample86	0	2876	116
Sample87	0	2904	112
Sample88	0	2947	104
Sample89	0	2976	106
Sample90	0	3012	97
Sample91	0	3048	94
Sample92	0	3082	89
Sample93	0	3111	90
Sample94	0	3149	88
Sample95	0	3192	75
Sample96	0	3220	73
Sample97	0	3254	68
Sample98	0	3301	70
Sample99	0	3331	81
Sample100	0	3365	75
Sample101	0	3397	73
Sample102	0	3430	75
Sample103	0	3464	68
Sample104	0	3477	83
Sample105	0	3522	82
Sample106	0	3552	83
Sample107	0	3583	82
Sample108	0	3616	77
Sample109	0	3644	75
Sample110	0	3685	81
Sample111	0	3748	94
Sample112	0	3784	88
Sample113	0	3810	85
Sample114	0	3842	92
Sample115	0	3882	87
Sample116	0	3917	82
Sample117	0	3950	79
Sample118	0	3983	77
Sample119	0	4030	102
Sample120	0	4070	92
Sample121	0	4102	89
Sample122	0	4138	84
Sample123	0	4137	104
Sample124	0	4174	105
Sample125	0	4205	111
Sample126	0	4245	105
Sample127	0	4245	105
Sample128	0	4274	109
Sample129	0	4307	99
Sample130	0	4334	98
Sample131	0	4361	98
Sample132	0	4394	91
Sample133	0	4427	88
Sample134	0	4466	75
Sample135	0	4493	79
Sample136	0	4528	74
Sample137	0	4558	69
Sample138	0	4610	58
Sample139	0	4643	56
Sample140	149	4549	74
Sample141	144	4585	68
Sample142	418	4384	64
Sample143	405	4420	67
Sample144	416	4456	60
Sample145	353	4554	65
Sample146	301	4641	61
Sample147	287	4693	59
Sample148	237	4775	55
Sample149	232	4798	56
Sample150	297	4774	55
Sample151	369	4742	43
Sample152	331	4813	40
Sample153	328	4852	39
Sample154	282	4931	46
Sample155	259	4981	48
Sample156	275	5009	34
Sample157	232	5086	29
Sample158	216	5140	19
Sample159	163	5220	19
Sample160	172	5245	25
Sample161	116	5330	27
Sample162	228	5279	40
Sample163	246	5292	39
Sample164	250	5320	34
Sample165	246	5358	25
Sample166	261	5376	23
Sample167	388	5285	28
Sample168	389	5304	30
Sample169	413	5319	31
Sample170	424	5342	26
Sample171	377	5419	26
Sample172	392	5452	17
Sample173	343	5542	16
Sample174	353	5576	1
Sample175	366	5607	0
Sample176	353	5631	18
Sample177	318	5704	18
Sample178	309	5739	20
Sample179	308	5776	12
Sample180	296	5814	5
Sample181	222	5918	2
Sample182	589	5617	17
Sample183	535	5695	21
Sample184	517	5746	26
Sample185	856	5486	22
Sample186	861	5507	26
Sample187	776	5627	24
Sample188	691	5745	26
Sample189	730	5749	26
Sample190	709	5805	18
Sample191	671	5870	19
Sample192	699	5874	15
Sample193	580	6014	17
Sample194	675	5975	11
Sample195	707	5971	9
Sample196	716	5970	10
Sample197	703	6021	10
Sample198	647	6109	6
Sample199	590	6196	0
Sample200	597	6225	0
Sample201	636	6216	0
Sample202	647	6242	0
Sample203	1047	5919	0
Sample204	954	6038	0
Sample205	941	6088	3
Sample206	997	6054	2
Sample207	951	6131	1
Sample208	887	6219	3
Sample209	1217	5966	1
Sample210	1291	5929	3
Sample211	1172	6068	6
Sample212	1248	6033	7
Sample213	1271	6053	3
Sample214	1207	6143	6
Sample215	1544	5875	10
Sample216	1717	5733	24
Sample217	1718	5775	18
Sample218	1766	5762	10
Sample219	2458	5104	152
Sample220	2756	4891	145
Sample221	2723	4952	152
Sample222	2744	4968	145
Sample223	2775	4980	140
Sample224	2883	4920	135
Sample225	2891	4950	125
Sample226	2924	4950	118
Sample227	2922	4984	115
Sample228	2921	5023	117
Sample229	3235	4783	119
Sample230	3253	4798	117
Sample231	3406	4722	122
Sample232	3343	4812	124
Sample233	3278	4881	131
Sample234	3295	4902	122
Sample235	3327	4907	114
Sample236	3244	5019	120
Sample237	3127	5156	123
Sample238	3165	5127	123
Sample239	3143	5182	120
Sample240	3199	5164	110
Sample241	3141	5252	107
Sample242	3403	5029	109
Sample243	3474	5004	104
Sample244	3485	5028	97
Sample245	3465	5083	95
Sample246	3479	5093	98
Sample247	3444	5157	100
Sample248	3486	5140	105
Sample249	3424	5233	100
Sample250	3424	5269	100
Sample251	3717	5040	111
Sample252	3672	5114	113
Sample253	3651	5161	112
Sample254	3632	5216	102
Sample255	3742	5152	102
Sample256	3625	5289	105
Sample257	3592	5354	100
Sample258	3550	5426	100
Sample259	3579	5431	93
Sample260	3700	5345	84
Sample261	4030	5081	98
Sample262	4048	5099	103
Sample263	4017	5168	104
Sample264	3970	5245	104
Sample265	4288	4998	108
Sample266	4219	5094	107
Sample267	4187	5152	110
Sample268	4184	5179	111
Sample269	4398	5015	115
Sample270	5095	4352	257
Sample271	5116	4360	259
Sample272	5368	4163	272
Sample273	5460	4112	274
Sample274	5500	4104	271
Sample275	5496	4146	266
Sample276	5437	4237	263
Sample277	5389	4315	258
Sample278	5346	4386	258
Sample279	5356	4409	260
Sample280	5319	4472	258
Sample281	5296	4533	250
Sample282	5345	4523	249
Sample283	5315	4586	242
Sample284	5269	4668	246
Sample285	5358	4605	261
Sample286	5551	4484	265
Sample287	5477	4592	261
Sample288	5483	4618	269
Sample289	5451	4680	272
Sample290	5410	4756	273
Sample291	5423	4780	273
Sample292	5343	4896	268
Sample293	5772	4549	264
Sample294	5809	4547	258
Sample295	5788	4600	252
Sample296	5756	4661	256
Sample297	5697	4747	256
Sample298	5695	4752	261
Sample299	5755	4735	249
Sample300	5772	4736	248
Sample301	5645	4885	269
Sample302	5582	4974	271
Sample303	5551	5038	266
Sample304	5548	5076	267
Sample305	5572	5090	265
Sample306	5628	5082	257
Sample307	5683	5060	257
Sample308	5668	5111	252
Sample309	5672	5144	245
Sample310	5608	5241	241
Sample311	5641	5243	233
Sample312	5756	5170	232
Sample313	5639	5307	235
Sample314	5982	5040	236
Sample315	5975	5084	228
Sample316	5941	5149	226
Sample317	5888	5234	224
Sample318	6090	5073	227
Sample319	6106	5097	217
Sample320	6415	4860	218
Sample321	6418	4890	209
Sample322	6460	4892	206
Sample323	6424	4957	208
Sample324	6425	4997	207
Sample325	6477	4987	194
Sample326	6514	4984	192
Sample327	6526	4999	194
Sample328	6570	4991	201
Sample329	6553	5034	211
Sample330	6556	5064	204
Sample331	6729	4952	228
Sample332	7036	4716	229
Sample333	7068	4729	225
Sample334	7030	4805	214
Sample335	7305	4596	226
Sample336	7576	4395	233
Sample337	7571	4432	232
Sample338	7679	4338	262
Sample339	7712	4338	260
Sample340	7736	4350	254
Sample341	7776	4350	251
Sample342	8085	4115	247
Sample343	8102	4131	246
Sample344	8055	4209	245
Sample345	8030	4280	239
Sample346	8068	4292	230
Sample347	8121	4276	220
Sample348	8315	4162	214
Sample349	8467	4044	223
Sample350	8492	4050	218
Sample351	8483	4090	214
Sample352	8827	3823	212
Sample353	9017	3662	211
Sample354	9092	3634	207
Sample355	9107	3654	210
Sample356	9137	3658	201
Sample357	9170	3662	192
Sample358	9347	3533	191
Sample359	9363	3545	200
Sample360	9378	3569	192
Sample361	9344	3631	194
Sample362	9301	3704	192
Sample363	9229	3805	194
Sample364	9287	3792	193
Sample365	9307	3803	191
Sample366	9340	3802	192
Sample367	9322	3853	196
Sample368	9326	3885	188
Sample369	9350	3896	179
Sample370	9311	3965	177
Sample371	9339	3967	176
Sample372	9309	4025	178
Sample373	9285	4071	187
Sample374	9297	4091	184
Sample375	9521	3934	193
Sample376	9565	3931	191
Sample377	9750	3790	203
Sample378	9750	3827	206
Sample379	9750	3866	198
Sample380	10011	3674	210
Sample381	10023	3691	211
Sample382	10225	3557	218
Sample383	10235	3585	216
Sample384	10199	3653	220
Sample385	10300	3597	211
Sample386	10251	3667	226
Sample387	10271	3682	223
Sample388	10299	3687	221
Sample389	10337	3688	214
Sample390	10303	3755	222
Sample391	10316	3778	224
Sample392	10324	3803	219
Sample393	11025	3136	361
Sample394	11026	3150	356
Sample395	11041	3171	360
Sample396	11025	3223	354
Sample397	11029	3255	344
Sample398	11071	3253	337
Sample399	11028	3334	337
Sample400	11035	3373	327
Sample401	10920	3508	330
Sample402	10899	3560	326
Sample403	10876	3623	313
Sample404	10820	3704	319
Sample405	10788	3768	317
Sample406	10742	3849	327
Sample407	10809	3804	326
Sample408	10635	4002	329
Sample409	10649	4022	337
Sample410	10637	4066	331
Sample411	10597	4131	338
Sample412	10526	4228	338
Sample413	10428	4355	353
Sample414	10459	4360	354
Sample415	10530	4324	345
Sample416	10555	4314	349
Sample417	10645	4264	349
Sample418	10530	4399	352
Sample419	10548	4420	340
Sample420	10854	4177	350
Sample421	10860	4206	357
Sample422	11049	4085	368
Sample423	11011	4154	362
Sample424	10941	4263	363
Sample425	10934	4302	358
Sample426	10902	4369	350
Sample427	11172	4162	364
Sample428	11169	4194	363
Sample429	11197	4202	356
Sample430	11082	4337	359
Sample431	11078	4382	349
Sample432	11093	4400	345
Sample433	11795	3732	487
Sample434	11799	3762	481
Sample435	11983	3621	494
Sample436	11898	3736	495
Sample437	11895	3777	486
Sample438	12042	3671	486
Sample439	12065	3682	494
Sample440	12068	3716	495
Sample441	12083	3728	493
Sample442	12092	3755	483
Sample443	12063	3808	487
Sample444	12078	3832	478
Sample445	12086	3860	473
Sample446	12079	3903	465
Sample447	12322	3734	467
Sample448	12296	3792	462
Sample449	12277	3847	465
Sample450	12308	3849	456
Sample451	12248	3940	459
Sample452	12474	3778	467
Sample453	12513	3775	456
Sample454	12790	3578	454
Sample455	12773	3630	453
Sample456	12761	3676	445
Sample457	12889	3607	439
Sample458	12859	3669	436
Sample459	12886	3676	429
Sample460	13099	3518	449
Sample461	13063	3578	457
Sample462	13011	3654	459
Sample463	12976	3720	467
Sample464	12969	3755	462
Sample465	12972	3783	456
Sample466	12963	3825	453
Sample467	12873	3936	466
Sample468	12872	3970	459
Sample469	12938	3942	448
Sample470	12927	3992	439
Sample471	12914	4039	441
Sample472	12889	4106	439
Sample473	12961	4074	432
Sample474	12925	4149	429
Sample475	13004	4087	435
Sample476	12950	4150	445
Sample477	12950	4182	438
Sample478	12956	4215	426
Sample479	12901	4299	427
Sample480	12960	4278	429
Sample481	12890	4380	426
Sample482	12849	4456	416
Sample483	12863	4474	414
Sample484	12845	4527	406
Sample485	12806	4600	401
Sample486	12730	4704	399
Sample487	12754	4712	410
Sample488	12783	4716	407
Sample489	12773	4761	397
Sample490	12726	4839	396
Sample491	12747	4856	399
Sample492	12977	4705	395
Sample493	13062	4667	383
Sample494	13049	4712	389
Sample495	13014	4775	387
Sample496	13118	4702	398
Sample497	12988	4848	410
Sample498	13057	4833	404
Sample499	13055	4868	395
Sample500	13117	4828	422
Sample501	13371	4610	434
Sample502	13369	4642	432
Sample503	13357	4692	425
Sample504	13310	4775	419
Sample505	13316	4804	416
Sample506	13405	4752	421
Sample507	13452	4737	416
Sample508	13428	4789	417
Sample509	13589	4692	430
Sample510	13687	4631	434
Sample511	13950	4437	448
Sample512	13923	4493	451
Sample513	13905	4541	446
Sample514	14227	4275	474
Sample515	14169	4355	482
Sample516	14412	4171	495
Sample517	14416	4200	492
Sample518	14427	4227	483
Sample519	14471	4222	472
Sample520	14479	4249	466
Sample521	14558	4198	466
Sample522	14726	4080	460
Sample523	14787	4066	453
Sample524	14760	4126	450
Sample525	15130	3824	454
Sample526	15080	3907	451
Sample527	15413	3641	464
Sample528	15299	3775	467
Sample529	15290	3818	459
Sample530	15233	3892	469
Sample531	15266	3892	464
Sample532	15624	3603	468
Sample533	15605	3646	471
Sample534	15535	3750	475
Sample535	15519	3805	472
Sample536	15527	3820	478
Sample537	15526	3854	473
Sample538	15552	3859	469
Sample539	15786	3672	472
Sample540	16067	3460	483
Sample541	16061	3496	481
Sample542	16075	3518	485
Sample543	16100	3530	477
Sample544	15978	3670	486
Sample545	16354	3374	490
Sample546	16357	3410	487
Sample547	16445	3359	476
Sample548	16471	3340	486
Sample549	16563	3277	486
Sample550	16566	3305	480
Sample551	16588	3315	474
Sample552	16569	3367	470
Sample553	16536	3427	470
Sample554	16514	3474	474
Sample555	16551	3487	468
Sample556	16487	3582	469
Sample557	16499	3603	461
Sample558	16532	3607	449
Sample559	16523	3641	450
Sample560	16605	3603	444
Sample561	17310	2933	585
Sample562	17275	2995	588
Sample563	17320	3002	581
Sample564	17284	3067	576
Sample565	17292	3092	574
Sample566	17257	3162	571
Sample567	17283	3169	562
Sample568	17435	3050	567
Sample569	17535	2990	573
Sample570	17498	3062	565
Sample571	17509	3083	562
Sample572	17632	2998	563
Sample573	17671	2977	562
Sample574	17681	3004	551
Sample575	18062	2693	555
Sample576	18767	2022	697
Sample577	18880	1949	687
Sample578	18952	1919	679
Sample579	18983	1932	679
Sample580	19023	1932	664
Sample581	18952	2028	669
Sample582	19217	1831	680
Sample583	19223	1853	681
Sample584	19280	1840	676
Sample585	19987	1166	819
Sample586	19985	1195	821
Sample587	20245	990	847
Sample588	20193	1071	844
Sample589	20165	1131	846
Sample590	20155	1172	858
Sample591	20168	1196	847
Sample592	20155	1248	845
Sample593	20196	1238	855
Sample594	20235	1238	858
Sample595	20256	1253	853
Sample596	20613	969	865
Sample597	20877	779	867
Sample598	20904	792	864
Sample599	20872	861	855
Sample600	21206	595	866
Sample601	21243	596	857
Sample602	21211	651	865
Sample603	21330	578	867
Sample604	21297	640	869
Sample605	21347	635	859
Sample606	21405	618	850
Sample607	21471	593	845
Sample608	21460	635	840
Sample609	21481	654	827
Sample610	21838	394	805
Sample611	21769	494	804
Sample612	21879	429	802
Sample613	21910	425	804
Sample614	22300	115	804
Sample615	22348	103	794
Sample616	22257	218	796
Sample617	22447	105	796
Sample618	22444	142	791
Sample619	22364	248	790
Sample620	22385	264	779
Sample621	22349	332	776
Sample622	22344	378	763
Sample623	22425	340	756
Sample624	22403	391	769
Sample625	22374	450	788
Sample626	22312	542	793
Sample627	22684	249	791
Sample628	22901	94	785
Sample629	22903	129	778
Sample630	22943	113	776
Sample631	22895	195	769
Sample632	22866	254	769
Sample633	22841	313	775
Sample634	22798	389	781
Sample635	22794	430	772
Sample636	22821	441	762
Sample637	22850	447	758
Sample638	22861	474	748
Sample639	22878	485	746
Sample640	22892	515	741
Sample641	22897	539	740
Sample642	22885	584	732
Sample643	23232	308	737
Sample644	23230	344	739
Sample645	23220	386	733
Sample646	23464	217	735
Sample647	23473	248	736
Sample648	23667	116	748
Sample649	23648	167	745
Sample650	23665	183	743
Sample651	23696	184	739
Sample652	23694	217	739
Sample653	23643	304	731
Sample654	23664	317	736
Sample655	23646	370	729
Sample656	23592	457	724
Sample657	23652	437	710
Sample658	23646	464	700
Sample659	23731	426	692
Sample660	23979	253	691
Sample661	23990	279	693
Sample662	23983	331	686
Sample663	24023	336	674
Sample664	24027	368	665
Sample665	24344	124	666
Sample666	24480	62	669
Sample667	24424	126	669
Sample668	24404	174	666
Sample669	24664	0	659
Sample670	24571	116	667
Sample671	24558	172	671
Sample672	24506	256	670
Sample673	24483	318	660
Sample674	24615	230	670
Sample675	24620	261	662
Sample676	24851	105	663
Sample677	24819	165	667
Sample678	24973	57	671
Sample679	25040	35	665
Sample680	25052	60	654
Sample681	25038	104	653
Sample682	25018	164	641
Sample683	25042	179	629
Sample684	25040	215	621
Sample685	25285	45	621
Sample686	25348	14	619
Sample687	25319	70	622
Sample688	25300	125	616
Sample689	25265	189	618
Sample690	25454	65	629
Sample691	25425	126	622
Sample692	25436	147	620
Sample693	25420	199	611
Sample694	25365	287	607
Sample695	25336	346	605
Sample696	25317	395	602
Sample697	25254	488	611
Sample698	25311	469	599
Sample699	25382	442	603
Sample700	25410	448	606
Sample701	25423	467	605
Sample702	25322	598	606
Sample703	25495	483	599
Sample704	25460	547	601
Sample705	25450	593	603
Sample706	25447	631	596
Sample707	25434	676	590
Sample708	25544	619	582
Sample709	25684	513	595
Sample710	25706	522	590
Sample711	25710	552	600
Sample712	25875	419	609
Sample713	25859	466	604
Sample714	25845	513	606
Sample715	25799	585	614
Sample716	25839	579	607
Sample717	25725	713	610
Sample718	25738	742	611
Sample719	25820	691	617
Sample720	25857	680	618
Sample721	25801	768	611
Sample722	25742	853	619
Sample723	25755	878	610
Sample724	25702	962	610
Sample725	25710	995	616
Sample726	25762	977	617
Sample727	25694	1070	617
Sample728	25651	1149	613
Sample729	25556	1265	617
Sample730	25565	1298	615
Sample731	25573	1334	607
Sample732	25564	1379	597
Sample733	25543	1425	598
Sample734	25554	1445	591
Sample735	25576	1466	576
Sample736	25538	1525	584
Sample737	25587	1502	597
Sample738	25749	1409	601
Sample739	25748	1443	594
Sample740	25793	1432	587
Sample741	25818	1446	573
Sample742	26064	1266	581
Sample743	26031	1329	577
Sample744	26074	1321	567
Sample745	26052	1363	566
Sample746	26127	1317	563
Sample747	26441	1058	581
Sample748	26446	1088	587
Sample749	26428	1139	579
Sample750	26401	1203	578
Sample751	26400	1241	570
Sample752	26286	1375	573
Sample753	26267	1422	572
Sample754	26238	1482	569
Sample755	26225	1528	563
Sample756	26189	1593	565
Sample757	26212	1604	574
Sample758	26241	1609	583
Sample759	26294	1597	578
Sample760	26314	1616	566
Sample761	26268	1693	565
Sample762	26254	1736	564
Sample763	26274	1749	559
Sample764	26208	1853	560
Sample765	26208	1887	554
Sample766	26252	1877	550
Sample767	26170	1985	550
Sample768	26138	2046	555
Sample769	26177	2053	550
Sample770	26077	2179	550
Sample771	26043	2249	547
Sample772	26023	2298	545
Sample773	25962	2382	548
Sample774	25943	2429	545
Sample775	26023	2379	552
Sample776	25909	2513	555
Sample777	26181	2305	572
Sample778	26225	2294	568
Sample779	26119	2433	574
Sample780	26118	2474	565
Sample781	26057	2566	565
Sample782	26066	2594	554
Sample783	26073	2623	546
Sample784	26399	2371	545
Sample785	26309	2495	543
Sample786	26334	2501	539
Sample787	26281	2577	547
Sample788	26298	2598	553
Sample789	26346	2605	538
Sample790	26316	2669	533
Sample791	26303	2708	538
Sample792	26324	2715	547
Sample793	26429	2639	534
Sample794	26518	2591	530
Sample795	26590	2556	525
Sample796	26760	2418	539
Sample797	26795	2419	534
Sample798	26808	2444	533
Sample799	26794	2493	540
Sample800	26808	2516	531
Sample801	26809	2547	528
Sample802	26800	2577	545
Sample803	26825	2589	538
Sample804	26818	2627	538
Sample805	26853	2628	526
Sample806	26911	2606	515
Sample807	26868	2683	510
Sample808	26887	2687	510
Sample809	26906	2715	506
Sample810	26945	2710	498
Sample811	26948	2743	491
Sample812	26848	2880	487
Sample813	26831	2929	479
Sample814	26848	2949	469
Sample815	26802	3026	466
Sample816	26748	3121	469
Sample817	26719	3194	463
Sample818	26881	3069	467
Sample819	26911	3079	468
Sample820	26976	3053	468
Sample821	26993	3071	463
Sample822	27024	3077	456
Sample823	26949	3188	451
Sample824	26997	3177	437
Sample825	27013	3203	437
Sample826	27028	3221	448
Sample827	27052	3232	443
Sample828	27089	3238	429
Sample829	27016	3342	426
Sample830	27187	3236	441
Sample831	27183	3273	432
Sample832	27211	3286	429
Sample833	27218	3317	419
Sample834	27227	3343	417
Sample835	27113	3477	420
Sample836	27186	3440	412
Sample837	27169	3496	413
Sample838	27169	3534	401
Sample839	27157	3580	399
Sample840	27895	2880	545
Sample841	27882	2930	551
Sample842	27913	2925	555
Sample843	27799	3059	558
Sample844	27753	3136	555
Sample845	27757	3175	550
Sample846	27951	3050	555
Sample847	28132	2922	549
Sample848	28100	2988	545
Sample849	28408	2754	547
Sample850	28373	2804	549
Sample851	28329	2874	557
Sample852	28342	2886	562
Sample853	28354	2920	557
Sample854	28388	2920	562
Sample855	28273	3055	565
Sample856	28226	3133	564
Sample857	28432	2958	576
Sample858	28428	2998	567
Sample859	28714	2773	578
Sample860	28690	2828	573
Sample861	28643	2906	572
Sample862	28608	2975	568
Sample863	28619	3001	559
Sample864	28592	3063	553
Sample865	28612	3078	556
Sample866	28636	3090	549
Sample867	28607	3153	544
Sample868	28602	3179	545
Sample869	28748	3057	555
Sample870	28769	3072	552
Sample871	28794	3063	567
Sample872	28680	3197	570
Sample873	28684	3221	581
Sample874	28648	3286	583
Sample875	28691	3258	590
Sample876	28647	3330	588
Sample877	28533	3464	591
Sample878	28880	3215	576
Sample879	28910	3210	577
Sample880	28990	3147	583
Sample881	28954	3215	586
Sample882	28954	3252	580
Sample883	28882	3350	581
Sample884	28953	3317	576
Sample885	28997	3308	569
Sample886	28920	3410	575
Sample887	28922	3436	575
Sample888	28871	3515	572
Sample889	28806	3605	585
Sample890	28771	3669	587
Sample891	28792	3683	581
Sample892	28747	3756	580
Sample893	28756	3777	578
Sample894	28882	3699	574
Sample895	29224	3429	576
Sample896	29309	3381	581
Sample897	29343	3378	573
Sample898	30050	2705	715
Sample899	30033	2752	714
Sample900	29969	2852	717
Sample901	29979	2887	706
Sample902	29982	2910	710
Sample903	30048	2891	700
Sample904	30022	2952	693
Sample905	30087	2915	694
Sample906	30079	2961	683
Sample907	30090	2982	677
Sample908	30096	3008	680
Sample909	30110	3029	676
Sample910	30420	2804	674
Sample911	30412	2850	663
Sample912	30384	2909	658
Sample913	30387	2937	667
Sample914	30223	3120	673
Sample915	30224	3149	669
Sample916	30476	2972	672
Sample917	30465	3019	666
Sample918	30441	3081	653
Sample919	30649	2938	656
Sample920	30666	2958	661
Sample921	30693	2985	642
Sample922	30639	3068	641
Sample923	30658	3088	630
Sample924	30839	2943	637
Sample925	30824	2987	643
Sample926	30813	3030	638
Sample927	30773	3103	634
Sample928	30791	3115	647
Sample929	30779	3161	644
Sample930	30840	3140	646
Sample931	30726	3274	649
Sample932	30794	3237	646
Sample933	30933	3148	647
Sample934	31515	2599	773
Sample935	31489	2655	768
Sample936	31656	2544	768
Sample937	31863	2405	778
Sample938	31915	2390	768
Sample939	31856	2474	770
Sample940	32136	2271	771
Sample941	32021	2406	774
Sample942	32252	2212	786
Sample943	32216	2287	783
Sample944	32229	2300	778
Sample945	32253	2313	768
Sample946	32543	2091	772
Sample947	32820	1885	780
Sample948	32828	1907	776
Sample949	32926	1856	767
Sample950	32812	1990	770
Sample951	32791	2039	773
Sample952	33016	1884	781
Sample953	33010	1928	772
Sample954	32968	2005	765
Sample955	33034	1974	756
Sample956	33069	1975	747
Sample957	33194	1897	750
Sample958	33162	1966	745
Sample959	33161	2001	743
Sample960	33489	1738	755
Sample961	33481	1783	752
Sample962	33512	1781	752
Sample963	33668	1652	774
Sample964	33553	1787	777
Sample965	33582	1805	772
Sample966	33587	1836	770
Sample967	33720	1724	776
Sample968	33834	1684	782
Sample969	33934	1627	781
Sample970	33890	1712	781
Sample971	34599	1036	924
Sample972	34654	1004	917
Sample973	34541	1138	919
Sample974	34505	1206	917
Sample975	34391	1340	920
Sample976	34363	1405	923
Sample977	34395	1409	918
Sample978	34362	1473	915
Sample979	34492	1375	926
Sample980	34424	1448	955
Sample981	34453	1455	945
Sample982	34396	1543	943
Sample983	34362	1612	941
Sample984	34330	1676	939
Sample985	34289	1753	943
Sample986	34239	1841	943
Sample987	34168	1943	942
Sample988	34105	2043	936
Sample989	34059	2120	934
Sample990	34090	2106	960
Sample991	34122	2106	953
Sample992	34138	2119	954
Sample993	34165	2132	943
Sample994	34128	2203	941
Sample995	34082	2288	934
Sample996	34050	2352	931
Sample997	33973	2457	931
Sample998	34074	2390	944
Sample999	34077	2430	941
Sample1000	34053	2481	940
Sample1001	34050	2510	947
Sample1002	34053	2538	944
Sample1003	34036	2595	931
Sample1004	34046	2628	929
Sample1005	34017	2686	927
Sample1006	34021	2725	915
Sample1007	33984	2793	913
Sample1008	33968	2850	914
Sample1009	34024	2835	904
Sample1010	34054	2847	893
Sample1011	34030	2902	893
Sample1012	34071	2884	889
Sample1013	34024	2962	888
Sample1014	34048	2979	890
Sample1015	34076	2989	881
Sample1016	34050	3049	881
Sample1017	34429	2748	877
Sample1018	34344	2853	886
Sample1019	34347	2887	886
Sample1020	34315	2951	884
Sample1021	34590	2750	882
Sample1022	34579	2796	874
Sample1023	34464	2931	877
Sample1024	34733	2731	882
Sample1025	34692	2808	874
Sample1026	34740	2769	886
Sample1027	34753	2794	878
Sample1028	34893	2704	876
Sample1029	34888	2754	874
Sample1030	34878	2799	866
Sample1031	34764	2933	869
Sample1032	34823	2921	872
Sample1033	35123	2691	881
Sample1034	35147	2715	868
Sample1035	35178	2716	863
Sample1036	35189	2749	862
Sample1037	35194	2788	853
Sample1038	35474	2562	871
Sample1039	35439	2607	877
Sample1040	35469	2605	879
Sample1041	35396	2690	892
Sample1042	35358	2758	887
Sample1043	35244	2893	889
Sample1044	35419	2747	906
Sample1045	35448	2753	896
Sample1046	35503	2734	892
Sample1047	35424	2842	895
Sample1048	35423	2872	893
Sample1049	35419	2909	886
Sample1050	35480	2885	876
Sample1051	35512	2882	886
Sample1052	35511	2925	888
Sample1053	35479	2983	890
Sample1054	35507	2987	892
Sample1055	35577	2958	888
Sample1056	35608	2967	880
Sample1057	35623	2986	874
Sample1058	35546	3090	891
Sample1059	36002	2716	888
Sample1060	36385	2410	892
Sample1061	36507	2325	901
Sample1062	36732	2153	892
Sample1063	36779	2144	893
Sample1064	36824	2130	890
Sample1065	36816	2171	885
Sample1066	36824	2200	886
Sample1067	36819	2238	879
Sample1068	36771	2318	877
Sample1069	36657	2452	880
Sample1070	36840	2335	893
Sample1071	36863	2355	883
Sample1072	36909	2343	877
Sample1073	37154	2170	883
Sample1074	37216	2153	878
Sample1075	37177	2214	885
Sample1076	37157	2275	874
Sample1077	37204	2259	871
Sample1078	37229	2259	873
Sample1079	37199	2291	877
Sample1080	37203	2336	870
Sample1081	37177	2395	867
Sample1082	37165	2439	863
Sample1083	37168	2473	856
Sample1084	37271	2419	844
Sample1085	37274	2452	837
Sample1086	37235	2524	831
Sample1087	37200	2593	825
Sample1088	37166	2632	847
Sample1089	37217	2615	837
Sample1090	37252	2621	834
Sample1091	37259	2649	828
Sample1092	37273	2673	822
Sample1093	37330	2656	807
Sample1094	37313	2703	804
Sample1095	37695	2404	799
Sample1096	37740	2398	787
Sample1097	37693	2478	781
Sample1098	37684	2525	774
Sample1099	37699	2540	782
Sample1100	37907	2401	794
Sample1101	37855	2486	792
Sample1102	38161	2247	795
Sample1103	38425	2078	774
Sample1104	38616	1932	771
Sample1105	38615	1967	766
Sample1106	38661	1950	766
Sample1107	38702	1946	757
Sample1108	38730	1951	751
Sample1109	38649	2043	763
Sample1110	38675	2054	755
Sample1111	38731	2039	754
Sample1112	38776	2034	740
Sample1113	38813	2019	736
Sample1114	38869	2000	734
Sample1115	38890	2011	727
Sample1116	38902	2022	734
Sample1117	38912	2034	728
Sample1118	38828	2147	725
Sample1119	38834	2168	736
Sample1120	38842	2197	729
Sample1121	39130	1974	747
Sample1122	39211	1946	742
Sample1123	39277	1921	743
Sample1124	39219	2008	743
Sample1125	39268	1994	741
Sample1126	39286	2014	734
Sample1127	39262	2067	733
Sample1128	39173	2178	739
Sample1129	39199	2192	742
Sample1130	39473	1983	744
Sample1131	39441	2047	742
Sample1132	39542	1977	746
Sample1133	39487	2055	758
Sample1134	39521	2067	750
Sample1135	39775	1894	750
Sample1136	40034	1691	773
Sample1137	40004	1746	777
Sample1138	39969	1810	781
Sample1139	39938	1868	787
Sample1140	39993	1845	794
Sample1141	39879	1979	797
Sample1142	39766	2113	799
Sample1143	39759	2151	804
Sample1144	39944	2009	817
Sample1145	40241	1794	805
Sample1146	40278	1793	800
Sample1147	40279	1834	797
Sample1148	40279	1871	789
Sample1149	40281	1920	775
Sample1150	40299	1941	764
Sample1151	40331	1956	763
Sample1152	40694	1669	765
Sample1153	40580	1803	768
Sample1154	40578	1843	769
Sample1155	40739	1739	757
Sample1156	40744	1768	749
Sample1157	40729	1807	752
Sample1158	40676	1891	750
Sample1159	40677	1930	749
Sample1160	40974	1717	744
Sample1161	41050	1683	735
Sample1162	41086	1684	726
Sample1163	41200	1604	736
Sample1164	41194	1647	727
Sample1165	41239	1647	725
Sample1166	41248	1673	720
Sample1167	41512	1473	727
Sample1168	41470	1527	731
Sample1169	41428	1600	730
Sample1170	41279	1770	737
Sample1171	41298	1787	739
Sample1172	41213	1902	736
Sample1173	41179	1971	724
Sample1174	41181	2003	715
Sample1175	41212	2009	707
Sample1176	41174	2082	702
Sample1177	41170	2119	695
Sample1178	41142	2190	695
Sample1179	41144	2230	681
Sample1180	41122	2287	674
Sample1181	41090	2351	672
Sample1182	41268	2259	669
Sample1183	41293	2269	663
Sample1184	41221	2369	665
Sample1185	41237	2390	654
Sample1186	41292	2371	646
Sample1187	41236	2449	656
Sample1188	41142	2576	654
Sample1189	41320	2466	664
Sample1190	41348	2473	655
Sample1191	41379	2487	654
Sample1192	41430	2481	652
Sample1193	41418	2504	662
Sample1194	41370	2594	661
Sample1195	41334	2667	654
Sample1196	41312	2718	655
Sample1197	41643	2467	653
Sample1198	41664	2486	645
Sample1199	41621	2563	640
Sample1200	41613	2594	660
Sample1201	41614	2635	661
Sample1202	41621	2654	664
Sample1203	41572	2737	660
Sample1204	41526	2815	656
Sample1205	41451	2910	670
Sample1206	41473	2923	665
Sample1207	41481	2951	657
Sample1208	41442	3010	655
Sample1209	41417	3065	648
Sample1210	41447	3071	638
Sample1211	41533	3016	634
Sample1212	41542	3037	634
Sample1213	41558	3054	630
Sample1214	41531	3119	632
Sample1215	41569	3116	623
Sample1216	41505	3216	620
Sample1217	41529	3228	611
Sample1218	41840	2986	615
Sample1219	41806	3055	620
Sample1220	41804	3093	611
Sample1221	42219	2757	618
Sample1222	42202	2807	618
Sample1223	42250	2802	619
Sample1224	42270	2815	611
Sample1225	42245	2872	610
Sample1226	42195	2949	614
Sample1227	42198	2985	600
Sample1228	42108	3083	602
Sample1229	42027	3201	605
Sample1230	42198	3058	620
Sample1231	42210	3093	610
Sample1232	42218	3115	605
Sample1233	42217	3153	594
Sample1234	42186	3216	596
Sample1235	42444	3028	604
Sample1236	42431	3075	596
Sample1237	42397	3139	597
Sample1238	42443	3126	607
Sample1239	42424	3182	598
Sample1240	42520	3138	593
Sample1241	42581	3104	609
Sample1242	42550	3166	607
Sample1243	42550	3213	604
Sample1244	42568	3238	596
Sample1245	42513	3323	606
Sample1246	42580	3302	590
Sample1247	42540	3371	587
Sample1248	42576	3375	583
Sample1249	42529	3444	586
Sample1250	42581	3439	580
Sample1251	42633	3421	573
Sample1252	42730	3366	578
Sample1253	42752	3377	575
Sample1254	42727	3433	572
Sample1255	42672	3513	573
Sample1256	42683	3539	566
Sample1257	42685	3570	563
Sample1258	42720	3571	554
Sample1259	42751	3578	546
Sample1260	42742	3620	556
Sample1261	43003	3423	568
Sample1262	43005	3454	559
Sample1263	43022	3475	550
Sample1264	43048	3478	556
Sample1265	43052	3504	550
Sample1266	43008	3583	556
Sample1267	43049	3577	560
Sample1268	43073	3595	548
Sample1269	43135	3570	539
Sample1270	43156	3592	537
Sample1271	43173	3609	534
Sample1272	43239	3575	541
Sample1273	43231	3618	537
Sample1274	43448	3453	532
Sample1275	43477	3464	533
Sample1276	43761	3252	543
Sample1277	43648	3386	545
Sample1278	43696	3376	548
Sample1279	43681	3424	542
Sample1280	44021	3149	545
Sample1281	44354	2884	549
Sample1282	44412	2880	535
Sample1283	44654	2720	531
Sample1284	44619	2784	533
Sample1285	44657	2779	548
Sample1286	44606	2846	554
Sample1287	44615	2867	549
Sample1288	44715	2812	546
Sample1289	44662	2891	545
Sample1290	44611	2973	544
Sample1291	44614	3023	542
Sample1292	44662	3011	534
Sample1293	44681	3032	525
Sample1294	44635	3103	531
Sample1295	44736	3044	518
Sample1296	44855	2979	513
Sample1297	45152	2752	514
Sample1298	45115	2817	525
Sample1299	45261	2746	525
Sample1300	45176	2860	526
Sample1301	45165	2905	520
Sample1302	45354	2742	549
Sample1303	45260	2846	567
Sample1304	45198	2910	581
Sample1305	45411	2750	577
Sample1306	45476	2724	575
Sample1307	45450	2784	571
Sample1308	45443	2836	564
Sample1309	45449	2864	558
Sample1310	45511	2826	547
Sample1311	45634	2751	542
Sample1312	45968	2491	552
Sample1313	46046	2457	546
Sample1314	46055	2485	537
Sample1315	46404	2206	545
Sample1316	46290	2340	548
Sample1317	46312	2352	544
Sample1318	46316	2383	534
Sample1319	46202	2517	537
Sample1320	46130	2619	537
Sample1321	46159	2633	532
Sample1322	46379	2458	561
Sample1323	46793	2132	551
Sample1324	46772	2191	549
Sample1325	46790	2206	546
Sample1326	46760	2274	550
Sample1327	46750	2323	549
Sample1328	46657	2435	557
Sample1329	46574	2549	556
Sample1330	46603	2553	550
Sample1331	46563	2623	558
Sample1332	46913	2329	580
Sample1333	46863	2413	576
Sample1334	47124	2247	570
Sample1335	47184	2234	570
Sample1336	47225	2230	560
Sample1337	47230	2262	553
Sample1338	47227	2290	573
Sample1339	47223	2329	566
Sample1340	47196	2400	562
Sample1341	47212	2423	557
Sample1342	47194	2479	558
Sample1343	47142	2553	560
Sample1344	47113	2590	570
Sample1345	47136	2602	568
Sample1346	47112	2658	563
Sample1347	47128	2686	558
Sample1348	47170	2687	540
Sample1349	47144	2746	548
Sample1350	47027	2870	565
Sample1351	47250	2726	570
Sample1352	47218	2790	568
Sample1353	47446	2627	577
Sample1354	47413	2689	592
Sample1355	47447	2702	584
Sample1356	47441	2740	578
Sample1357	47482	2739	565
Sample1358	47799	2494	567
Sample1359	47755	2565	566
Sample1360	47740	2611	561
Sample1361	47735	2650	570
Sample1362	47746	2683	565
Sample1363	47762	2702	568
Sample1364	47791	2708	559
Sample1365	47790	2733	572
Sample1366	47793	2759	575
Sample1367	47779	2810	570
Sample1368	47786	2838	565
Sample1369	47973	2714	583
Sample1370	47928	2793	576
Sample1371	47842	2911	573
Sample1372	47813	2953	586
Sample1373	47804	3005	581
Sample1374	47767	3072	578
Sample1375	47771	3091	583
Sample1376	47837	3060	573
Sample1377	47854	3081	564
Sample1378	47879	3095	550
Sample1379	47849	3157	543
Sample1380	48094	2959	547
Sample1381	48168	2930	548
Sample1382	48163	2952	560
Sample1383	48183	2971	561
Sample1384	48219	2976	558
Sample1385	48231	2998	564
Sample1386	48200	3056	567
Sample1387	48201	3085	566
Sample1388	48201	3118	562
Sample1389	48253	3107	550
Sample1390	48268	3135	552
Sample1391	48337	3106	545
Sample1392	48416	3060	552
Sample1393	48357	3161	554
Sample1394	48368	3189	541
Sample1395	48306	3281	543
Sample1396	48359	3266	534
Sample1397	48371	3293	522
Sample1398	48387	3307	516
Sample1399	48282	3442	515
Sample1400	48308	3451	508
Sample1401	48247	3544	505
Sample1402	48222	3582	500
Sample1403	48203	3640	501
Sample1404	48207	3661	502
Sample1405	48141	3759	498
Sample1406	48292	3677	507
Sample1407	48281	3727	497
Sample1408	48324	3728	494
Sample1409	48330	3764	482
Sample1410	48298	3828	480
Sample1411	48413	3755	481
Sample1412	48574	3626	496
Sample1413	48530	3704	491
Sample1414	48503	3762	489
Sample1415	48498	3813	486
Sample1416	48402	3944	497
Sample1417	48420	3968	483
Sample1418	48369	4042	489
Sample1419	48437	4009	493
Sample1420	48487	3992	493
Sample1421	48438	4079	487
Sample1422	48763	3820	493
Sample1423	49095	3563	504
Sample1424	49182	3516	503
Sample1425	49203	3530	494
Sample1426	49194	3571	502
Sample1427	49162	3635	500
Sample1428	49153	3670	516
Sample1429	49136	3718	509
Sample1430	49177	3718	506
Sample1431	49124	3795	511
Sample1432	49117	3835	506
Sample1433	49002	3970	509
Sample1434	49018	3993	511
Sample1435	49041	4006	505
Sample1436	49044	4038	497
Sample1437	48927	4184	499
Sample1438	48930	4220	488
Sample1439	48815	4355	491
Sample1440	48829	4375	487
Sample1441	48792	4446	489
Sample1442	48794	4481	483
Sample1443	48780	4527	477
Sample1444	48794	4556	472
Sample1445	48756	4636	467
Sample1446	48786	4644	462
Sample1447	48735	4723	472
Sample1448	48710	4782	465
Sample1449	48766	4760	459
Sample1450	48773	4781	459
Sample1451	48877	4730	453
Sample1452	48888	4746	455
Sample1453	48876	4793	447
Sample1454	48973	4747	446
Sample1455	48945	4807	442
Sample1456	48975	4810	437
Sample1457	48916	4895	435
Sample1458	49112	4759	450
Sample1459	49071	4831	449
Sample1460	49084	4854	451
Sample1461	49042	4926	448
Sample1462	49153	4872	467
Sample1463	49214	4829	469
Sample1464	49210	4859	472
Sample1465	49243	4860	461
Sample1466	49255	4881	457
Sample1467	49466	4733	471
Sample1468	49442	4790	469
Sample1469	49448	4804	479
Sample1470	49437	4856	467
Sample1471	49514	4800	467
Sample1472	49502	4854	466
Sample1473	49836	4598	469
Sample1474	49822	4642	475
Sample1475	49798	4700	467
Sample1476	49700	4829	481
Sample1477	49782	4794	475
Sample1478	49729	4880	471
Sample1479	49729	4909	469
Sample1480	49700	4972	461
Sample1481	50031	4712	462
Sample1482	50056	4725	453
Sample1483	50036	4780	444
Sample1484	50083	4762	442
Sample1485	50051	4826	440
Sample1486	50079	4831	435
Sample1487	50123	4825	440
Sample1488	50100	4887	432
Sample1489	50117	4907	422
Sample1490	50166	4897	409
Sample1491	50401	4753	391
Sample1492	50454	4739	388
Sample1493	50561	4675	383
Sample1494	50828	4493	378
Sample1495	50783	4561	383
Sample1496	50793	4576	385
Sample1497	50788	4613	385
Sample1498	50756	4678	381
Sample1499	50762	4703	376
Sample1500	50725	4776	379
Sample1501	50720	4818	381
Sample1502	51117	4491	387
Sample1503	51060	4590	379
Sample1504	51105	4577	381
Sample1505	51108	4606	378
Sample1506	51495	4290	382
Sample1507	51537	4269	381
Sample1508	51709	4161	395
Sample1509	51693	4209	390
Sample1510	51658	4279	383
Sample1511	51637	4325	391
Sample1512	51522	4460	394
Sample1513	51533	4484	389
Sample1514	51532	4518	381
Sample1515	51525	4563	372
Sample1516	51518	4602	369
Sample1517	51449	4704	367
Sample1518	51378	4806	368
Sample1519	51264	4940	371
Sample1520	51409	4866	376
Sample1521	51371	4943	366
Sample1522	51617	4774	367
Sample1523	51615	4814	360
Sample1524	51926	4572	365
Sample1525	51879	4655	358
Sample1526	51883	4686	349
Sample1527	51914	4692	339
Sample1528	52154	4505	361
Sample1529	52166	4531	351
Sample1530	52164	4577	346
Sample1531	52200	4574	346
Sample1532	52161	4644	343
Sample1533	52869	3970	485
Sample1534	53046	3818	505
Sample1535	53000	3896	508
Sample1536	53034	3905	496
Sample1537	53086	3899	480
Sample1538	53000	4017	478
Sample1539	53016	4037	472
Sample1540	53010	4073	467
Sample1541	53018	4095	466
Sample1542	53149	4035	476
Sample1543	53186	4042	471
Sample1544	53110	4147	469
Sample1545	53113	4176	467
Sample1546	53195	4137	461
Sample1547	53149	4217	454
Sample1548	53406	4033	453
Sample1549	53405	4070	440
Sample1550	53407	4101	431
Sample1551	53593	3978	441
Sample1552	54301	3304	583
Sample1553	54371	3281	576
Sample1554	54419	3271	579
Sample1555	54709	3045	589
Sample1556	54739	3027	590
Sample1557	54652	3139	591
Sample1558	54645	3181	585
Sample1559	54667	3199	585
Sample1560	54662	3232	586
Sample1561	54670	3258	578
Sample1562	54605	3350	577
Sample1563	54672	3324	571
Sample1564	55381	2649	713
Sample1565	55374	2692	716
Sample1566	55332	2764	727
Sample1567	55500	2660	716
Sample1568	55456	2738	711
Sample1569	55434	2796	705
Sample1570	55440	2825	706
Sample1571	55453	2844	705
Sample1572	55632	2736	716
Sample1573	55658	2742	713
Sample1574	55745	2699	722
Sample1575	55631	2834	724
Sample1576	55698	2817	724
Sample1577	55666	2893	720
Sample1578	55705	2895	721
Sample1579	55763	2877	712
Sample1580	55706	2952	722
Sample1581	55753	2949	715
Sample1582	55782	2948	716
Sample1583	55788	2974	714
Sample1584	55725	3068	720
Sample1585	55751	3074	717
Sample1586	55753	3108	722
Sample1587	55779	3117	714
Sample1588	56041	2916	735
Sample1589	56025	2954	730
Sample1590	56016	3010	722
Sample1591	56059	3001	719
Sample1592	56116	2986	720
Sample1593	56154	2978	722
Sample1594	56163	2998	721
Sample1595	56330	2873	718
Sample1596	56387	2858	708
Sample1597	56363	2917	711
Sample1598	56336	2971	713
Sample1599	56507	2859	707
Sample1600	56494	2902	712
Sample1601	56494	2939	702
Sample1602	56468	2996	698
Sample1603	56506	2992	694
Sample1604	56478	3059	692
Sample1605	56425	3154	689
Sample1606	56452	3168	687
Sample1607	56432	3217	687
Sample1608	56442	3250	674
Sample1609	56452	3274	667
Sample1610	56364	3397	665
Sample1611	56272	3514	679
Sample1612	56281	3544	673
Sample1613	56334	3531	664
Sample1614	56291	3604	662
Sample1615	56289	3649	658
Sample1616	56338	3634	655
Sample1617	56366	3656	648
Sample1618	56253	3790	650
Sample1619	56445	3668	657
Sample1620	57154	2993	799
Sample1621	57152	3024	797
Sample1622	57186	3027	789
Sample1623	57195	3045	789
Sample1624	57202	3070	791
Sample1625	57213	3102	779
Sample1626	57541	2828	804
Sample1627	57844	2599	810
Sample1628	57877	2598	814
Sample1629	57846	2665	806
Sample1630	57842	2706	808
Sample1631	57949	2637	802
Sample1632	58199	2464	799
Sample1633	58222	2460	792
Sample1634	58175	2537	789
Sample1635	58140	2604	784
Sample1636	58149	2643	774
Sample1637	58253	2568	787
Sample1638	58233	2618	783
Sample1639	58204	2686	772
Sample1640	58200	2724	765
Sample1641	58194	2764	761
Sample1642	58268	2720	770
Sample1643	58241	2778	770
Sample1644	58276	2781	768
Sample1645	58162	2915	771
Sample1646	58144	2960	777
Sample1647	58423	2737	795
Sample1648	58388	2819	789
Sample1649	58376	2856	799
Sample1650	58397	2885	790
Sample1651	58487	2842	789
Sample1652	58758	2648	785
Sample1653	58759	2690	783
Sample1654	58723	2764	777
Sample1655	58579	2939	786
Sample1656	58466	3073	788
Sample1657	58417	3148	791
Sample1658	58366	3236	790
Sample1659	58375	3261	781
Sample1660	58322	3347	776
Sample1661	58235	3452	791
Sample1662	58246	3476	796
Sample1663	58163	3590	794
Sample1664	58190	3601	783
Sample1665	58236	3588	773
Sample1666	58321	3517	792
Sample1667	58441	3466	799
Sample1668	58439	3499	811
Sample1669	58384	3589	814
Sample1670	58451	3555	822
Sample1671	58408	3632	817
Sample1672	58430	3628	811
Sample1673	58339	3754	805
Sample1674	58304	3818	807
Sample1675	58307	3849	801
Sample1676	58266	3925	806
Sample1677	58262	3963	806
Sample1678	58249	4010	804
Sample1679	58209	4091	800
Sample1680	58535	3833	805
Sample1681	58532	3866	802
Sample1682	58515	3907	813
Sample1683	58560	3909	808
Sample1684	58804	3734	799
Sample1685	58893	3702	785
Sample1686	58915	3698	779
Sample1687	58905	3739	773
Sample1688	58916	3762	765
Sample1689	58924	3788	759
Sample1690	58926	3821	752
Sample1691	58951	3808	776
Sample1692	58950	3843	769
Sample1693	58939	3887	769
Sample1694	58926	3944	765
Sample1695	58965	3951	756
Sample1696	59034	3919	764
Sample1697	58987	3997	763
Sample1698	59172	3855	776
Sample1699	59117	3934	791
Sample1700	59130	3961	781
Sample1701	59070	4055	775
Sample1702	59112	4057	770
Sample1703	59170	4034	770
Sample1704	59190	4045	773
Sample1705	59210	4065	769
Sample1706	59335	3982	768
Sample1707	59334	4018	762
Sample1708	59220	4152	765
Sample1709	59249	4168	751
Sample1710	59293	4158	745
Sample1711	59332	4157	736
Sample1712	59320	4196	735
Sample1713	59206	4330	738
Sample1714	59061	4494	744
