Samples	Signature A	Signature B	Signature C
Sample1	0.00E+00	0.00E+00	0.00E+00
Sample2	0.00E+00	0.00E+00	0.00E+00
Sample3	3.73E+00	0.00E+00	3.73E+00
Sample4	7.98E+00	0.00E+00	7.98E+00
Sample5	1.59E+01	0.00E+00	1.59E+01
Sample6	1.24E+01	0.00E+00	1.24E+01
Sample7	6.27E+00	2.48E+01	2.84E+01
Sample8	6.05E+00	2.24E+01	1.97E+01
Sample9	7.16E+00	1.71E+01	1.77E+01
Sample10	6.44E+00	2.97E+01	3.28E+01
Sample11	1.09E+01	2.55E+01	2.84E+01
Sample12	1.51E+01	7.46E+00	1.74E+01
Sample13	6.50E+00	2.88E+00	6.49E+00
Sample14	8.90E+00	5.56E+00	1.15E+01
Sample15	7.40E+00	5.00E+00	7.48E+00
Sample16	1.28E+01	0.00E+00	1.28E+01
Sample17	1.41E+01	2.75E+00	1.37E+01
Sample18	1.18E+01	5.76E+01	4.99E+01
Sample19	9.05E+00	4.69E+01	5.01E+01
Sample20	1.61E+01	7.30E+01	6.79E+01
Sample21	1.16E+01	4.75E+01	4.11E+01
Sample22	1.49E+01	1.68E+01	1.95E+01
Sample23	1.38E+01	6.63E+01	6.41E+01
Sample24	1.39E+01	3.02E+01	2.65E+01
Sample25	6.73E+00	4.45E+01	4.42E+01
Sample26	1.03E+01	3.68E+01	3.87E+01
Sample27	1.57E+01	5.32E+01	6.25E+01
Sample28	1.33E+01	5.77E+01	5.76E+01
Sample29	1.74E+01	4.35E+01	3.41E+01
Sample30	1.55E+01	5.26E+01	5.61E+01
Sample31	1.25E+01	1.58E+01	1.60E+01
Sample32	6.50E+00	4.46E+01	4.41E+01
Sample33	1.04E+01	5.58E+01	4.91E+01
Sample34	1.47E+01	5.77E+01	5.39E+01
Sample35	1.13E+01	9.09E+01	8.95E+01
Sample36	1.68E+01	9.66E+01	9.06E+01
Sample37	1.99E+01	6.49E+01	6.22E+01
Sample38	1.56E+01	5.30E+01	4.96E+01
Sample39	1.75E+01	7.54E+01	8.28E+01
Sample40	1.61E+01	4.74E+01	5.99E+01
Sample41	2.21E+01	7.68E+01	8.25E+01
Sample42	1.03E+01	9.06E+01	8.33E+01
Sample43	2.15E+01	9.33E+01	8.33E+01
Sample44	2.75E+01	9.34E+01	1.05E+02
Sample45	1.48E+01	9.11E+01	8.51E+01
Sample46	1.21E+01	7.46E+01	7.75E+01
Sample47	2.02E+01	5.98E+01	6.64E+01
Sample48	1.36E+01	6.79E+01	6.71E+01
Sample49	1.17E+01	9.73E+01	8.92E+01
Sample50	2.00E+01	8.48E+01	8.55E+01
Sample51	2.01E+01	6.68E+01	7.67E+01
Sample52	9.28E+00	6.52E+01	6.24E+01
Sample53	1.44E+01	4.65E+01	3.26E+01
Sample54	1.18E+01	6.46E+01	6.79E+01
Sample55	8.44E+00	4.99E+01	5.44E+01
Sample56	1.43E+01	3.10E+01	3.87E+01
Sample57	2.36E+01	7.01E+01	8.23E+01
Sample58	1.37E+01	8.83E+01	8.38E+01
Sample59	1.10E+01	2.14E+01	1.78E+01
Sample60	1.59E+01	1.01E+02	9.68E+01
Sample61	1.74E+01	2.86E+01	2.98E+01
Sample62	9.35E+00	7.38E+01	7.13E+01
Sample63	1.36E+01	5.60E+01	5.88E+01
Sample64	1.25E+01	3.98E+01	3.14E+01
Sample65	1.85E+01	1.03E+01	2.45E+01
Sample66	1.65E+01	8.23E+00	1.75E+01
Sample67	9.74E+00	2.35E+01	2.17E+01
Sample68	1.33E+01	2.50E-01	1.34E+01
Sample69	1.41E+01	4.71E+01	4.64E+01
Sample70	1.97E+01	3.64E+01	4.83E+01
Sample71	2.13E+01	1.94E+01	2.96E+01
Sample72	1.30E+01	8.36E+01	7.82E+01
Sample73	1.13E+01	3.24E+01	3.93E+01
Sample74	1.85E+01	5.15E+01	4.75E+01
Sample75	2.12E+01	0.00E+00	2.12E+01
Sample76	2.42E+01	0.00E+00	2.43E+01
Sample77	1.42E+01	6.56E+01	6.09E+01
Sample78	2.32E+01	2.32E+01	2.53E+01
Sample79	1.52E+01	4.56E+01	4.48E+01
Sample80	1.26E+01	4.93E+01	4.36E+01
Sample81	1.10E+01	8.37E+01	7.80E+01
Sample82	1.22E+01	4.09E+01	3.90E+01
Sample83	1.93E+01	9.65E+01	9.62E+01
Sample84	1.45E+01	3.93E+01	3.23E+01
Sample85	1.63E+01	1.22E+01	1.90E+01
Sample86	9.69E+00	3.32E+01	2.59E+01
Sample87	1.88E+01	4.90E+01	4.88E+01
Sample88	9.66E+00	4.02E+01	3.37E+01
Sample89	1.33E+01	6.71E+01	6.05E+01
Sample90	1.63E+01	5.37E+01	5.44E+01
Sample91	1.38E+01	4.80E+01	5.12E+01
Sample92	1.56E+01	4.44E+01	4.68E+01
Sample93	1.03E+01	4.77E+01	3.95E+01
Sample94	1.09E+01	2.63E-01	1.08E+01
Sample95	1.57E+01	5.16E+01	5.05E+01
Sample96	1.08E+01	6.20E-01	1.08E+01
Sample97	1.44E+01	1.40E+01	2.50E+01
Sample98	1.68E+01	3.87E+01	3.29E+01
Sample99	1.73E+01	1.13E+01	1.74E+01
Sample100	1.47E+01	1.89E+01	2.83E+01
Sample101	2.14E+01	6.34E+01	7.77E+01
Sample102	1.74E+01	1.75E+01	2.84E+01
Sample103	1.34E+01	1.70E+01	2.02E+01
Sample104	1.48E+01	1.63E+01	2.07E+01
Sample105	1.38E+01	3.05E+01	3.46E+01
Sample106	1.82E+01	3.19E+01	4.51E+01
Sample107	2.30E+01	3.46E+01	3.31E+01
Sample108	1.38E+01	2.84E+01	3.72E+01
Sample109	2.12E+01	1.56E+01	1.81E+01
Sample110	1.82E+01	1.45E+01	1.60E+01
Sample111	1.96E+01	9.24E+01	8.24E+01
Sample112	2.11E+01	9.61E+01	9.86E+01
Sample113	2.38E+01	5.51E+01	4.85E+01
Sample114	1.99E+01	3.20E+01	3.77E+01
Sample115	2.67E+01	6.66E+01	4.71E+01
Sample116	2.71E+01	1.75E+01	2.25E+01
Sample117	1.84E+01	6.25E+01	5.56E+01
Sample118	1.53E+01	2.44E+01	3.12E+01
Sample119	2.18E+01	8.83E+01	7.87E+01
Sample120	1.62E+01	9.25E+01	8.79E+01
Sample121	1.93E+01	9.01E+01	8.33E+01
Sample122	1.61E+01	9.39E+01	8.75E+01
Sample123	1.18E+01	1.07E+02	1.02E+02
Sample124	1.31E+01	6.65E+01	6.64E+01
Sample125	2.29E+01	8.38E+01	7.92E+01
Sample126	1.66E+01	1.06E+02	1.09E+02
Sample127	1.88E+01	1.14E+02	1.05E+02
Sample128	2.01E+01	1.33E+02	1.24E+02
Sample129	1.86E+01	6.68E+01	5.77E+01
Sample130	1.32E+01	1.29E+02	1.34E+02
Sample131	1.63E+01	1.05E+02	9.33E+01
Sample132	1.68E+01	8.35E+01	8.92E+01
Sample133	1.59E+01	6.02E+01	6.50E+01
Sample134	1.05E+01	7.69E+01	7.56E+01
Sample135	1.79E+01	1.58E+01	2.38E+01
Sample136	1.23E+01	1.14E+01	1.50E+01
Sample137	1.91E+01	5.46E+01	5.24E+01
Sample138	1.82E+01	1.02E+01	1.90E+01
Sample139	1.64E+01	1.06E+02	9.60E+01
Sample140	2.20E+01	1.40E+02	1.25E+02
Sample141	2.40E+01	5.84E+01	5.74E+01
Sample142	1.43E+01	1.47E+02	1.38E+02
Sample143	1.80E+01	1.00E+02	8.96E+01
Sample144	1.82E+01	1.34E+02	1.26E+02
Sample145	2.87E+01	6.28E+01	4.84E+01
Sample146	2.43E+01	8.86E+01	8.53E+01
Sample147	1.78E+01	6.12E+01	5.27E+01
Sample148	2.22E+01	1.08E+02	1.17E+02
Sample149	1.99E+01	1.38E+02	1.31E+02
Sample150	1.25E+01	1.49E+02	1.47E+02
Sample151	1.95E+01	1.21E+02	1.20E+02
Sample152	1.46E+01	1.70E+02	1.62E+02
Sample153	1.94E+01	1.34E+02	1.31E+02
Sample154	2.39E+01	1.32E+02	1.27E+02
Sample155	1.67E+01	9.38E+01	8.42E+01
Sample156	1.61E+01	1.42E+02	1.35E+02
Sample157	1.99E+01	7.96E+01	7.84E+01
Sample158	1.71E+01	9.50E+01	9.74E+01
Sample159	1.87E+01	5.84E+01	5.72E+01
Sample160	1.83E+01	3.48E+01	3.60E+01
Sample161	1.05E+01	4.80E+01	4.57E+01
Sample162	2.49E+01	8.37E+01	9.43E+01
Sample163	1.85E+01	5.01E+01	4.93E+01
Sample164	1.96E+01	1.29E+02	1.20E+02
Sample165	1.70E+01	1.07E+02	9.93E+01
Sample166	2.48E+01	6.50E+01	7.76E+01
Sample167	1.58E+01	6.38E+01	5.98E+01
Sample168	2.65E+01	1.25E+02	1.29E+02
Sample169	2.75E+01	1.26E+02	1.15E+02
Sample170	2.60E+01	8.54E+01	7.54E+01
Sample171	2.93E+01	7.59E+01	8.34E+01
Sample172	2.40E+01	1.06E+02	9.96E+01
Sample173	2.71E+01	7.46E+01	6.98E+01
Sample174	2.36E+01	8.83E+01	7.78E+01
Sample175	1.74E+01	6.15E+01	5.37E+01
Sample176	2.53E+01	1.47E+02	1.38E+02
Sample177	1.70E+01	1.13E+02	1.00E+02
Sample178	2.60E+01	8.06E+01	8.11E+01
Sample179	1.68E+01	6.75E+01	7.10E+01
Sample180	2.55E+01	1.30E+02	1.20E+02
Sample181	1.62E+01	6.51E+01	6.60E+01
Sample182	2.83E+01	1.00E+02	9.69E+01
Sample183	2.26E+01	1.48E+02	1.35E+02
Sample184	1.87E+01	1.74E+02	1.70E+02
Sample185	2.14E+01	1.91E+02	1.78E+02
Sample186	2.26E+01	1.37E+02	1.32E+02
Sample187	1.78E+01	1.53E+02	1.43E+02
Sample188	1.93E+01	1.33E+02	1.21E+02
Sample189	1.67E+01	1.31E+02	1.36E+02
Sample190	2.64E+01	1.31E+02	1.31E+02
Sample191	2.47E+01	1.36E+02	1.25E+02
Sample192	2.91E+01	1.28E+02	1.27E+02
Sample193	2.37E+01	1.37E+02	1.31E+02
Sample194	2.09E+01	1.40E+02	1.31E+02
Sample195	2.51E+01	1.39E+02	1.33E+02
Sample196	1.87E+01	1.55E+02	1.52E+02
Sample197	1.62E+01	1.09E+02	1.08E+02
Sample198	2.22E+01	1.51E+02	1.49E+02
Sample199	1.38E+01	1.15E+02	1.10E+02
Sample200	3.14E+01	1.03E+02	9.00E+01
Sample201	2.14E+01	1.86E+02	1.88E+02
Sample202	1.61E+01	1.07E+02	1.01E+02
Sample203	1.30E+01	2.20E+02	2.15E+02
Sample204	9.25E+00	1.07E+02	1.04E+02
Sample205	0.00E+00	1.63E+02	1.63E+02
Sample206	2.56E+01	1.43E+02	1.39E+02
Sample207	1.54E+01	1.42E+02	1.39E+02
Sample208	7.45E+00	1.56E+02	1.57E+02
Sample209	4.62E+00	1.66E+02	1.67E+02
Sample210	7.50E+00	1.80E+02	1.84E+02
Sample211	2.59E+01	9.77E+01	8.97E+01
Sample212	1.25E+01	7.66E+01	7.39E+01
Sample213	0.00E+00	1.32E+02	1.32E+02
Sample214	2.31E+01	1.80E+02	1.71E+02
Sample215	2.47E+01	1.84E+02	1.80E+02
Sample216	1.59E+01	1.55E+02	1.43E+02
Sample217	2.75E+01	1.57E+02	1.37E+02
Sample218	1.94E+01	1.78E+02	1.73E+02
Sample219	2.71E+01	2.14E+02	2.14E+02
Sample220	3.28E+01	1.72E+02	1.47E+02
Sample221	1.71E+01	1.39E+02	1.35E+02
Sample222	2.07E+01	1.32E+02	1.28E+02
Sample223	3.37E+01	1.82E+02	1.73E+02
Sample224	3.02E+01	1.86E+02	2.04E+02
Sample225	2.74E+01	1.90E+02	1.83E+02
Sample226	2.65E+01	1.77E+02	1.53E+02
Sample227	3.23E+01	2.66E+02	2.59E+02
Sample228	2.03E+01	9.82E+01	9.08E+01
Sample229	2.25E+01	1.40E+02	1.32E+02
Sample230	2.56E+01	1.69E+02	1.68E+02
Sample231	2.21E+01	3.25E+02	3.12E+02
Sample232	3.09E+01	2.57E+02	2.50E+02
Sample233	1.81E+01	1.46E+02	1.36E+02
Sample234	1.42E+01	2.60E+02	2.50E+02
Sample235	1.26E+01	1.56E+02	1.52E+02
Sample236	2.96E+01	1.54E+02	1.43E+02
Sample237	2.51E+01	3.07E+02	2.98E+02
Sample238	2.53E+01	2.11E+02	2.00E+02
Sample239	2.63E+01	3.38E+02	3.24E+02
Sample240	2.33E+01	2.29E+02	2.17E+02
Sample241	2.76E+01	2.43E+02	2.30E+02
Sample242	2.75E+01	2.95E+02	2.84E+02
Sample243	3.26E+01	2.09E+02	1.91E+02
Sample244	2.41E+01	1.29E+02	1.19E+02
Sample245	2.90E+01	2.87E+02	2.74E+02
Sample246	1.37E+01	1.90E+02	1.87E+02
Sample247	2.32E+01	1.56E+02	1.63E+02
Sample248	1.80E+01	1.71E+02	1.72E+02
Sample249	2.42E+01	2.06E+02	2.01E+02
Sample250	2.52E+01	2.09E+02	2.08E+02
Sample251	3.91E+01	2.13E+02	2.08E+02
Sample252	1.72E+01	2.83E+02	2.84E+02
Sample253	3.00E+01	3.09E+02	3.08E+02
Sample254	2.42E+01	2.12E+02	2.07E+02
Sample255	2.82E+01	2.11E+02	1.96E+02
Sample256	2.05E+01	2.87E+02	2.86E+02
Sample257	2.01E+01	1.32E+02	1.35E+02
Sample258	3.15E+01	1.16E+02	1.22E+02
Sample259	2.82E+01	3.71E+02	3.51E+02
Sample260	2.49E+01	1.22E+02	1.20E+02
Sample261	3.07E+01	2.72E+02	2.66E+02
Sample262	2.69E+01	1.23E+02	1.16E+02
Sample263	2.46E+01	1.26E+02	1.23E+02
Sample264	2.23E+01	1.77E+02	1.83E+02
Sample265	2.51E+01	2.40E+02	2.27E+02
Sample266	3.13E+01	1.35E+02	1.32E+02
Sample267	1.65E+01	9.17E+01	9.12E+01
Sample268	2.27E+01	1.65E+02	1.63E+02
Sample269	2.93E+01	2.32E+02	2.16E+02
Sample270	3.72E+01	2.01E+02	1.76E+02
Sample271	3.49E+01	3.80E+02	3.68E+02
Sample272	2.28E+01	2.41E+02	2.35E+02
Sample273	3.43E+01	1.12E+02	1.10E+02
Sample274	3.79E+01	2.19E+02	2.00E+02
Sample275	3.40E+01	3.28E+02	3.14E+02
Sample276	3.84E+01	2.18E+02	1.95E+02
Sample277	4.38E+01	3.03E+02	2.96E+02
Sample278	2.47E+01	1.52E+02	1.46E+02
Sample279	2.79E+01	1.90E+02	1.89E+02
Sample280	2.30E+01	1.50E+02	1.38E+02
Sample281	2.99E+01	1.66E+02	1.53E+02
Sample282	4.59E+01	2.26E+02	2.28E+02
Sample283	2.97E+01	2.89E+02	2.94E+02
Sample284	4.27E+01	2.08E+02	1.76E+02
Sample285	2.65E+01	1.76E+02	1.65E+02
Sample286	2.35E+01	1.78E+02	1.97E+02
Sample287	5.22E+01	2.36E+02	2.03E+02
Sample288	2.79E+01	1.63E+02	1.61E+02
Sample289	1.80E+01	2.29E+02	2.28E+02
Sample290	1.97E+01	2.27E+02	2.26E+02
Sample291	3.31E+01	2.39E+02	2.38E+02
Sample292	3.67E+01	2.10E+02	1.97E+02
Sample293	2.71E+01	2.75E+02	2.66E+02
Sample294	3.29E+01	3.19E+02	3.30E+02
Sample295	3.32E+01	2.95E+02	2.85E+02
Sample296	2.78E+01	2.17E+02	2.06E+02
Sample297	3.45E+01	2.79E+02	2.74E+02
Sample298	3.18E+01	1.96E+02	1.73E+02
Sample299	1.81E+01	1.92E+02	1.88E+02
Sample300	1.96E+01	2.20E+02	2.08E+02
Sample301	2.78E+01	1.16E+02	1.21E+02
Sample302	2.06E+01	1.91E+02	1.82E+02
Sample303	3.20E+01	9.35E+01	8.13E+01
Sample304	2.89E+01	2.19E+02	2.15E+02
Sample305	3.11E+01	1.45E+02	1.46E+02
Sample306	3.72E+01	1.69E+02	1.53E+02
Sample307	2.36E+01	2.68E+02	2.55E+02
Sample308	2.62E+01	2.35E+02	2.21E+02
Sample309	2.23E+01	2.59E+02	2.49E+02
Sample310	2.76E+01	2.74E+02	2.82E+02
Sample311	2.88E+01	3.19E+02	2.94E+02
Sample312	3.49E+01	2.16E+02	2.11E+02
Sample313	3.27E+01	2.04E+02	1.93E+02
Sample314	3.25E+01	1.86E+02	1.78E+02
Sample315	3.13E+01	2.94E+02	2.77E+02
Sample316	2.14E+01	2.39E+02	2.44E+02
Sample317	3.31E+01	2.35E+02	2.07E+02
Sample318	4.01E+01	2.89E+02	2.73E+02
Sample319	2.20E+01	2.12E+02	2.19E+02
Sample320	3.40E+01	3.42E+02	3.16E+02
Sample321	3.97E+01	1.94E+02	1.78E+02
Sample322	3.96E+01	2.20E+02	1.96E+02
Sample323	3.50E+01	2.67E+02	2.54E+02
Sample324	3.62E+01	2.37E+02	2.44E+02
Sample325	4.59E+01	2.62E+02	2.37E+02
Sample326	2.61E+01	2.71E+02	2.69E+02
Sample327	3.17E+01	4.25E+02	3.97E+02
Sample328	2.40E+01	2.11E+02	2.02E+02
Sample329	3.45E+01	2.72E+02	2.90E+02
Sample330	2.30E+01	4.10E+02	3.88E+02
Sample331	5.34E+01	3.09E+02	2.86E+02
Sample332	2.20E+01	2.91E+02	3.01E+02
Sample333	4.53E+01	2.72E+02	2.60E+02
Sample334	2.21E+01	2.23E+02	2.07E+02
Sample335	3.09E+01	2.21E+02	2.03E+02
Sample336	3.46E+01	2.46E+02	2.56E+02
Sample337	3.70E+01	3.34E+02	3.20E+02
Sample338	4.99E+01	2.33E+02	2.06E+02
Sample339	2.00E+01	1.29E+02	1.26E+02
Sample340	5.96E+01	3.20E+02	2.72E+02
Sample341	4.39E+01	3.47E+02	3.11E+02
Sample342	3.25E+01	2.48E+02	2.58E+02
Sample343	2.84E+01	2.59E+02	2.47E+02
Sample344	2.60E+01	1.96E+02	1.88E+02
Sample345	3.18E+01	1.44E+02	1.47E+02
Sample346	3.32E+01	1.06E+02	1.22E+02
Sample347	4.31E+01	2.56E+02	2.35E+02
Sample348	3.75E+01	3.66E+02	3.43E+02
Sample349	2.31E+01	2.54E+02	2.55E+02
Sample350	3.51E+01	1.19E+02	1.23E+02
Sample351	3.99E+01	1.94E+02	1.68E+02
Sample352	4.10E+01	3.26E+02	3.15E+02
Sample353	3.02E+01	2.25E+02	2.21E+02
Sample354	3.95E+01	2.52E+02	2.25E+02
Sample355	3.33E+01	1.92E+02	1.64E+02
Sample356	3.77E+01	2.65E+02	2.45E+02
Sample357	2.87E+01	2.87E+02	2.76E+02
Sample358	2.51E+01	2.82E+02	2.97E+02
Sample359	3.45E+01	2.55E+02	2.59E+02
Sample360	3.91E+01	2.36E+02	2.18E+02
Sample361	3.20E+01	2.16E+02	2.14E+02
Sample362	3.80E+01	2.40E+02	2.18E+02
Sample363	4.24E+01	2.79E+02	2.75E+02
Sample364	2.59E+01	2.67E+02	2.60E+02
Sample365	2.83E+01	2.50E+02	2.48E+02
Sample366	3.33E+01	3.22E+02	2.99E+02
Sample367	3.59E+01	3.24E+02	3.22E+02
Sample368	4.32E+01	2.07E+02	1.84E+02
Sample369	1.99E+01	2.47E+02	2.34E+02
Sample370	2.25E+01	3.26E+02	3.27E+02
Sample371	3.08E+01	3.15E+02	3.07E+02
Sample372	4.18E+01	3.81E+02	3.43E+02
Sample373	4.08E+01	3.31E+02	3.14E+02
Sample374	2.95E+01	2.99E+02	2.80E+02
Sample375	4.46E+01	2.64E+02	2.44E+02
Sample376	2.83E+01	3.14E+02	3.08E+02
Sample377	3.00E+01	2.96E+02	2.81E+02
Sample378	3.86E+01	2.13E+02	2.16E+02
Sample379	4.34E+01	3.08E+02	2.95E+02
Sample380	2.63E+01	3.61E+02	3.49E+02
Sample381	2.67E+01	3.53E+02	3.53E+02
Sample382	3.18E+01	2.05E+02	2.00E+02
Sample383	3.80E+01	3.51E+02	3.30E+02
Sample384	3.29E+01	2.22E+02	2.33E+02
Sample385	3.46E+01	1.95E+02	1.93E+02
Sample386	3.57E+01	2.23E+02	2.18E+02
Sample387	4.15E+01	2.98E+02	3.08E+02
Sample388	2.45E+01	2.59E+02	2.66E+02
Sample389	2.66E+01	2.99E+02	2.85E+02
Sample390	2.47E+01	2.41E+02	2.35E+02
Sample391	2.55E+01	1.61E+02	1.48E+02
Sample392	4.67E+01	3.07E+02	3.03E+02
Sample393	4.00E+01	2.85E+02	2.78E+02
Sample394	4.35E+01	3.55E+02	3.38E+02
Sample395	3.06E+01	1.88E+02	1.93E+02
Sample396	5.68E+01	2.50E+02	2.18E+02
Sample397	6.10E+01	3.18E+02	2.88E+02
Sample398	3.70E+01	3.79E+02	3.55E+02
Sample399	5.59E+01	2.72E+02	2.58E+02
Sample400	4.35E+01	2.07E+02	1.95E+02
Sample401	5.23E+01	2.98E+02	3.03E+02
Sample402	4.34E+01	2.29E+02	2.04E+02
Sample403	2.79E+01	3.44E+02	3.38E+02
Sample404	3.14E+01	2.92E+02	2.75E+02
Sample405	3.84E+01	2.08E+02	2.02E+02
Sample406	3.91E+01	1.68E+02	1.96E+02
Sample407	2.74E+01	1.55E+02	1.46E+02
Sample408	3.86E+01	2.83E+02	2.68E+02
Sample409	2.81E+01	1.06E+02	9.51E+01
Sample410	3.49E+01	1.49E+02	1.42E+02
Sample411	5.12E+01	3.48E+02	3.16E+02
Sample412	4.43E+01	1.90E+02	1.73E+02
Sample413	3.27E+01	2.84E+02	2.89E+02
Sample414	2.92E+01	2.60E+02	2.37E+02
Sample415	3.96E+01	3.20E+02	2.87E+02
Sample416	3.09E+01	2.92E+02	2.73E+02
Sample417	2.93E+01	2.59E+02	2.44E+02
Sample418	4.86E+01	3.20E+02	3.09E+02
Sample419	4.34E+01	2.43E+02	2.30E+02
Sample420	3.13E+01	1.99E+02	1.89E+02
Sample421	2.31E+01	2.77E+02	2.85E+02
Sample422	5.65E+01	4.56E+02	4.20E+02
Sample423	3.16E+01	2.84E+02	2.78E+02
Sample424	5.71E+01	3.29E+02	3.17E+02
Sample425	4.82E+01	3.29E+02	3.02E+02
Sample426	4.88E+01	1.34E+02	1.52E+02
Sample427	4.26E+01	3.65E+02	3.31E+02
Sample428	6.09E+01	5.17E+02	4.87E+02
Sample429	2.67E+01	2.12E+02	1.99E+02
Sample430	3.22E+01	2.18E+02	2.07E+02
Sample431	4.59E+01	3.00E+02	2.78E+02
Sample432	7.47E+01	2.48E+02	2.12E+02
Sample433	3.97E+01	3.45E+02	3.20E+02
Sample434	5.81E+01	2.30E+02	2.43E+02
Sample435	3.93E+01	4.30E+02	4.11E+02
Sample436	4.09E+01	2.90E+02	2.79E+02
Sample437	3.79E+01	3.32E+02	3.29E+02
Sample438	2.51E+01	2.71E+02	2.79E+02
Sample439	4.31E+01	2.60E+02	2.39E+02
Sample440	3.57E+01	2.76E+02	2.64E+02
Sample441	2.93E+01	2.16E+02	2.01E+02
Sample442	3.85E+01	2.30E+02	2.15E+02
Sample443	3.17E+01	3.05E+02	2.93E+02
Sample444	1.26E+01	3.63E+02	3.59E+02
Sample445	1.40E+01	1.98E+02	1.91E+02
Sample446	3.56E+01	2.45E+02	2.42E+02
Sample447	3.87E+01	4.41E+02	4.14E+02
Sample448	4.81E+01	2.74E+02	2.71E+02
Sample449	3.74E+01	4.57E+02	4.32E+02
Sample450	3.37E+01	3.39E+02	3.25E+02
Sample451	3.51E+01	3.05E+02	3.25E+02
Sample452	2.62E+01	3.72E+02	3.60E+02
Sample453	3.43E+01	4.09E+02	3.93E+02
Sample454	4.19E+01	3.39E+02	3.04E+02
Sample455	4.77E+01	2.61E+02	2.69E+02
Sample456	5.56E+01	3.61E+02	3.37E+02
Sample457	3.67E+01	2.37E+02	2.14E+02
Sample458	4.99E+01	3.82E+02	3.89E+02
Sample459	5.81E+01	2.12E+02	2.09E+02
Sample460	3.74E+01	2.73E+02	2.80E+02
Sample461	2.62E+01	3.08E+02	2.88E+02
Sample462	4.74E+01	2.63E+02	2.41E+02
Sample463	2.98E+01	3.31E+02	3.23E+02
Sample464	3.07E+01	2.98E+02	3.02E+02
Sample465	2.73E+01	2.58E+02	2.62E+02
Sample466	3.23E+01	1.93E+02	2.02E+02
Sample467	4.29E+01	3.39E+02	3.15E+02
Sample468	4.03E+01	2.60E+02	2.38E+02
Sample469	4.28E+01	2.23E+02	2.40E+02
Sample470	2.95E+01	2.98E+02	2.96E+02
Sample471	3.52E+01	2.74E+02	2.52E+02
Sample472	4.50E+01	2.95E+02	2.72E+02
Sample473	3.43E+01	3.23E+02	3.28E+02
Sample474	2.98E+01	2.71E+02	2.57E+02
Sample475	2.62E+01	3.26E+02	3.12E+02
Sample476	4.41E+01	2.52E+02	2.40E+02
Sample477	5.34E+01	3.25E+02	2.97E+02
Sample478	3.57E+01	2.01E+02	1.78E+02
Sample479	4.10E+01	3.83E+02	3.62E+02
Sample480	5.29E+01	2.72E+02	2.30E+02
Sample481	6.01E+01	3.66E+02	3.38E+02
Sample482	7.06E+01	2.27E+02	2.34E+02
Sample483	3.61E+01	2.59E+02	2.72E+02
Sample484	4.39E+01	2.44E+02	2.50E+02
Sample485	4.11E+01	2.72E+02	2.39E+02
Sample486	4.39E+01	3.18E+02	3.10E+02
Sample487	6.02E+01	1.95E+02	1.68E+02
Sample488	3.50E+01	2.77E+02	2.79E+02
Sample489	6.15E+01	3.93E+02	3.65E+02
Sample490	4.42E+01	2.55E+02	2.21E+02
Sample491	5.84E+01	4.66E+02	4.39E+02
Sample492	3.46E+01	1.92E+02	1.64E+02
Sample493	2.49E+01	3.09E+02	2.98E+02
Sample494	2.53E+01	2.98E+02	3.03E+02
Sample495	3.66E+01	4.19E+02	3.95E+02
Sample496	4.43E+01	3.32E+02	3.16E+02
Sample497	3.67E+01	2.59E+02	2.56E+02
Sample498	3.70E+01	2.65E+02	2.63E+02
Sample499	3.15E+01	2.73E+02	2.71E+02
Sample500	2.43E+01	3.08E+02	3.04E+02
Sample501	6.52E+01	2.53E+02	2.17E+02
Sample502	2.21E+01	1.97E+02	1.88E+02
Sample503	3.74E+01	1.58E+02	1.83E+02
Sample504	3.77E+01	2.97E+02	3.15E+02
Sample505	4.35E+01	2.88E+02	2.63E+02
Sample506	3.61E+01	2.03E+02	1.96E+02
Sample507	5.72E+01	3.49E+02	3.09E+02
Sample508	7.18E+01	3.84E+02	3.37E+02
Sample509	5.45E+01	1.31E+02	1.16E+02
Sample510	3.52E+01	2.87E+02	2.64E+02
Sample511	3.07E+01	3.70E+02	3.83E+02
Sample512	3.71E+01	2.39E+02	2.47E+02
Sample513	5.13E+01	1.59E+02	1.45E+02
Sample514	5.08E+01	3.12E+02	2.73E+02
Sample515	4.99E+01	2.33E+02	1.90E+02
Sample516	5.49E+01	3.64E+02	3.17E+02
Sample517	4.11E+01	2.63E+02	2.47E+02
Sample518	5.67E+01	3.29E+02	3.29E+02
Sample519	5.13E+01	4.31E+02	4.00E+02
Sample520	2.91E+01	3.38E+02	3.41E+02
Sample521	4.27E+01	4.30E+02	4.01E+02
Sample522	5.55E+01	6.35E+02	6.20E+02
Sample523	6.27E+01	2.83E+02	2.52E+02
Sample524	3.01E+01	2.28E+02	2.26E+02
Sample525	3.27E+01	5.07E+02	4.90E+02
Sample526	3.58E+01	1.59E+02	1.65E+02
Sample527	5.89E+01	2.86E+02	2.87E+02
Sample528	3.78E+01	3.43E+02	3.23E+02
Sample529	5.23E+01	1.91E+02	1.57E+02
Sample530	3.94E+01	3.31E+02	3.08E+02
Sample531	7.00E+01	3.94E+02	3.76E+02
Sample532	2.24E+01	2.87E+02	2.86E+02
Sample533	4.13E+01	2.52E+02	2.24E+02
Sample534	5.43E+01	4.06E+02	3.73E+02
Sample535	3.61E+01	2.73E+02	2.64E+02
Sample536	5.11E+01	3.20E+02	3.00E+02
Sample537	3.23E+01	3.83E+02	3.70E+02
Sample538	5.25E+01	2.57E+02	2.72E+02
Sample539	4.88E+01	1.65E+02	1.68E+02
Sample540	4.04E+01	3.78E+02	3.52E+02
Sample541	3.89E+01	2.38E+02	2.51E+02
Sample542	2.96E+01	3.32E+02	3.35E+02
Sample543	2.56E+01	1.93E+02	1.87E+02
Sample544	3.59E+01	4.51E+02	4.56E+02
Sample545	5.35E+01	2.31E+02	2.34E+02
Sample546	4.14E+01	2.16E+02	2.09E+02
Sample547	2.69E+01	4.68E+02	4.67E+02
Sample548	3.87E+01	3.60E+02	3.48E+02
Sample549	4.04E+01	2.99E+02	2.87E+02
Sample550	3.46E+01	3.74E+02	3.91E+02
Sample551	4.95E+01	3.84E+02	3.56E+02
Sample552	2.13E+01	2.46E+02	2.30E+02
Sample553	5.54E+01	8.86E+01	8.37E+01
Sample554	2.80E+01	3.61E+02	3.44E+02
Sample555	4.68E+01	2.73E+02	2.54E+02
Sample556	6.56E+01	3.18E+02	2.62E+02
Sample557	4.60E+01	2.73E+02	2.52E+02
Sample558	4.71E+01	3.60E+02	3.42E+02
Sample559	4.61E+01	3.60E+02	3.91E+02
Sample560	3.69E+01	2.71E+02	2.75E+02
Sample561	5.04E+01	2.96E+02	2.78E+02
Sample562	2.17E+01	4.66E+02	4.58E+02
Sample563	4.88E+01	3.76E+02	3.53E+02
Sample564	5.16E+01	4.01E+02	3.73E+02
Sample565	4.86E+01	3.44E+02	3.28E+02
Sample566	3.04E+01	1.78E+02	1.96E+02
Sample567	4.23E+01	4.83E+02	4.66E+02
Sample568	4.03E+01	3.51E+02	3.48E+02
Sample569	3.35E+01	4.98E+02	4.86E+02
Sample570	2.14E+01	3.06E+02	3.11E+02
Sample571	6.18E+01	2.95E+02	3.00E+02
Sample572	4.00E+01	3.35E+02	3.24E+02
Sample573	5.49E+01	2.88E+02	2.88E+02
Sample574	4.38E+01	4.13E+02	4.03E+02
Sample575	4.95E+01	3.50E+02	3.33E+02
Sample576	3.65E+01	3.74E+02	3.72E+02
Sample577	3.74E+01	3.60E+02	3.50E+02
Sample578	6.28E+01	2.17E+02	2.54E+02
Sample579	3.84E+01	3.30E+02	3.34E+02
Sample580	4.03E+01	4.10E+02	3.82E+02
Sample581	3.72E+01	3.42E+02	3.35E+02
Sample582	5.14E+01	2.94E+02	2.83E+02
Sample583	3.98E+01	2.93E+02	2.81E+02
Sample584	8.42E+01	4.29E+02	3.92E+02
Sample585	4.34E+01	1.87E+02	1.76E+02
Sample586	4.99E+01	2.79E+02	2.43E+02
Sample587	3.51E+01	3.27E+02	3.20E+02
Sample588	8.60E+01	3.23E+02	2.70E+02
Sample589	5.36E+01	2.54E+02	2.40E+02
Sample590	3.23E+01	2.31E+02	2.12E+02
Sample591	3.41E+01	3.36E+02	3.24E+02
Sample592	6.16E+01	4.13E+02	4.17E+02
Sample593	2.31E+01	3.89E+02	3.68E+02
Sample594	3.89E+01	4.05E+02	4.19E+02
Sample595	5.10E+01	3.42E+02	3.25E+02
Sample596	3.91E+01	2.75E+02	2.71E+02
Sample597	4.48E+01	1.79E+02	1.78E+02
Sample598	3.37E+01	2.77E+02	2.82E+02
Sample599	6.35E+01	3.00E+02	2.70E+02
Sample600	5.87E+01	2.52E+02	2.29E+02
Sample601	2.52E+01	2.46E+02	2.28E+02
Sample602	5.79E+01	2.89E+02	2.87E+02
Sample603	4.82E+01	2.13E+02	2.20E+02
Sample604	4.33E+01	5.40E+02	5.28E+02
Sample605	6.94E+01	1.95E+02	1.67E+02
Sample606	4.21E+01	3.62E+02	3.34E+02
Sample607	4.69E+01	2.57E+02	2.34E+02
Sample608	4.27E+01	2.71E+02	2.72E+02
Sample609	4.79E+01	1.96E+02	1.90E+02
Sample610	6.50E+01	3.59E+02	3.30E+02
Sample611	6.10E+01	4.02E+02	3.83E+02
Sample612	5.21E+01	3.35E+02	2.92E+02
Sample613	8.84E+01	3.00E+02	2.80E+02
Sample614	6.81E+01	4.34E+02	3.99E+02
Sample615	6.19E+01	1.50E+02	1.46E+02
Sample616	3.54E+01	3.14E+02	3.26E+02
Sample617	3.29E+01	3.28E+02	3.25E+02
Sample618	4.73E+01	3.79E+02	3.58E+02
Sample619	4.94E+01	2.15E+02	2.06E+02
Sample620	4.50E+01	2.59E+02	2.41E+02
Sample621	3.87E+01	4.06E+02	4.08E+02
Sample622	4.76E+01	3.20E+02	3.29E+02
Sample623	4.76E+01	2.79E+02	2.57E+02
Sample624	5.12E+01	2.41E+02	2.36E+02
Sample625	6.76E+01	3.83E+02	3.57E+02
Sample626	5.61E+01	2.69E+02	2.61E+02
Sample627	2.16E+01	2.75E+02	2.77E+02
Sample628	4.64E+01	2.26E+02	2.36E+02
Sample629	6.75E+01	1.59E+02	1.29E+02
Sample630	4.93E+01	1.73E+02	1.56E+02
Sample631	7.47E+01	3.87E+02	3.70E+02
Sample632	6.80E+01	1.70E+02	1.72E+02
Sample633	5.28E+01	3.18E+02	3.18E+02
Sample634	5.41E+01	3.86E+02	3.59E+02
Sample635	4.77E+01	1.95E+02	2.08E+02
Sample636	6.59E+01	4.17E+02	3.77E+02
Sample637	3.19E+01	3.87E+02	3.60E+02
Sample638	6.16E+01	1.28E+02	1.02E+02
Sample639	3.79E+01	4.72E+02	4.50E+02
Sample640	4.21E+01	3.16E+02	3.21E+02
Sample641	7.17E+01	4.86E+02	4.24E+02
Sample642	6.11E+01	3.56E+02	3.11E+02
Sample643	5.54E+01	3.13E+02	3.02E+02
Sample644	7.11E+01	3.78E+02	3.53E+02
Sample645	6.21E+01	3.59E+02	3.49E+02
Sample646	4.86E+01	2.22E+02	2.04E+02
Sample647	5.61E+01	2.60E+02	2.64E+02
Sample648	5.02E+01	1.85E+02	2.09E+02
Sample649	3.87E+01	2.90E+02	3.10E+02
Sample650	5.27E+01	2.62E+02	2.71E+02
Sample651	4.95E+01	3.00E+02	2.80E+02
Sample652	4.95E+01	4.28E+02	4.29E+02
Sample653	3.32E+01	4.82E+02	4.60E+02
Sample654	6.00E+01	2.92E+02	2.37E+02
Sample655	4.68E+01	2.04E+02	2.10E+02
Sample656	6.05E+01	1.87E+02	1.60E+02
Sample657	5.39E+01	2.34E+02	2.52E+02
Sample658	4.93E+01	3.35E+02	3.26E+02
Sample659	6.79E+01	3.12E+02	2.92E+02
Sample660	6.17E+01	2.38E+02	2.76E+02
Sample661	2.82E+01	2.73E+02	2.56E+02
Sample662	8.37E+01	3.94E+02	3.31E+02
Sample663	6.01E+01	3.18E+02	2.80E+02
Sample664	3.08E+01	3.44E+02	3.37E+02
Sample665	4.12E+01	3.97E+02	3.80E+02
Sample666	6.07E+01	2.88E+02	2.71E+02
Sample667	4.42E+01	3.15E+02	3.17E+02
Sample668	4.65E+01	2.59E+02	2.45E+02
Sample669	3.58E+01	1.21E+02	1.24E+02
Sample670	5.41E+01	3.31E+02	3.52E+02
Sample671	3.70E+01	5.58E+02	5.53E+02
Sample672	4.05E+01	1.88E+02	1.88E+02
Sample673	3.73E+01	3.28E+02	3.12E+02
Sample674	5.26E+01	2.18E+02	2.28E+02
Sample675	5.70E+01	6.72E+01	6.83E+01
Sample676	8.21E+01	3.46E+02	2.95E+02
Sample677	4.30E+01	2.97E+02	2.82E+02
Sample678	3.79E+01	2.92E+02	2.93E+02
Sample679	7.29E+01	2.50E+02	1.95E+02
Sample680	7.28E+01	2.08E+02	1.93E+02
Sample681	4.46E+01	2.77E+02	2.51E+02
Sample682	6.93E+01	1.89E+02	2.22E+02
Sample683	6.77E+01	2.37E+02	1.90E+02
Sample684	2.83E+01	3.30E+02	3.31E+02
Sample685	3.24E+01	2.92E+02	2.93E+02
Sample686	5.36E+01	2.00E+02	1.96E+02
Sample687	3.02E+01	2.18E+02	1.97E+02
Sample688	5.16E+01	2.54E+02	2.40E+02
Sample689	5.63E+01	4.52E+02	4.54E+02
Sample690	9.22E+01	9.24E+01	1.50E+00
Sample691	5.22E+01	2.80E+02	2.68E+02
Sample692	2.05E+01	3.38E+02	3.43E+02
Sample693	9.04E+01	2.75E+02	2.19E+02
Sample694	5.62E+01	2.42E+02	2.28E+02
Sample695	5.52E+01	2.64E+02	2.22E+02
Sample696	5.56E+01	4.24E+02	4.01E+02
Sample697	5.62E+01	3.19E+02	3.28E+02
Sample698	5.00E+01	3.84E+02	3.48E+02
Sample699	4.54E+01	4.53E+02	4.25E+02
Sample700	5.81E+01	1.67E+02	1.83E+02
Sample701	6.93E+01	2.66E+02	2.56E+02
Sample702	4.32E+01	1.97E+02	2.03E+02
Sample703	6.56E+01	2.94E+02	2.70E+02
Sample704	3.94E+01	3.51E+02	3.42E+02
Sample705	4.59E+01	2.72E+02	2.52E+02
Sample706	7.86E+01	3.93E+02	3.41E+02
Sample707	8.17E+01	3.31E+02	3.18E+02
Sample708	5.20E+01	2.59E+02	2.74E+02
Sample709	4.04E+01	3.06E+02	2.81E+02
Sample710	5.17E+01	3.64E+02	3.68E+02
Sample711	5.36E+01	2.91E+02	2.58E+02
Sample712	6.49E+01	2.60E+02	2.56E+02
Sample713	5.98E+01	2.53E+02	2.64E+02
Sample714	4.71E+01	3.15E+02	3.29E+02
Sample715	6.85E+01	3.84E+02	3.31E+02
Sample716	5.11E+01	3.69E+02	3.58E+02
Sample717	7.91E+01	3.21E+02	2.73E+02
Sample718	7.93E+01	3.02E+02	2.86E+02
Sample719	4.47E+01	2.22E+02	1.99E+02
Sample720	7.69E+01	4.80E+02	4.26E+02
Sample721	6.51E+01	2.23E+02	2.27E+02
Sample722	6.30E+01	4.12E+02	3.76E+02
Sample723	7.10E+01	4.30E+02	3.90E+02
Sample724	7.28E+01	3.40E+02	2.90E+02
Sample725	6.44E+01	2.76E+02	2.55E+02
Sample726	2.15E+01	2.37E+02	2.25E+02
Sample727	5.14E+01	4.18E+02	4.02E+02
Sample728	8.86E+01	4.82E+02	4.62E+02
Sample729	5.82E+01	3.33E+02	2.88E+02
Sample730	6.64E+01	4.43E+02	4.03E+02
Sample731	6.52E+01	3.06E+02	3.12E+02
Sample732	4.93E+01	2.98E+02	2.92E+02
Sample733	6.97E+01	3.86E+02	3.31E+02
Sample734	7.45E+01	3.74E+02	3.25E+02
Sample735	5.29E+01	3.42E+02	3.54E+02
Sample736	5.06E+01	3.52E+02	3.91E+02
Sample737	5.13E+01	4.06E+02	3.79E+02
Sample738	6.01E+01	5.17E+02	4.91E+02
Sample739	3.87E+01	3.89E+02	3.65E+02
Sample740	5.20E+01	3.59E+02	3.26E+02
Sample741	6.81E+01	4.60E+02	4.32E+02
Sample742	5.32E+01	4.40E+02	4.11E+02
Sample743	6.62E+01	5.25E+02	4.68E+02
Sample744	4.88E+01	2.77E+02	2.59E+02
Sample745	6.23E+01	4.81E+02	4.55E+02
Sample746	4.58E+01	3.46E+02	3.60E+02
Sample747	6.31E+01	4.87E+02	4.42E+02
Sample748	6.46E+01	4.16E+02	4.09E+02
Sample749	3.65E+01	3.13E+02	3.08E+02
Sample750	6.41E+01	4.28E+02	3.78E+02
Sample751	6.72E+01	4.72E+02	4.21E+02
Sample752	3.49E+01	2.56E+02	2.57E+02
Sample753	5.57E+01	4.92E+02	4.76E+02
Sample754	5.47E+01	3.34E+02	3.26E+02
Sample755	5.78E+01	4.67E+02	4.46E+02
Sample756	3.15E+01	6.91E+02	6.68E+02
Sample757	4.91E+01	3.74E+02	3.73E+02
Sample758	5.58E+01	2.96E+02	3.00E+02
Sample759	5.85E+01	2.60E+02	2.90E+02
Sample760	7.65E+01	3.86E+02	3.46E+02
Sample761	3.93E+01	4.02E+02	3.86E+02
Sample762	3.72E+01	2.92E+02	2.99E+02
Sample763	5.73E+01	5.31E+02	5.04E+02
Sample764	6.61E+01	3.80E+02	3.65E+02
Sample765	6.51E+01	6.73E+02	6.37E+02
Sample766	4.05E+01	3.60E+02	3.65E+02
Sample767	6.72E+01	4.14E+02	4.13E+02
Sample768	5.59E+01	5.29E+02	4.84E+02
Sample769	7.46E+01	3.63E+02	3.26E+02
Sample770	4.19E+01	4.51E+02	4.59E+02
Sample771	4.80E+01	4.50E+02	4.56E+02
Sample772	4.05E+01	4.38E+02	4.57E+02
Sample773	4.66E+01	3.57E+02	3.40E+02
Sample774	6.17E+01	4.62E+02	4.42E+02
Sample775	3.95E+01	5.28E+02	5.13E+02
Sample776	5.50E+01	4.34E+02	4.20E+02
Sample777	5.34E+01	5.39E+02	5.11E+02
Sample778	8.91E+01	3.95E+02	3.76E+02
Sample779	6.40E+01	3.36E+02	3.03E+02
Sample780	5.72E+01	3.84E+02	3.77E+02
Sample781	4.21E+01	2.72E+02	2.90E+02
Sample782	8.58E+01	4.73E+02	4.20E+02
Sample783	5.35E+01	3.24E+02	3.13E+02
Sample784	7.41E+01	4.69E+02	4.06E+02
Sample785	4.48E+01	2.95E+02	2.79E+02
Sample786	2.52E+01	5.11E+02	4.93E+02
Sample787	6.91E+01	4.07E+02	3.72E+02
Sample788	4.76E+01	2.94E+02	3.14E+02
Sample789	8.48E+01	6.38E+02	6.12E+02
Sample790	4.76E+01	4.48E+02	4.24E+02
Sample791	5.62E+01	4.15E+02	3.69E+02
Sample792	6.64E+01	2.22E+02	2.23E+02
Sample793	4.30E+01	3.03E+02	2.89E+02
Sample794	6.34E+01	2.56E+02	2.21E+02
Sample795	4.74E+01	4.69E+02	4.55E+02
Sample796	5.55E+01	3.22E+02	2.89E+02
Sample797	7.40E+01	3.04E+02	2.98E+02
Sample798	6.12E+01	3.02E+02	2.96E+02
Sample799	7.84E+01	5.61E+02	5.13E+02
Sample800	7.36E+01	3.03E+02	3.19E+02
Sample801	6.92E+01	5.42E+02	5.34E+02
Sample802	5.52E+01	3.28E+02	3.01E+02
Sample803	6.76E+01	5.31E+02	4.70E+02
Sample804	5.22E+01	3.63E+02	3.55E+02
Sample805	4.96E+01	3.15E+02	3.48E+02
Sample806	3.08E+01	3.69E+02	3.69E+02
Sample807	6.59E+01	3.28E+02	3.55E+02
Sample808	3.47E+01	4.66E+02	4.58E+02
Sample809	6.73E+01	3.89E+02	3.63E+02
Sample810	5.33E+01	3.45E+02	3.06E+02
Sample811	4.83E+01	4.31E+02	4.49E+02
Sample812	6.04E+01	4.91E+02	4.54E+02
Sample813	4.64E+01	2.61E+02	2.79E+02
Sample814	4.65E+01	4.69E+02	4.32E+02
Sample815	5.83E+01	3.58E+02	3.52E+02
Sample816	6.20E+01	4.70E+02	4.39E+02
Sample817	3.30E+01	2.77E+02	2.62E+02
Sample818	2.72E+01	3.76E+02	3.88E+02
Sample819	4.01E+01	4.83E+02	4.60E+02
Sample820	5.33E+01	3.13E+02	3.19E+02
Sample821	4.52E+01	4.19E+02	4.16E+02
Sample822	4.68E+01	2.78E+02	2.95E+02
Sample823	5.05E+01	3.39E+02	3.51E+02
Sample824	6.41E+01	2.62E+02	2.43E+02
Sample825	7.33E+01	4.37E+02	4.02E+02
Sample826	5.59E+01	3.76E+02	3.44E+02
Sample827	5.15E+01	3.19E+02	2.75E+02
Sample828	3.28E+01	3.36E+02	3.33E+02
Sample829	5.99E+01	2.61E+02	2.50E+02
Sample830	5.22E+01	2.42E+02	2.46E+02
Sample831	3.61E+01	2.47E+02	2.41E+02
Sample832	7.06E+01	3.87E+02	4.03E+02
Sample833	5.91E+01	5.10E+02	4.91E+02
Sample834	6.83E+01	4.65E+02	4.15E+02
Sample835	4.03E+01	5.93E+02	5.91E+02
Sample836	2.80E+01	2.83E+02	2.68E+02
Sample837	5.86E+01	4.70E+02	4.68E+02
Sample838	7.10E+01	3.49E+02	3.56E+02
Sample839	3.22E+01	3.21E+02	3.23E+02
Sample840	5.42E+01	4.53E+02	4.45E+02
Sample841	7.12E+01	4.53E+02	3.93E+02
Sample842	9.51E+01	5.19E+02	4.75E+02
Sample843	5.96E+01	4.69E+02	4.33E+02
Sample844	6.07E+01	5.69E+02	5.23E+02
Sample845	5.27E+01	4.45E+02	4.62E+02
Sample846	5.58E+01	5.41E+02	5.32E+02
Sample847	2.84E+01	4.77E+02	4.70E+02
Sample848	4.01E+01	3.97E+02	4.31E+02
Sample849	4.40E+01	4.09E+02	3.98E+02
Sample850	6.95E+01	2.08E+02	2.51E+02
Sample851	5.63E+01	6.26E+02	6.22E+02
Sample852	3.90E+01	4.53E+02	4.42E+02
Sample853	6.69E+01	3.89E+02	3.36E+02
Sample854	4.94E+01	3.58E+02	3.57E+02
Sample855	2.55E+01	4.68E+02	4.81E+02
Sample856	4.46E+01	2.48E+02	2.51E+02
Sample857	6.17E+01	6.04E+02	5.65E+02
Sample858	4.81E+01	3.55E+02	3.46E+02
Sample859	6.70E+01	5.33E+02	5.17E+02
Sample860	2.80E+01	3.62E+02	3.49E+02
Sample861	6.58E+01	4.94E+02	4.80E+02
Sample862	2.41E+01	3.31E+02	3.22E+02
Sample863	7.20E+01	6.54E+02	6.22E+02
Sample864	7.33E+01	4.35E+02	3.93E+02
Sample865	3.89E+01	2.83E+02	2.75E+02
Sample866	4.75E+01	3.34E+02	3.29E+02
Sample867	5.07E+01	2.64E+02	2.75E+02
Sample868	5.51E+01	3.36E+02	3.41E+02
Sample869	5.56E+01	2.54E+02	2.31E+02
Sample870	7.35E+01	4.31E+02	4.34E+02
Sample871	5.26E+01	1.86E+02	1.76E+02
Sample872	4.95E+01	4.09E+02	3.84E+02
Sample873	4.31E+01	2.55E+02	2.50E+02
Sample874	4.72E+01	3.81E+02	3.82E+02
Sample875	6.16E+01	5.87E+02	5.77E+02
Sample876	5.63E+01	6.39E+02	6.12E+02
Sample877	4.38E+01	3.27E+02	2.97E+02
Sample878	6.66E+01	4.49E+02	3.92E+02
Sample879	3.19E+01	3.15E+02	3.06E+02
Sample880	7.38E+01	3.33E+02	3.35E+02
Sample881	3.46E+01	6.09E+02	5.96E+02
Sample882	3.82E+01	4.78E+02	4.60E+02
Sample883	5.75E+01	2.12E+02	2.15E+02
Sample884	8.32E+01	3.72E+02	3.62E+02
Sample885	3.64E+01	3.42E+02	3.58E+02
Sample886	8.87E+01	6.92E+02	6.48E+02
Sample887	5.04E+01	3.08E+02	3.09E+02
Sample888	6.57E+01	4.55E+02	4.29E+02
Sample889	4.08E+01	5.20E+02	5.15E+02
Sample890	5.80E+01	2.98E+02	3.21E+02
Sample891	4.77E+01	3.68E+02	3.85E+02
Sample892	1.14E+02	4.09E+02	3.32E+02
Sample893	8.98E+01	5.03E+02	4.57E+02
Sample894	6.30E+01	3.65E+02	3.59E+02
Sample895	8.04E+01	3.84E+02	3.14E+02
Sample896	5.68E+01	6.17E+02	6.08E+02
Sample897	8.24E+01	5.13E+02	4.70E+02
Sample898	6.59E+01	4.16E+02	4.02E+02
Sample899	6.41E+01	3.34E+02	2.92E+02
Sample900	5.90E+01	3.34E+02	3.29E+02
Sample901	6.08E+01	2.19E+02	2.34E+02
Sample902	6.03E+01	6.04E+02	5.81E+02
Sample903	5.85E+01	1.93E+02	2.21E+02
Sample904	4.56E+01	2.61E+02	2.57E+02
Sample905	5.38E+01	4.07E+02	4.27E+02
Sample906	8.59E+01	3.01E+02	2.63E+02
Sample907	3.92E+01	4.12E+02	4.20E+02
Sample908	6.71E+01	5.81E+02	5.23E+02
Sample909	7.01E+01	3.98E+02	4.05E+02
Sample910	8.49E+01	3.31E+02	2.96E+02
Sample911	5.17E+01	5.90E+02	5.65E+02
Sample912	5.54E+01	3.50E+02	3.58E+02
Sample913	4.22E+01	4.71E+02	4.86E+02
Sample914	8.66E+01	5.12E+02	4.65E+02
Sample915	5.48E+01	4.00E+02	3.71E+02
Sample916	4.49E+01	3.82E+02	3.64E+02
Sample917	2.38E+01	3.79E+02	3.85E+02
Sample918	2.73E+01	3.03E+02	3.17E+02
Sample919	3.50E+01	2.95E+02	3.09E+02
Sample920	6.31E+01	4.26E+02	3.71E+02
Sample921	3.39E+01	4.00E+02	4.07E+02
Sample922	9.90E+01	5.20E+02	4.55E+02
Sample923	4.91E+01	3.99E+02	3.67E+02
Sample924	8.76E+01	4.85E+02	4.23E+02
Sample925	3.16E+01	3.66E+02	3.56E+02
Sample926	8.54E+01	7.06E+02	6.39E+02
Sample927	7.16E+01	3.83E+02	4.22E+02
Sample928	4.16E+01	2.22E+02	1.86E+02
Sample929	8.09E+01	3.39E+02	2.91E+02
Sample930	3.08E+01	3.19E+02	3.39E+02
Sample931	8.22E+01	5.78E+02	5.57E+02
Sample932	1.10E+02	5.53E+02	5.43E+02
Sample933	5.57E+01	4.98E+02	4.75E+02
Sample934	5.23E+01	5.30E+02	5.15E+02
Sample935	6.63E+01	3.73E+02	3.36E+02
Sample936	7.52E+01	5.71E+02	5.48E+02
Sample937	5.51E+01	4.51E+02	4.22E+02
Sample938	6.22E+01	5.83E+02	5.56E+02
Sample939	7.47E+01	5.62E+02	5.19E+02
Sample940	6.98E+01	4.89E+02	5.20E+02
Sample941	6.71E+01	3.83E+02	3.68E+02
Sample942	6.98E+01	2.89E+02	2.60E+02
Sample943	6.23E+01	3.48E+02	3.38E+02
Sample944	6.03E+01	5.37E+02	5.21E+02
Sample945	4.62E+01	4.08E+02	3.81E+02
Sample946	5.37E+01	1.60E+02	1.84E+02
Sample947	7.55E+01	4.66E+02	4.21E+02
Sample948	5.82E+01	5.48E+02	5.42E+02
Sample949	5.93E+01	4.75E+02	4.49E+02
Sample950	4.98E+01	5.39E+02	5.11E+02
Sample951	5.20E+01	2.64E+02	2.53E+02
Sample952	4.99E+01	2.87E+02	2.89E+02
Sample953	7.53E+01	3.80E+02	3.52E+02
Sample954	7.21E+01	6.73E+02	6.42E+02
Sample955	5.01E+01	4.11E+02	4.17E+02
Sample956	6.61E+01	4.33E+02	4.10E+02
Sample957	7.37E+01	5.34E+02	5.04E+02
Sample958	7.39E+01	2.80E+02	2.88E+02
Sample959	6.83E+01	6.50E+02	6.02E+02
Sample960	6.78E+01	5.99E+02	5.50E+02
Sample961	4.53E+01	5.31E+02	5.25E+02
Sample962	5.98E+01	5.26E+02	5.43E+02
Sample963	8.47E+01	5.34E+02	4.95E+02
Sample964	8.75E+01	4.12E+02	3.64E+02
Sample965	7.34E+01	3.78E+02	3.80E+02
Sample966	6.02E+01	4.45E+02	4.17E+02
Sample967	9.90E+01	5.66E+02	5.23E+02
Sample968	8.43E+01	8.53E+02	7.91E+02
Sample969	6.52E+01	4.87E+02	4.90E+02
Sample970	6.53E+01	6.69E+02	6.40E+02
Sample971	3.04E+01	4.79E+02	4.78E+02
Sample972	5.02E+01	1.99E+02	2.00E+02
Sample973	7.16E+01	3.05E+02	3.20E+02
Sample974	7.34E+01	3.57E+02	3.18E+02
Sample975	9.31E+01	3.88E+02	3.50E+02
Sample976	8.81E+01	3.63E+02	3.28E+02
Sample977	5.97E+01	4.32E+02	3.95E+02
Sample978	5.59E+01	3.44E+02	3.23E+02
Sample979	1.03E+02	3.11E+02	2.58E+02
Sample980	8.34E+01	3.55E+02	3.17E+02
Sample981	7.72E+01	3.79E+02	3.51E+02
Sample982	5.58E+01	3.41E+02	3.20E+02
Sample983	8.27E+01	3.35E+02	3.74E+02
Sample984	6.19E+01	2.92E+02	3.23E+02
Sample985	1.09E+02	5.60E+02	4.81E+02
Sample986	1.02E+02	5.39E+02	4.49E+02
Sample987	6.41E+01	3.10E+02	3.31E+02
Sample988	4.14E+01	2.90E+02	3.01E+02
Sample989	6.78E+01	5.55E+02	5.84E+02
Sample990	9.55E+01	5.60E+02	5.59E+02
Sample991	5.28E+01	3.71E+02	3.57E+02
Sample992	4.62E+01	3.16E+02	3.29E+02
Sample993	3.55E+01	4.00E+02	3.78E+02
Sample994	4.78E+01	4.29E+02	4.13E+02
Sample995	6.49E+01	5.74E+02	5.60E+02
Sample996	9.70E+01	4.81E+02	4.01E+02
Sample997	7.97E+01	3.64E+02	3.35E+02
Sample998	9.81E+01	4.69E+02	3.96E+02
Sample999	6.65E+01	4.53E+02	4.47E+02
Sample1000	7.29E+01	3.39E+02	3.48E+02
Sample1001	4.96E+01	2.94E+02	2.88E+02
Sample1002	7.85E+01	3.44E+02	3.13E+02
Sample1003	6.53E+01	6.44E+02	6.10E+02
Sample1004	3.92E+01	3.72E+02	3.71E+02
Sample1005	6.19E+01	3.14E+02	3.05E+02
Sample1006	8.53E+01	4.43E+02	4.15E+02
Sample1007	7.12E+01	4.09E+02	3.67E+02
Sample1008	9.31E+01	4.64E+02	4.84E+02
Sample1009	7.07E+01	4.91E+02	4.49E+02
Sample1010	6.53E+01	6.66E+02	6.59E+02
Sample1011	5.39E+01	5.03E+02	4.77E+02
Sample1012	2.63E+01	4.59E+02	4.66E+02
Sample1013	1.11E+02	3.00E+02	2.60E+02
Sample1014	9.73E+01	3.31E+02	2.51E+02
Sample1015	1.12E+02	4.79E+02	4.24E+02
Sample1016	6.73E+01	4.54E+02	4.72E+02
Sample1017	5.10E+01	3.45E+02	3.52E+02
Sample1018	7.40E+01	4.09E+02	3.51E+02
Sample1019	3.98E+01	4.96E+02	4.58E+02
Sample1020	7.58E+01	5.32E+02	4.99E+02
Sample1021	8.35E+01	5.87E+02	5.69E+02
Sample1022	4.41E+01	4.45E+02	4.74E+02
Sample1023	8.70E+01	5.24E+02	5.36E+02
Sample1024	5.73E+01	4.70E+02	5.02E+02
Sample1025	7.55E+01	7.07E+02	6.60E+02
Sample1026	7.89E+01	4.77E+02	4.49E+02
Sample1027	9.77E+01	4.66E+02	3.96E+02
Sample1028	7.94E+01	5.21E+02	4.51E+02
Sample1029	5.71E+01	5.73E+02	5.68E+02
Sample1030	7.53E+01	2.00E+02	2.44E+02
Sample1031	8.61E+01	5.54E+02	4.84E+02
Sample1032	6.28E+01	4.55E+02	4.29E+02
Sample1033	5.04E+01	4.72E+02	4.68E+02
Sample1034	7.13E+01	5.70E+02	5.29E+02
Sample1035	6.13E+01	5.46E+02	4.90E+02
Sample1036	6.40E+01	3.95E+02	3.49E+02
Sample1037	4.69E+01	4.34E+02	4.05E+02
Sample1038	7.16E+01	6.63E+02	6.20E+02
Sample1039	8.31E+01	4.70E+02	4.87E+02
Sample1040	5.40E+01	5.09E+02	4.89E+02
Sample1041	6.86E+01	5.88E+02	5.33E+02
Sample1042	9.71E+01	3.47E+02	2.83E+02
Sample1043	6.58E+01	6.31E+02	6.16E+02
Sample1044	6.98E+01	3.14E+02	3.14E+02
Sample1045	1.01E+02	6.56E+02	5.98E+02
Sample1046	5.04E+01	5.50E+02	5.08E+02
Sample1047	8.03E+01	6.67E+02	6.58E+02
Sample1048	8.30E+01	2.83E+02	2.24E+02
Sample1049	5.69E+01	4.32E+02	4.02E+02
Sample1050	6.44E+01	6.82E+02	6.28E+02
Sample1051	4.85E+01	5.03E+02	4.90E+02
Sample1052	5.32E+01	4.77E+02	4.38E+02
Sample1053	9.49E+01	2.61E+02	2.04E+02
Sample1054	4.64E+01	2.24E+02	2.38E+02
Sample1055	6.58E+01	6.35E+02	6.03E+02
Sample1056	6.44E+01	5.48E+02	5.09E+02
Sample1057	8.80E+01	5.26E+02	4.99E+02
Sample1058	5.27E+01	3.23E+02	3.10E+02
Sample1059	3.61E+01	6.12E+02	5.99E+02
Sample1060	7.36E+01	4.60E+02	4.52E+02
Sample1061	4.23E+01	5.89E+02	5.92E+02
Sample1062	8.88E+01	4.27E+02	4.32E+02
Sample1063	6.80E+01	4.78E+02	4.78E+02
Sample1064	6.22E+01	4.89E+02	4.62E+02
Sample1065	4.84E+01	5.31E+02	5.22E+02
Sample1066	6.05E+01	5.14E+02	5.09E+02
Sample1067	4.27E+01	4.37E+02	4.07E+02
Sample1068	4.80E+01	3.66E+02	3.51E+02
Sample1069	7.81E+01	4.78E+02	4.12E+02
Sample1070	7.02E+01	4.53E+02	4.67E+02
Sample1071	7.24E+01	2.63E+02	2.65E+02
Sample1072	6.39E+01	6.00E+02	5.84E+02
Sample1073	7.22E+01	5.04E+02	4.85E+02
Sample1074	9.69E+01	5.28E+02	4.58E+02
Sample1075	6.31E+01	4.15E+02	4.19E+02
Sample1076	5.38E+01	3.22E+02	3.35E+02
Sample1077	7.34E+01	4.34E+02	4.56E+02
Sample1078	5.15E+01	4.32E+02	4.48E+02
Sample1079	5.75E+01	6.17E+02	6.10E+02
Sample1080	7.03E+01	4.84E+02	4.63E+02
Sample1081	8.46E+01	1.89E+02	1.75E+02
Sample1082	9.43E+01	5.05E+02	4.74E+02
Sample1083	8.15E+01	5.37E+02	5.36E+02
Sample1084	9.59E+01	5.91E+02	5.36E+02
Sample1085	7.83E+01	4.42E+02	3.85E+02
Sample1086	1.01E+02	6.64E+02	6.03E+02
Sample1087	1.04E+02	5.47E+02	4.83E+02
Sample1088	8.41E+01	4.76E+02	4.29E+02
Sample1089	6.43E+01	4.58E+02	4.53E+02
Sample1090	5.59E+01	5.91E+02	5.71E+02
Sample1091	9.33E+01	3.94E+02	3.90E+02
Sample1092	8.11E+01	5.65E+02	4.94E+02
Sample1093	8.37E+01	5.30E+02	4.87E+02
Sample1094	4.78E+01	2.71E+02	2.50E+02
Sample1095	4.31E+01	6.62E+02	6.41E+02
Sample1096	1.01E+02	5.16E+02	4.83E+02
Sample1097	8.50E+01	4.68E+02	5.18E+02
Sample1098	7.05E+01	3.99E+02	3.87E+02
Sample1099	7.61E+01	5.24E+02	5.02E+02
Sample1100	7.00E+01	4.23E+02	4.25E+02
Sample1101	6.60E+01	4.06E+02	3.73E+02
Sample1102	3.14E+01	3.41E+02	3.58E+02
Sample1103	8.10E+01	4.74E+02	4.69E+02
Sample1104	1.01E+02	1.57E+02	2.17E+02
Sample1105	6.64E+01	3.71E+02	3.37E+02
Sample1106	8.15E+01	5.16E+02	5.28E+02
Sample1107	8.85E+01	4.70E+02	4.38E+02
Sample1108	9.31E+01	7.81E+02	7.43E+02
Sample1109	9.50E+01	4.50E+02	4.33E+02
Sample1110	7.42E+01	5.75E+02	5.97E+02
Sample1111	8.48E+01	6.03E+02	5.64E+02
Sample1112	9.26E+01	4.55E+02	3.84E+02
Sample1113	9.01E+01	5.62E+02	5.30E+02
Sample1114	7.30E+01	4.32E+02	4.09E+02
Sample1115	6.72E+01	6.18E+02	6.16E+02
Sample1116	9.80E+01	4.93E+02	4.65E+02
Sample1117	8.56E+01	6.04E+02	5.88E+02
Sample1118	6.72E+01	3.95E+02	3.93E+02
Sample1119	5.78E+01	5.90E+02	5.81E+02
Sample1120	6.84E+01	5.21E+02	5.05E+02
Sample1121	6.34E+01	4.26E+02	4.25E+02
Sample1122	1.24E+02	5.30E+02	4.49E+02
Sample1123	7.35E+01	3.91E+02	3.89E+02
Sample1124	9.86E+01	4.82E+02	4.11E+02
Sample1125	7.05E+01	5.27E+02	5.09E+02
Sample1126	8.32E+01	6.57E+02	6.18E+02
Sample1127	9.29E+01	2.90E+02	3.05E+02
Sample1128	6.20E+01	4.05E+02	4.09E+02
Sample1129	1.40E+02	7.19E+02	6.43E+02
Sample1130	4.16E+01	3.10E+02	2.95E+02
Sample1131	3.93E+01	4.02E+02	4.05E+02
Sample1132	6.73E+01	5.61E+02	5.21E+02
Sample1133	6.71E+01	3.94E+02	3.69E+02
Sample1134	3.46E+01	5.52E+02	5.32E+02
Sample1135	7.49E+01	5.91E+02	5.55E+02
Sample1136	1.20E+02	7.21E+02	6.60E+02
Sample1137	1.19E+02	6.43E+02	6.84E+02
Sample1138	7.14E+01	6.05E+02	5.94E+02
Sample1139	8.59E+01	3.40E+02	3.18E+02
Sample1140	4.93E+01	6.37E+02	6.19E+02
Sample1141	9.63E+01	8.40E+02	7.85E+02
Sample1142	6.64E+01	5.63E+02	5.33E+02
Sample1143	5.62E+01	5.14E+02	5.21E+02
Sample1144	1.10E+02	4.94E+02	4.32E+02
Sample1145	8.40E+01	6.49E+02	6.36E+02
Sample1146	1.19E+02	4.77E+02	4.56E+02
Sample1147	1.18E+02	3.92E+02	3.02E+02
Sample1148	9.21E+01	5.48E+02	4.95E+02
Sample1149	8.55E+01	7.24E+02	7.16E+02
Sample1150	6.84E+01	5.38E+02	5.29E+02
Sample1151	1.26E+02	6.05E+02	4.98E+02
Sample1152	8.44E+01	5.00E+02	4.26E+02
Sample1153	3.40E+01	5.19E+02	5.09E+02
Sample1154	6.22E+01	7.02E+02	6.91E+02
Sample1155	9.98E+01	4.55E+02	4.39E+02
Sample1156	1.04E+02	7.42E+02	6.71E+02
Sample1157	8.20E+01	3.06E+02	3.36E+02
Sample1158	7.16E+01	3.64E+02	3.18E+02
Sample1159	7.03E+01	3.46E+02	3.25E+02
Sample1160	9.33E+01	5.02E+02	4.67E+02
Sample1161	7.55E+01	4.92E+02	4.80E+02
Sample1162	7.38E+01	5.92E+02	5.46E+02
Sample1163	8.42E+01	4.90E+02	4.72E+02
Sample1164	9.68E+01	6.17E+02	5.63E+02
Sample1165	1.09E+02	5.23E+02	5.11E+02
Sample1166	8.73E+01	5.45E+02	5.17E+02
Sample1167	9.68E+01	4.22E+02	3.88E+02
Sample1168	5.99E+01	4.94E+02	4.55E+02
Sample1169	9.75E+01	4.25E+02	3.75E+02
Sample1170	8.24E+01	5.66E+02	4.98E+02
Sample1171	8.51E+01	6.09E+02	5.81E+02
Sample1172	8.98E+01	4.85E+02	4.50E+02
Sample1173	5.12E+01	4.11E+02	3.75E+02
Sample1174	6.22E+01	4.90E+02	4.63E+02
Sample1175	5.89E+01	4.02E+02	3.64E+02
Sample1176	7.76E+01	2.88E+02	2.96E+02
Sample1177	6.92E+01	5.05E+02	4.98E+02
Sample1178	6.45E+01	3.75E+02	3.71E+02
Sample1179	4.28E+01	7.69E+02	7.54E+02
Sample1180	1.00E+02	6.34E+02	6.18E+02
Sample1181	6.95E+01	4.56E+02	4.48E+02
Sample1182	8.96E+01	4.62E+02	5.01E+02
Sample1183	7.70E+01	4.72E+02	4.49E+02
Sample1184	6.56E+01	3.34E+02	3.02E+02
Sample1185	7.16E+01	5.42E+02	5.06E+02
Sample1186	1.18E+02	4.58E+02	4.38E+02
Sample1187	1.20E+02	5.61E+02	4.75E+02
Sample1188	1.13E+02	2.73E+02	2.81E+02
Sample1189	8.43E+01	4.36E+02	4.22E+02
Sample1190	7.93E+01	5.57E+02	5.18E+02
Sample1191	8.52E+01	5.17E+02	4.96E+02
Sample1192	6.89E+01	4.76E+02	4.46E+02
Sample1193	9.22E+01	6.14E+02	5.51E+02
Sample1194	1.03E+02	4.25E+02	3.59E+02
Sample1195	9.11E+01	6.86E+02	6.37E+02
Sample1196	5.01E+01	3.99E+02	3.83E+02
Sample1197	1.02E+02	5.04E+02	4.87E+02
Sample1198	7.19E+01	4.37E+02	4.40E+02
Sample1199	9.47E+01	4.34E+02	4.66E+02
Sample1200	1.24E+02	5.64E+02	5.43E+02
Sample1201	7.72E+01	4.53E+02	4.86E+02
Sample1202	5.82E+01	3.99E+02	3.65E+02
Sample1203	1.13E+02	8.51E+02	8.35E+02
Sample1204	7.95E+01	5.18E+02	5.05E+02
Sample1205	4.89E+01	4.05E+02	4.10E+02
Sample1206	5.63E+01	4.35E+02	4.28E+02
Sample1207	9.78E+01	6.71E+02	5.90E+02
Sample1208	4.72E+01	4.45E+02	4.28E+02
Sample1209	5.88E+01	5.59E+02	5.18E+02
Sample1210	1.02E+02	6.42E+02	5.53E+02
Sample1211	5.64E+01	5.59E+02	5.58E+02
Sample1212	4.80E+01	6.07E+02	5.86E+02
Sample1213	8.58E+01	4.64E+02	4.36E+02
Sample1214	8.54E+01	3.11E+02	3.11E+02
Sample1215	9.07E+01	5.12E+02	5.09E+02
Sample1216	5.61E+01	5.92E+02	5.57E+02
Sample1217	8.09E+01	3.26E+02	2.98E+02
Sample1218	1.06E+02	6.16E+02	5.39E+02
Sample1219	7.58E+01	3.79E+02	3.77E+02
Sample1220	9.80E+01	4.58E+02	4.24E+02
Sample1221	5.54E+01	3.87E+02	4.14E+02
Sample1222	7.98E+01	4.84E+02	5.18E+02
Sample1223	9.06E+01	6.36E+02	5.91E+02
Sample1224	6.81E+01	4.60E+02	4.74E+02
Sample1225	1.04E+02	3.76E+02	4.42E+02
Sample1226	8.21E+01	7.05E+02	7.16E+02
Sample1227	1.38E+02	6.36E+02	5.81E+02
Sample1228	1.12E+02	5.70E+02	5.50E+02
Sample1229	8.01E+01	4.43E+02	3.91E+02
Sample1230	1.06E+02	5.42E+02	4.67E+02
Sample1231	9.20E+01	3.74E+02	3.65E+02
Sample1232	6.66E+01	4.48E+02	4.71E+02
Sample1233	7.22E+01	5.64E+02	5.73E+02
Sample1234	1.12E+02	5.45E+02	5.13E+02
Sample1235	8.58E+01	7.73E+02	7.85E+02
Sample1236	1.22E+02	6.26E+02	6.33E+02
Sample1237	5.85E+01	4.87E+02	4.74E+02
Sample1238	7.23E+01	5.99E+02	5.43E+02
Sample1239	1.10E+02	4.80E+02	4.54E+02
Sample1240	9.26E+01	5.34E+02	5.35E+02
Sample1241	4.81E+01	4.07E+02	3.81E+02
Sample1242	5.86E+01	6.33E+02	5.95E+02
Sample1243	9.24E+01	4.22E+02	3.48E+02
Sample1244	7.17E+01	3.41E+02	3.44E+02
Sample1245	6.40E+01	3.62E+02	3.60E+02
Sample1246	5.53E+01	6.44E+02	6.45E+02
Sample1247	9.09E+01	6.65E+02	6.20E+02
Sample1248	4.24E+01	4.78E+02	4.63E+02
Sample1249	7.11E+01	8.17E+02	7.85E+02
Sample1250	1.12E+02	6.82E+02	5.80E+02
Sample1251	9.25E+01	3.04E+02	2.87E+02
Sample1252	5.83E+01	4.48E+02	4.23E+02
Sample1253	9.46E+01	3.69E+02	3.59E+02
Sample1254	6.67E+01	4.22E+02	3.68E+02
Sample1255	8.08E+01	4.25E+02	4.11E+02
Sample1256	8.27E+01	3.99E+02	3.42E+02
Sample1257	7.57E+01	2.79E+02	2.37E+02
Sample1258	9.81E+01	7.88E+02	7.37E+02
Sample1259	1.23E+02	6.85E+02	6.66E+02
Sample1260	8.36E+01	2.06E+02	2.62E+02
Sample1261	1.00E+02	6.62E+02	5.94E+02
Sample1262	4.50E+01	6.58E+02	6.58E+02
Sample1263	5.50E+01	4.23E+02	4.02E+02
Sample1264	8.38E+01	3.73E+02	3.42E+02
Sample1265	8.66E+01	6.67E+02	6.62E+02
Sample1266	7.69E+01	3.59E+02	3.85E+02
Sample1267	5.92E+01	5.54E+02	5.12E+02
Sample1268	8.08E+01	5.74E+02	5.50E+02
Sample1269	3.60E+01	5.21E+02	5.45E+02
Sample1270	9.15E+01	4.47E+02	4.71E+02
Sample1271	6.72E+01	6.80E+02	6.69E+02
Sample1272	8.47E+01	5.47E+02	5.39E+02
Sample1273	6.96E+01	1.98E+02	1.86E+02
Sample1274	1.28E+02	5.48E+02	4.68E+02
Sample1275	3.42E+01	4.40E+02	4.40E+02
Sample1276	5.72E+01	6.14E+02	5.90E+02
Sample1277	7.59E+01	6.37E+02	5.86E+02
Sample1278	7.36E+01	6.15E+02	5.92E+02
Sample1279	1.16E+02	5.11E+02	4.56E+02
Sample1280	9.30E+01	5.22E+02	4.78E+02
Sample1281	9.57E+01	4.59E+02	4.73E+02
Sample1282	1.11E+02	4.73E+02	3.98E+02
Sample1283	6.19E+01	2.89E+02	2.49E+02
Sample1284	9.74E+01	4.64E+02	4.75E+02
Sample1285	7.05E+01	4.28E+02	4.51E+02
Sample1286	8.09E+01	5.90E+02	5.56E+02
Sample1287	1.36E+02	3.32E+02	3.23E+02
Sample1288	8.14E+01	6.75E+02	6.71E+02
Sample1289	1.21E+02	8.43E+02	7.47E+02
Sample1290	1.00E+02	6.32E+02	6.09E+02
Sample1291	8.09E+01	7.46E+02	7.46E+02
Sample1292	9.17E+01	7.12E+02	7.02E+02
Sample1293	1.06E+02	6.78E+02	6.45E+02
Sample1294	9.59E+01	7.53E+02	6.72E+02
Sample1295	9.47E+01	5.66E+02	4.98E+02
Sample1296	7.90E+01	6.10E+02	5.87E+02
Sample1297	6.00E+01	3.78E+02	3.73E+02
Sample1298	1.13E+02	6.16E+02	5.10E+02
Sample1299	6.80E+01	4.88E+02	4.84E+02
Sample1300	9.19E+01	2.24E+02	2.23E+02
Sample1301	1.17E+02	5.53E+02	4.83E+02
Sample1302	8.10E+01	5.37E+02	4.88E+02
Sample1303	1.21E+02	4.96E+02	4.17E+02
Sample1304	4.64E+01	2.96E+02	2.79E+02
Sample1305	1.16E+02	5.85E+02	5.23E+02
Sample1306	9.43E+01	7.79E+02	7.04E+02
Sample1307	4.62E+01	5.73E+02	5.74E+02
Sample1308	4.41E+01	3.86E+02	3.90E+02
Sample1309	9.61E+01	5.86E+02	5.51E+02
Sample1310	9.65E+01	7.46E+02	6.80E+02
Sample1311	5.10E+01	4.35E+02	4.15E+02
Sample1312	9.17E+01	7.15E+02	6.65E+02
Sample1313	1.13E+02	5.85E+02	5.62E+02
Sample1314	1.28E+02	4.54E+02	3.77E+02
Sample1315	8.60E+01	6.41E+02	5.99E+02
Sample1316	8.04E+01	4.71E+02	4.92E+02
Sample1317	7.19E+01	4.12E+02	3.96E+02
Sample1318	8.35E+01	5.26E+02	5.19E+02
Sample1319	9.54E+01	9.42E+02	9.42E+02
Sample1320	6.67E+01	5.74E+02	5.44E+02
Sample1321	9.68E+01	5.22E+02	5.10E+02
Sample1322	1.00E+02	3.69E+02	3.92E+02
Sample1323	8.49E+01	6.19E+02	5.66E+02
Sample1324	4.56E+01	5.61E+02	5.50E+02
Sample1325	8.10E+01	6.02E+02	5.92E+02
Sample1326	9.24E+01	7.17E+02	6.53E+02
Sample1327	1.00E+02	7.33E+02	6.57E+02
Sample1328	8.13E+01	6.81E+02	6.91E+02
Sample1329	6.66E+01	6.68E+02	6.41E+02
Sample1330	6.78E+01	4.51E+02	4.87E+02
Sample1331	9.85E+01	5.36E+02	5.19E+02
Sample1332	6.98E+01	5.25E+02	5.20E+02
Sample1333	1.06E+02	5.96E+02	5.93E+02
Sample1334	6.80E+01	4.65E+02	4.15E+02
Sample1335	8.21E+01	5.01E+02	4.98E+02
Sample1336	1.10E+02	5.44E+02	4.66E+02
Sample1337	6.53E+01	3.60E+02	3.72E+02
Sample1338	9.41E+01	5.45E+02	4.71E+02
Sample1339	8.30E+01	5.41E+02	5.61E+02
Sample1340	6.11E+01	6.66E+02	6.65E+02
Sample1341	8.97E+01	2.98E+02	3.31E+02
Sample1342	9.04E+01	5.91E+02	6.03E+02
Sample1343	7.22E+01	5.93E+02	5.93E+02
Sample1344	8.56E+01	5.14E+02	5.05E+02
Sample1345	7.24E+01	5.90E+02	5.69E+02
Sample1346	7.41E+01	4.08E+02	3.84E+02
Sample1347	7.34E+01	7.31E+02	6.97E+02
Sample1348	6.29E+01	7.00E+02	6.45E+02
Sample1349	9.83E+01	5.40E+02	5.34E+02
Sample1350	6.46E+01	5.36E+02	5.68E+02
Sample1351	9.15E+01	4.74E+02	4.43E+02
Sample1352	1.04E+02	2.53E+02	2.26E+02
Sample1353	7.70E+01	4.34E+02	4.47E+02
Sample1354	6.93E+01	3.89E+02	4.21E+02
Sample1355	1.04E+02	9.67E+02	8.93E+02
Sample1356	8.77E+01	3.47E+02	3.79E+02
Sample1357	9.82E+01	7.29E+02	6.43E+02
Sample1358	6.83E+01	6.56E+02	6.14E+02
Sample1359	7.61E+01	4.79E+02	4.43E+02
Sample1360	9.35E+01	6.15E+02	5.78E+02
Sample1361	5.49E+01	5.73E+02	5.57E+02
Sample1362	6.15E+01	3.50E+02	3.29E+02
Sample1363	9.86E+01	5.70E+02	5.11E+02
Sample1364	1.01E+02	5.59E+02	4.87E+02
Sample1365	5.32E+01	5.40E+02	5.39E+02
Sample1366	7.34E+01	6.09E+02	5.81E+02
Sample1367	1.12E+02	8.20E+02	7.88E+02
Sample1368	3.22E+01	4.44E+02	4.67E+02
Sample1369	8.11E+01	5.85E+02	5.37E+02
Sample1370	4.54E+01	5.53E+02	5.18E+02
Sample1371	7.22E+01	5.37E+02	5.03E+02
Sample1372	9.19E+01	5.45E+02	5.04E+02
Sample1373	7.46E+01	5.25E+02	4.99E+02
Sample1374	9.90E+01	6.91E+02	6.19E+02
Sample1375	6.64E+01	9.12E+02	9.07E+02
Sample1376	7.05E+01	5.79E+02	5.37E+02
Sample1377	6.55E+01	5.90E+02	5.60E+02
Sample1378	1.19E+02	4.22E+02	4.59E+02
Sample1379	9.76E+01	6.23E+02	5.57E+02
Sample1380	8.83E+01	2.82E+02	3.05E+02
Sample1381	6.50E+01	3.62E+02	3.47E+02
Sample1382	7.59E+01	6.76E+02	6.98E+02
Sample1383	7.70E+01	5.79E+02	5.49E+02
Sample1384	4.68E+01	4.38E+02	4.16E+02
Sample1385	9.11E+01	5.34E+02	4.63E+02
Sample1386	9.25E+01	7.53E+02	7.07E+02
Sample1387	5.51E+01	5.02E+02	4.99E+02
Sample1388	7.11E+01	2.31E+02	2.03E+02
Sample1389	7.35E+01	5.38E+02	5.29E+02
Sample1390	6.19E+01	3.92E+02	3.88E+02
Sample1391	5.07E+01	6.88E+02	6.95E+02
Sample1392	5.26E+01	6.01E+02	5.83E+02
Sample1393	9.71E+01	3.66E+02	3.96E+02
Sample1394	7.82E+01	7.36E+02	6.89E+02
Sample1395	6.62E+01	5.33E+02	5.00E+02
Sample1396	6.35E+01	5.64E+02	5.98E+02
Sample1397	8.71E+01	4.73E+02	4.36E+02
Sample1398	5.59E+01	7.23E+02	6.87E+02
Sample1399	9.10E+01	6.22E+02	6.24E+02
Sample1400	1.02E+02	5.72E+02	5.56E+02
Sample1401	1.07E+02	7.45E+02	6.67E+02
Sample1402	3.85E+01	5.14E+02	5.16E+02
Sample1403	6.17E+01	5.20E+02	4.91E+02
Sample1404	8.16E+01	6.73E+02	6.55E+02
Sample1405	7.39E+01	3.48E+02	3.09E+02
Sample1406	1.00E+02	4.61E+02	4.00E+02
Sample1407	7.74E+01	6.24E+02	5.87E+02
Sample1408	5.44E+01	3.03E+02	2.98E+02
Sample1409	5.99E+01	7.39E+02	7.17E+02
Sample1410	5.17E+01	3.97E+02	4.16E+02
Sample1411	1.22E+02	6.10E+02	5.35E+02
Sample1412	7.29E+01	4.17E+02	3.72E+02
Sample1413	9.64E+01	5.83E+02	5.92E+02
Sample1414	1.21E+02	7.10E+02	7.31E+02
Sample1415	7.18E+01	5.36E+02	5.37E+02
Sample1416	8.16E+01	5.73E+02	5.00E+02
Sample1417	8.91E+01	7.63E+02	6.97E+02
Sample1418	7.88E+01	6.02E+02	5.93E+02
Sample1419	7.14E+01	3.54E+02	3.71E+02
Sample1420	6.61E+01	7.40E+02	7.06E+02
Sample1421	9.91E+01	5.06E+02	5.24E+02
Sample1422	9.23E+01	4.51E+02	4.43E+02
Sample1423	6.48E+01	4.30E+02	3.92E+02
Sample1424	9.10E+01	8.40E+02	8.02E+02
Sample1425	9.90E+01	5.57E+02	5.23E+02
Sample1426	9.08E+01	7.16E+02	7.13E+02
Sample1427	5.35E+01	4.38E+02	4.36E+02
Sample1428	8.87E+01	4.55E+02	4.23E+02
Sample1429	9.36E+01	4.04E+02	4.20E+02
Sample1430	9.02E+01	2.89E+02	2.79E+02
Sample1431	9.75E+01	4.67E+02	5.35E+02
Sample1432	1.00E+02	5.03E+02	4.51E+02
Sample1433	9.63E+01	4.58E+02	4.22E+02
Sample1434	8.48E+01	8.46E+02	8.03E+02
Sample1435	9.51E+01	6.26E+02	5.69E+02
Sample1436	1.12E+02	5.90E+02	5.76E+02
Sample1437	8.31E+01	5.57E+02	5.20E+02
Sample1438	5.20E+01	6.45E+02	6.27E+02
Sample1439	8.58E+01	4.64E+02	4.14E+02
Sample1440	7.80E+01	5.66E+02	5.26E+02
Sample1441	8.10E+01	5.43E+02	4.84E+02
Sample1442	1.09E+02	3.56E+02	3.85E+02
Sample1443	9.06E+01	9.37E+02	8.77E+02
Sample1444	1.15E+02	4.30E+02	3.84E+02
Sample1445	8.49E+01	9.07E+02	8.45E+02
Sample1446	1.07E+02	6.18E+02	5.74E+02
Sample1447	9.61E+01	4.39E+02	4.31E+02
Sample1448	6.42E+01	4.75E+02	4.31E+02
Sample1449	9.39E+01	4.32E+02	3.70E+02
Sample1450	6.77E+01	4.35E+02	3.95E+02
Sample1451	6.00E+01	4.93E+02	5.09E+02
Sample1452	1.14E+02	3.93E+02	3.47E+02
Sample1453	6.28E+01	6.16E+02	5.74E+02
Sample1454	7.18E+01	4.78E+02	4.63E+02
Sample1455	8.54E+01	6.17E+02	5.86E+02
Sample1456	9.15E+01	5.51E+02	5.07E+02
Sample1457	8.95E+01	4.80E+02	4.65E+02
Sample1458	8.29E+01	6.18E+02	5.78E+02
Sample1459	8.18E+01	6.12E+02	5.60E+02
Sample1460	6.06E+01	4.88E+02	4.46E+02
Sample1461	1.12E+02	6.43E+02	5.76E+02
Sample1462	7.48E+01	6.22E+02	5.75E+02
Sample1463	7.72E+01	9.04E+02	8.65E+02
Sample1464	8.16E+01	6.13E+02	5.71E+02
Sample1465	5.99E+01	4.37E+02	4.54E+02
Sample1466	5.11E+01	3.26E+02	3.21E+02
Sample1467	1.04E+02	7.52E+02	6.80E+02
Sample1468	1.02E+02	6.03E+02	5.68E+02
Sample1469	1.01E+02	7.65E+02	6.92E+02
Sample1470	6.80E+01	5.67E+02	5.18E+02
Sample1471	7.09E+01	5.70E+02	5.19E+02
Sample1472	6.94E+01	6.27E+02	5.83E+02
Sample1473	1.20E+02	4.70E+02	4.05E+02
Sample1474	1.08E+02	6.86E+02	6.57E+02
Sample1475	8.42E+01	6.21E+02	6.82E+02
Sample1476	7.72E+01	4.26E+02	4.19E+02
Sample1477	9.01E+01	4.84E+02	5.08E+02
Sample1478	1.13E+02	6.98E+02	6.08E+02
Sample1479	6.96E+01	4.86E+02	5.25E+02
Sample1480	4.62E+01	4.99E+02	4.69E+02
Sample1481	9.08E+01	6.56E+02	6.20E+02
Sample1482	9.89E+01	6.20E+02	5.85E+02
Sample1483	5.94E+01	4.73E+02	4.38E+02
Sample1484	8.12E+01	6.90E+02	6.64E+02
Sample1485	7.18E+01	4.57E+02	4.87E+02
Sample1486	1.05E+02	7.82E+02	7.13E+02
Sample1487	9.01E+01	6.09E+02	5.84E+02
Sample1488	9.03E+01	3.84E+02	3.55E+02
Sample1489	1.01E+02	6.90E+02	6.52E+02
Sample1490	7.48E+01	3.08E+02	2.89E+02
Sample1491	9.25E+01	5.87E+02	5.36E+02
Sample1492	1.13E+02	6.70E+02	6.02E+02
Sample1493	1.12E+02	8.25E+02	7.99E+02
Sample1494	8.97E+01	3.96E+02	3.32E+02
Sample1495	1.04E+02	4.96E+02	5.11E+02
Sample1496	6.44E+01	4.09E+02	4.21E+02
Sample1497	1.15E+02	5.30E+02	4.73E+02
Sample1498	7.98E+01	4.10E+02	3.84E+02
Sample1499	7.99E+01	6.18E+02	5.92E+02
Sample1500	7.93E+01	6.59E+02	6.21E+02
Sample1501	8.53E+01	6.71E+02	6.14E+02
Sample1502	9.65E+01	5.21E+02	5.45E+02
Sample1503	8.99E+01	6.73E+02	6.07E+02
Sample1504	8.65E+01	5.50E+02	5.30E+02
Sample1505	6.57E+01	5.70E+02	5.43E+02
Sample1506	6.04E+01	6.50E+02	6.26E+02
Sample1507	8.06E+01	9.03E+02	8.60E+02
Sample1508	6.25E+01	4.71E+02	4.58E+02
Sample1509	6.09E+01	7.82E+02	7.40E+02
Sample1510	9.14E+01	7.54E+02	6.82E+02
Sample1511	9.19E+01	3.53E+02	3.37E+02
Sample1512	6.42E+01	4.72E+02	4.49E+02
Sample1513	1.00E+02	7.50E+02	6.76E+02
Sample1514	5.21E+01	4.86E+02	4.73E+02
Sample1515	1.13E+02	2.21E+02	2.84E+02
Sample1516	7.60E+01	4.11E+02	3.91E+02
Sample1517	9.10E+01	8.05E+02	8.03E+02
Sample1518	9.12E+01	7.51E+02	7.39E+02
Sample1519	8.41E+01	3.13E+02	2.86E+02
Sample1520	1.21E+02	3.69E+02	3.55E+02
Sample1521	6.17E+01	6.20E+02	6.07E+02
Sample1522	8.26E+01	2.55E+02	2.67E+02
Sample1523	7.33E+01	4.84E+02	4.67E+02
Sample1524	9.48E+01	8.22E+02	7.76E+02
Sample1525	8.06E+01	9.11E+02	8.67E+02
Sample1526	1.06E+02	9.20E+02	8.89E+02
Sample1527	1.09E+02	7.68E+02	7.05E+02
Sample1528	9.37E+01	4.06E+02	4.63E+02
Sample1529	1.13E+02	3.50E+02	3.73E+02
Sample1530	6.05E+01	4.50E+02	4.59E+02
Sample1531	8.73E+01	3.34E+02	2.97E+02
Sample1532	1.38E+02	8.76E+02	8.25E+02
Sample1533	6.73E+01	5.56E+02	5.13E+02
Sample1534	1.32E+02	7.59E+02	7.62E+02
Sample1535	9.35E+01	4.17E+02	4.47E+02
Sample1536	9.43E+01	6.42E+02	6.42E+02
Sample1537	5.21E+01	8.06E+02	7.84E+02
Sample1538	8.40E+01	4.69E+02	5.19E+02
Sample1539	9.48E+01	8.97E+02	8.68E+02
Sample1540	1.18E+02	7.48E+02	6.99E+02
Sample1541	1.15E+02	3.49E+02	3.70E+02
Sample1542	8.99E+01	4.90E+02	4.65E+02
Sample1543	9.93E+01	3.10E+02	3.39E+02
Sample1544	5.27E+01	6.59E+02	6.78E+02
Sample1545	7.80E+01	4.64E+02	4.24E+02
Sample1546	1.29E+02	8.77E+02	7.80E+02
Sample1547	9.08E+01	3.60E+02	3.61E+02
Sample1548	8.82E+01	3.62E+02	3.81E+02
Sample1549	7.60E+01	4.85E+02	4.72E+02
Sample1550	8.48E+01	7.32E+02	7.37E+02
Sample1551	1.13E+02	6.52E+02	5.98E+02
Sample1552	1.10E+02	5.28E+02	5.25E+02
Sample1553	1.34E+02	5.75E+02	5.73E+02
Sample1554	8.89E+01	6.45E+02	6.81E+02
Sample1555	1.03E+02	6.49E+02	6.47E+02
Sample1556	1.54E+02	7.14E+02	6.83E+02
Sample1557	1.24E+02	4.09E+02	5.04E+02
Sample1558	5.19E+01	4.16E+02	4.04E+02
Sample1559	1.11E+02	7.82E+02	7.14E+02
Sample1560	9.27E+01	8.36E+02	7.88E+02
Sample1561	8.39E+01	5.71E+02	5.80E+02
Sample1562	1.00E+02	5.47E+02	4.96E+02
Sample1563	8.29E+01	5.70E+02	5.44E+02
Sample1564	1.29E+02	5.09E+02	4.14E+02
Sample1565	1.19E+02	5.43E+02	4.82E+02
Sample1566	1.00E+02	5.91E+02	5.16E+02
Sample1567	1.12E+02	6.17E+02	5.47E+02
Sample1568	5.99E+01	4.57E+02	4.29E+02
Sample1569	1.03E+02	4.11E+02	3.51E+02
Sample1570	7.48E+01	4.53E+02	4.32E+02
Sample1571	6.15E+01	5.61E+02	5.36E+02
Sample1572	1.04E+02	3.76E+02	3.12E+02
Sample1573	6.21E+01	4.45E+02	4.67E+02
Sample1574	7.73E+01	3.68E+02	3.30E+02
Sample1575	1.30E+02	6.42E+02	6.32E+02
Sample1576	5.89E+01	4.27E+02	4.31E+02
Sample1577	1.15E+02	5.46E+02	5.08E+02
Sample1578	8.75E+01	5.66E+02	5.91E+02
Sample1579	9.34E+01	4.56E+02	4.10E+02
Sample1580	8.51E+01	5.64E+02	5.54E+02
Sample1581	9.81E+01	5.51E+02	5.86E+02
Sample1582	9.57E+01	4.84E+02	4.06E+02
Sample1583	8.62E+01	6.52E+02	6.47E+02
Sample1584	1.04E+02	6.21E+02	6.20E+02
Sample1585	5.25E+01	5.24E+02	5.33E+02
Sample1586	1.15E+02	5.44E+02	5.07E+02
Sample1587	7.52E+01	7.53E+02	7.01E+02
Sample1588	1.16E+02	4.90E+02	5.20E+02
Sample1589	6.87E+01	6.81E+02	6.39E+02
Sample1590	8.73E+01	7.77E+02	7.22E+02
Sample1591	1.25E+02	6.75E+02	6.77E+02
Sample1592	7.65E+01	3.43E+02	3.60E+02
Sample1593	8.42E+01	5.54E+02	5.65E+02
Sample1594	1.09E+02	6.51E+02	5.88E+02
Sample1595	1.37E+02	6.01E+02	5.95E+02
Sample1596	7.23E+01	6.20E+02	6.47E+02
Sample1597	8.96E+01	5.56E+02	5.84E+02
Sample1598	9.66E+01	5.24E+02	5.14E+02
Sample1599	8.53E+01	6.02E+02	6.02E+02
Sample1600	1.27E+02	5.91E+02	5.36E+02
Sample1601	9.26E+01	6.23E+02	5.90E+02
Sample1602	9.23E+01	5.18E+02	4.63E+02
Sample1603	1.13E+02	6.30E+02	6.16E+02
Sample1604	5.26E+01	4.94E+02	4.74E+02
Sample1605	6.68E+01	6.46E+02	6.49E+02
Sample1606	8.95E+01	7.43E+02	6.82E+02
Sample1607	1.04E+02	5.70E+02	6.08E+02
Sample1608	1.01E+02	4.94E+02	5.25E+02
Sample1609	1.07E+02	6.12E+02	5.95E+02
Sample1610	9.25E+01	6.87E+02	6.50E+02
Sample1611	9.98E+01	8.35E+02	8.11E+02
Sample1612	1.10E+02	6.43E+02	5.85E+02
Sample1613	1.14E+02	4.46E+02	4.58E+02
Sample1614	9.21E+01	5.67E+02	5.63E+02
Sample1615	7.46E+01	4.04E+02	4.19E+02
Sample1616	1.17E+02	6.96E+02	5.99E+02
Sample1617	1.53E+02	4.89E+02	4.91E+02
Sample1618	1.04E+02	7.68E+02	6.96E+02
Sample1619	9.14E+01	4.76E+02	4.52E+02
Sample1620	1.39E+02	5.66E+02	4.79E+02
Sample1621	8.63E+01	2.72E+02	2.92E+02
Sample1622	1.35E+02	5.78E+02	4.65E+02
Sample1623	1.08E+02	6.46E+02	6.30E+02
Sample1624	9.22E+01	6.16E+02	5.89E+02
Sample1625	6.98E+01	6.21E+02	6.19E+02
Sample1626	4.63E+01	4.46E+02	4.46E+02
Sample1627	1.04E+02	4.31E+02	3.77E+02
Sample1628	1.16E+02	3.33E+02	2.74E+02
Sample1629	1.16E+02	5.14E+02	5.27E+02
Sample1630	1.10E+02	3.97E+02	4.67E+02
Sample1631	1.03E+02	8.08E+02	7.75E+02
Sample1632	1.30E+02	7.55E+02	6.68E+02
Sample1633	9.00E+01	6.49E+02	5.86E+02
Sample1634	1.05E+02	5.89E+02	5.97E+02
Sample1635	8.01E+01	8.26E+02	7.92E+02
Sample1636	8.86E+01	4.28E+02	3.69E+02
Sample1637	8.53E+01	3.98E+02	3.90E+02
Sample1638	1.13E+02	6.29E+02	5.96E+02
Sample1639	8.12E+01	3.75E+02	3.29E+02
Sample1640	8.42E+01	4.61E+02	4.76E+02
Sample1641	8.98E+01	4.68E+02	5.18E+02
Sample1642	1.28E+02	5.33E+02	5.21E+02
Sample1643	1.25E+02	4.67E+02	4.44E+02
Sample1644	1.41E+02	3.92E+02	3.84E+02
Sample1645	9.21E+01	3.18E+02	3.66E+02
Sample1646	1.23E+02	5.68E+02	4.98E+02
Sample1647	7.74E+01	5.96E+02	5.99E+02
Sample1648	1.16E+02	5.58E+02	5.64E+02
Sample1649	8.09E+01	5.48E+02	5.51E+02
Sample1650	9.12E+01	5.22E+02	4.97E+02
Sample1651	7.30E+01	4.51E+02	4.31E+02
Sample1652	8.25E+01	7.42E+02	7.62E+02
Sample1653	1.03E+02	4.75E+02	4.37E+02
Sample1654	7.54E+01	5.93E+02	5.76E+02
Sample1655	1.14E+02	3.77E+02	3.67E+02
Sample1656	9.76E+01	5.76E+02	5.76E+02
Sample1657	8.86E+01	4.50E+02	4.58E+02
Sample1658	8.51E+01	5.55E+02	5.59E+02
Sample1659	4.78E+01	7.71E+02	7.81E+02
Sample1660	4.90E+01	4.11E+02	4.04E+02
Sample1661	1.55E+02	6.42E+02	5.52E+02
Sample1662	8.57E+01	4.42E+02	4.44E+02
Sample1663	1.19E+02	5.81E+02	5.45E+02
Sample1664	1.28E+02	3.97E+02	3.67E+02
Sample1665	1.10E+02	5.76E+02	5.86E+02
Sample1666	9.23E+01	5.55E+02	5.19E+02
Sample1667	1.34E+02	4.84E+02	4.46E+02
Sample1668	5.88E+01	5.85E+02	5.48E+02
Sample1669	1.19E+02	5.81E+02	5.82E+02
Sample1670	1.36E+02	6.52E+02	6.07E+02
Sample1671	8.61E+01	7.44E+02	7.33E+02
Sample1672	1.04E+02	6.46E+02	6.06E+02
Sample1673	7.15E+01	6.95E+02	6.68E+02
Sample1674	1.17E+02	5.02E+02	4.64E+02
Sample1675	1.40E+02	3.65E+02	3.40E+02
Sample1676	7.81E+01	6.81E+02	6.56E+02
Sample1677	8.02E+01	7.29E+02	7.22E+02
Sample1678	7.19E+01	5.00E+02	5.18E+02
Sample1679	7.31E+01	7.22E+02	6.90E+02
Sample1680	5.75E+01	2.51E+02	2.26E+02
Sample1681	1.30E+02	7.84E+02	6.83E+02
Sample1682	5.94E+01	4.91E+02	4.94E+02
Sample1683	8.20E+01	5.45E+02	5.30E+02
Sample1684	7.95E+01	5.25E+02	5.05E+02
Sample1685	1.33E+02	3.92E+02	3.91E+02
Sample1686	9.74E+01	4.50E+02	4.96E+02
Sample1687	1.11E+02	6.08E+02	6.07E+02
Sample1688	9.74E+01	9.32E+02	8.78E+02
Sample1689	8.07E+01	7.63E+02	7.36E+02
Sample1690	1.41E+02	7.11E+02	5.90E+02
Sample1691	1.05E+02	4.89E+02	4.55E+02
Sample1692	6.19E+01	5.91E+02	5.69E+02
Sample1693	9.82E+01	7.65E+02	7.63E+02
Sample1694	6.37E+01	5.39E+02	5.23E+02
Sample1695	1.21E+02	6.93E+02	6.48E+02
Sample1696	1.34E+02	6.38E+02	6.18E+02
Sample1697	9.34E+01	6.85E+02	6.42E+02
Sample1698	9.67E+01	7.88E+02	7.20E+02
Sample1699	8.63E+01	6.66E+02	6.68E+02
Sample1700	1.01E+02	7.87E+02	7.68E+02
Sample1701	6.21E+01	7.01E+02	6.83E+02
Sample1702	1.20E+02	8.35E+02	8.00E+02
Sample1703	1.58E+02	6.58E+02	6.38E+02
Sample1704	9.25E+01	6.10E+02	6.10E+02
Sample1705	1.35E+02	6.28E+02	5.91E+02
Sample1706	9.09E+01	5.23E+02	5.11E+02
Sample1707	1.52E+02	6.12E+02	5.21E+02
Sample1708	8.34E+01	7.70E+02	7.94E+02
Sample1709	6.32E+01	6.41E+02	5.99E+02
Sample1710	1.17E+02	5.90E+02	5.35E+02
Sample1711	8.23E+01	6.06E+02	6.22E+02
Sample1712	1.09E+02	7.59E+02	6.81E+02
Sample1713	7.37E+01	6.18E+02	5.84E+02
Sample1714	7.79E+01	6.20E+02	5.90E+02
