Iteration	L1	L1 %	L2	L2 %	KL Divergence
1	3.212	24.075	0.623	28.85	0.049
2	3.214	24.115	0.619	28.795	0.049
3	3.196	23.999	0.619	28.775	0.049
4	3.204	24.017	0.62	28.78	0.05
5	3.225	24.204	0.619	28.884	0.05
6	3.307	24.873	0.629	29.221	0.052
7	3.235	24.267	0.617	28.735	0.05
8	3.221	24.138	0.639	29.519	0.051
9	3.255	24.45	0.623	28.937	0.05
10	3.282	24.618	0.634	29.395	0.051
11	3.274	24.625	0.635	29.501	0.053
12	3.253	24.421	0.631	29.283	0.051
13	3.319	24.929	0.638	29.437	0.053
14	3.257	24.438	0.636	29.445	0.051
15	3.256	24.448	0.625	29.031	0.051
16	3.249	24.412	0.623	28.89	0.052
17	3.286	24.689	0.635	29.493	0.052
18	3.249	24.369	0.624	29.03	0.05
19	3.277	24.646	0.625	29.058	0.052
20	3.265	24.524	0.627	29.257	0.05
21	3.194	23.976	0.622	28.927	0.05
22	3.322	24.956	0.638	29.731	0.052
23	3.272	24.555	0.63	29.161	0.051
24	3.263	24.509	0.627	29.087	0.051
25	3.269	24.535	0.632	29.341	0.051
26	3.21	24.086	0.617	28.655	0.048
27	3.222	24.198	0.621	28.967	0.05
28	3.309	24.816	0.644	29.844	0.052
29	3.275	24.605	0.635	29.499	0.052
30	3.311	24.888	0.632	29.371	0.053
31	3.194	23.98	0.624	29.073	0.05
32	3.247	24.369	0.638	29.519	0.051
33	3.207	24.035	0.609	28.549	0.049
34	3.279	24.671	0.628	29.286	0.052
35	3.265	24.538	0.631	29.349	0.052
36	3.245	24.365	0.624	28.838	0.05
37	3.325	24.951	0.636	29.523	0.053
38	3.254	24.445	0.635	29.476	0.051
39	3.253	24.405	0.635	29.597	0.051
40	3.211	24.108	0.618	28.767	0.05
41	3.261	24.479	0.634	29.363	0.051
42	3.208	24.098	0.628	29.153	0.05
43	3.277	24.593	0.626	29.146	0.051
44	3.208	24.078	0.623	28.964	0.05
45	3.244	24.358	0.635	29.355	0.051
46	3.24	24.282	0.629	29.138	0.05
47	3.214	24.123	0.626	29.111	0.05
48	3.303	24.826	0.641	29.666	0.052
49	3.313	24.874	0.644	29.791	0.052
50	3.28	24.615	0.63	29.429	0.052
51	3.26	24.491	0.625	28.996	0.051
52	3.194	23.942	0.619	28.716	0.049
53	3.266	24.517	0.636	29.525	0.052
54	3.255	24.449	0.626	28.874	0.05
55	3.214	24.089	0.628	29.218	0.05
56	3.236	24.293	0.635	29.248	0.05
57	3.229	24.23	0.633	29.138	0.051
58	3.222	24.202	0.628	29.323	0.051
59	3.248	24.398	0.626	29.003	0.051
60	3.253	24.426	0.628	29.076	0.05
61	3.266	24.544	0.625	28.937	0.05
62	3.201	24.018	0.624	28.927	0.05
63	3.28	24.607	0.622	29.026	0.051
64	3.235	24.273	0.626	29.12	0.051
65	3.214	24.104	0.623	28.893	0.05
66	3.248	24.382	0.623	28.876	0.05
67	3.291	24.743	0.638	29.57	0.053
68	3.269	24.559	0.633	29.31	0.051
69	3.28	24.65	0.628	29.245	0.052
70	3.265	24.533	0.626	29.236	0.052
71	3.226	24.21	0.631	29.277	0.05
72	3.227	24.199	0.622	28.86	0.05
73	3.249	24.368	0.623	28.989	0.05
74	3.265	24.545	0.63	29.293	0.052
75	3.218	24.154	0.628	29.137	0.05
76	3.237	24.296	0.632	29.355	0.051
77	3.26	24.484	0.626	29.041	0.051
78	3.269	24.541	0.634	29.323	0.05
79	3.22	24.195	0.614	28.697	0.05
80	3.254	24.44	0.63	29.185	0.051
81	3.262	24.467	0.629	29.151	0.05
82	3.248	24.36	0.633	29.284	0.051
83	3.232	24.271	0.62	28.732	0.05
84	3.249	24.397	0.631	29.244	0.051
85	3.23	24.23	0.615	28.506	0.049
86	3.231	24.26	0.619	28.803	0.05
87	3.286	24.714	0.636	29.683	0.052
88	3.225	24.237	0.629	29.031	0.05
89	3.219	24.176	0.617	28.626	0.05
90	3.265	24.548	0.628	29.083	0.051
91	3.271	24.491	0.637	29.555	0.051
92	3.193	23.969	0.615	28.543	0.05
93	3.295	24.747	0.638	29.466	0.051
94	3.247	24.343	0.634	29.429	0.051
95	3.244	24.372	0.62	28.838	0.05
96	3.239	24.346	0.623	28.963	0.052
97	3.271	24.58	0.632	29.327	0.052
98	3.294	24.721	0.634	29.321	0.051
99	3.255	24.449	0.639	29.516	0.052
100	3.235	24.293	0.62	28.8	0.05
101	3.268	24.544	0.632	29.395	0.051
102	3.18	23.856	0.62	28.56	0.049
103	3.278	24.58	0.631	29.222	0.051
104	3.245	24.342	0.636	29.534	0.051
105	3.255	24.432	0.627	29.062	0.051
106	3.222	24.167	0.626	29.062	0.051
107	3.25	24.403	0.627	29.003	0.051
108	3.3	24.818	0.639	29.566	0.053
109	3.181	23.935	0.623	29.063	0.051
110	3.319	24.946	0.64	29.722	0.053
111	3.255	24.401	0.628	29.102	0.051
112	3.319	24.914	0.64	29.617	0.053
113	3.293	24.768	0.628	29.109	0.052
114	3.266	24.526	0.635	29.318	0.051
115	3.165	23.745	0.622	28.885	0.049
116	3.249	24.397	0.634	29.492	0.052
117	3.322	24.957	0.636	29.475	0.052
118	3.238	24.335	0.637	29.541	0.052
119	3.231	24.245	0.629	29.02	0.05
120	3.282	24.638	0.638	29.519	0.052
121	3.222	24.171	0.621	28.863	0.051
122	3.293	24.731	0.627	29.125	0.052
123	3.232	24.245	0.623	28.975	0.05
124	3.234	24.269	0.638	29.557	0.051
125	3.281	24.666	0.631	29.38	0.053
126	3.222	24.209	0.627	29.228	0.05
127	3.193	23.964	0.614	28.556	0.049
128	3.267	24.544	0.636	29.463	0.052
129	3.196	23.974	0.621	28.931	0.05
130	3.236	24.317	0.616	28.69	0.05
131	3.213	24.135	0.619	28.838	0.051
132	3.206	24.077	0.613	28.582	0.049
133	3.243	24.327	0.636	29.579	0.051
134	3.281	24.641	0.631	29.35	0.052
135	3.267	24.551	0.633	29.381	0.051
136	3.2	24.012	0.612	28.25	0.049
137	3.284	24.66	0.629	29.132	0.051
138	3.323	24.92	0.638	29.59	0.053
139	3.288	24.683	0.632	29.341	0.051
140	3.304	24.842	0.632	29.527	0.052
141	3.242	24.341	0.626	29.015	0.05
142	3.263	24.49	0.632	29.269	0.052
143	3.226	24.216	0.619	28.664	0.05
144	3.214	24.14	0.622	28.875	0.049
145	3.255	24.465	0.616	28.611	0.05
146	3.219	24.194	0.621	28.821	0.05
147	3.3	24.821	0.639	29.633	0.052
148	3.222	24.215	0.63	29.26	0.05
149	3.262	24.523	0.628	29.313	0.051
150	3.241	24.323	0.625	28.995	0.05
151	3.251	24.403	0.632	29.312	0.051
152	3.265	24.504	0.626	29.071	0.051
153	3.227	24.226	0.615	28.597	0.05
154	3.23	24.247	0.616	28.682	0.05
155	3.321	24.96	0.633	29.284	0.052
156	3.233	24.3	0.615	28.535	0.051
157	3.302	24.785	0.636	29.394	0.052
158	3.304	24.809	0.641	29.826	0.052
159	3.223	24.164	0.622	28.72	0.05
160	3.214	24.129	0.633	29.336	0.051
161	3.238	24.358	0.624	28.961	0.051
162	3.289	24.726	0.635	29.492	0.052
163	3.333	25.045	0.637	29.676	0.053
164	3.25	24.378	0.626	29.017	0.05
165	3.254	24.476	0.631	29.315	0.051
166	3.265	24.53	0.631	29.212	0.051
167	3.3	24.773	0.626	29.059	0.051
168	3.199	24.005	0.618	28.776	0.049
169	3.233	24.271	0.621	28.783	0.05
170	3.18	23.878	0.62	28.809	0.05
171	3.257	24.474	0.63	29.165	0.051
172	3.287	24.646	0.634	29.528	0.052
173	3.261	24.463	0.633	29.14	0.051
174	3.354	25.195	0.654	30.187	0.054
175	3.297	24.718	0.636	29.596	0.052
176	3.237	24.298	0.631	29.207	0.05
177	3.197	23.973	0.614	28.456	0.049
178	3.241	24.356	0.616	28.743	0.05
179	3.245	24.361	0.632	29.209	0.051
180	3.242	24.336	0.622	28.937	0.05
181	3.202	24.059	0.609	28.284	0.049
182	3.32	24.926	0.626	29.023	0.051
183	3.305	24.803	0.628	29.029	0.051
184	3.347	25.106	0.642	29.795	0.053
185	3.266	24.528	0.639	29.457	0.052
186	3.155	23.671	0.602	27.906	0.048
187	3.253	24.406	0.623	28.871	0.05
188	3.206	24.044	0.629	29.158	0.05
189	3.196	24.012	0.615	28.486	0.05
190	3.205	24.046	0.61	28.334	0.049
191	3.279	24.619	0.634	29.459	0.052
192	3.306	24.839	0.638	29.576	0.053
193	3.303	24.813	0.638	29.534	0.052
194	3.226	24.223	0.62	28.9	0.05
195	3.282	24.621	0.628	29.169	0.052
196	3.286	24.669	0.637	29.701	0.052
197	3.245	24.359	0.627	29.05	0.05
198	3.243	24.326	0.63	29.117	0.05
199	3.252	24.392	0.62	28.766	0.051
200	3.336	25.049	0.647	29.995	0.053
201	3.266	24.531	0.638	29.607	0.051
202	3.287	24.677	0.636	29.486	0.051
203	3.245	24.364	0.63	29.294	0.051
204	3.227	24.195	0.628	29.017	0.05
205	3.298	24.774	0.629	29.061	0.052
206	3.261	24.501	0.63	29.123	0.052
207	3.31	24.9	0.652	30.006	0.054
208	3.222	24.16	0.633	29.632	0.051
209	3.298	24.776	0.638	29.603	0.052
210	3.334	25.042	0.649	30.107	0.053
211	3.193	23.953	0.619	28.756	0.05
212	3.277	24.598	0.632	29.464	0.052
213	3.247	24.372	0.623	29.046	0.05
214	3.254	24.459	0.626	29.13	0.051
215	3.219	24.164	0.634	29.319	0.051
216	3.266	24.517	0.637	29.553	0.052
217	3.256	24.471	0.628	29.152	0.051
218	3.241	24.304	0.619	28.729	0.05
219	3.217	24.175	0.621	28.855	0.05
220	3.233	24.258	0.635	29.422	0.051
221	3.321	24.946	0.641	29.772	0.053
222	3.234	24.233	0.625	28.96	0.05
223	3.238	24.327	0.628	29.231	0.05
224	3.265	24.508	0.633	29.409	0.051
225	3.328	24.988	0.639	29.618	0.053
226	3.299	24.746	0.635	29.345	0.052
227	3.272	24.548	0.629	29.221	0.052
228	3.214	24.168	0.619	28.883	0.051
229	3.245	24.371	0.634	29.267	0.052
230	3.324	24.924	0.643	29.691	0.052
231	3.309	24.856	0.635	29.386	0.051
232	3.264	24.521	0.634	29.488	0.051
233	3.279	24.619	0.642	29.656	0.052
234	3.213	24.125	0.626	29.109	0.05
235	3.318	24.937	0.629	29.273	0.052
236	3.252	24.432	0.628	29.116	0.051
237	3.252	24.421	0.621	28.977	0.051
238	3.311	24.841	0.643	29.665	0.053
239	3.257	24.428	0.627	29.078	0.05
240	3.241	24.325	0.632	29.161	0.051
241	3.204	24.031	0.625	28.98	0.05
242	3.284	24.655	0.626	29.149	0.051
243	3.228	24.231	0.634	29.279	0.051
244	3.195	23.961	0.631	29.275	0.05
245	3.273	24.614	0.632	29.354	0.051
246	3.205	24.059	0.618	28.723	0.05
247	3.183	23.859	0.614	28.622	0.049
248	3.224	24.221	0.623	28.925	0.051
249	3.25	24.433	0.625	28.974	0.051
250	3.248	24.403	0.636	29.562	0.051
251	3.247	24.345	0.626	29.046	0.05
252	3.323	24.946	0.659	30.355	0.053
253	3.185	23.897	0.61	28.421	0.049
254	3.204	24.058	0.616	28.6	0.05
255	3.235	24.294	0.622	28.938	0.05
256	3.25	24.398	0.63	29.09	0.052
257	3.303	24.805	0.638	29.5	0.052
258	3.247	24.42	0.625	29.112	0.052
259	3.218	24.158	0.613	28.428	0.049
260	3.23	24.245	0.616	28.683	0.05
261	3.276	24.634	0.628	29.099	0.051
262	3.287	24.653	0.626	28.956	0.051
263	3.23	24.215	0.635	29.437	0.051
264	3.295	24.751	0.641	29.593	0.053
265	3.209	24.104	0.616	28.717	0.049
266	3.22	24.179	0.616	28.709	0.05
267	3.232	24.251	0.62	28.911	0.05
268	3.275	24.563	0.636	29.324	0.051
269	3.219	24.181	0.622	28.869	0.05
270	3.222	24.197	0.629	29.231	0.051
271	3.229	24.257	0.62	28.695	0.05
272	3.243	24.349	0.614	28.611	0.05
273	3.281	24.67	0.635	29.471	0.052
274	3.306	24.847	0.637	29.68	0.053
275	3.22	24.165	0.623	29.076	0.05
276	3.253	24.434	0.627	29.177	0.051
277	3.217	24.098	0.63	29.19	0.05
278	3.192	23.967	0.636	29.424	0.05
279	3.262	24.541	0.626	29.192	0.051
280	3.317	24.893	0.631	29.233	0.052
281	3.243	24.319	0.628	29.05	0.05
282	3.272	24.6	0.631	29.392	0.052
283	3.271	24.529	0.631	29.118	0.05
284	3.246	24.398	0.627	29.153	0.051
285	3.253	24.434	0.63	29.298	0.051
286	3.299	24.795	0.633	29.458	0.052
287	3.338	25.076	0.643	29.825	0.053
288	3.273	24.553	0.642	29.873	0.051
289	3.243	24.329	0.619	28.748	0.05
290	3.303	24.822	0.634	29.445	0.052
291	3.251	24.422	0.632	29.49	0.052
292	3.262	24.516	0.63	29.34	0.051
293	3.296	24.769	0.631	29.224	0.052
294	3.265	24.561	0.629	29.235	0.051
295	3.32	24.947	0.636	29.384	0.052
296	3.273	24.593	0.621	28.916	0.051
297	3.311	24.871	0.634	29.388	0.052
298	3.252	24.462	0.637	29.576	0.052
299	3.241	24.31	0.626	28.977	0.05
300	3.298	24.778	0.639	29.489	0.052
301	3.313	24.887	0.64	29.732	0.053
302	3.29	24.714	0.637	29.559	0.052
303	3.199	23.986	0.622	29.0	0.049
304	3.234	24.299	0.623	28.929	0.051
305	3.26	24.486	0.622	28.957	0.051
306	3.28	24.661	0.625	28.998	0.052
307	3.215	24.124	0.614	28.608	0.049
308	3.228	24.209	0.62	28.722	0.05
309	3.333	25.052	0.636	29.381	0.053
310	3.166	23.769	0.616	28.711	0.049
311	3.244	24.368	0.627	28.939	0.05
312	3.238	24.329	0.625	29.164	0.05
313	3.286	24.695	0.628	29.065	0.052
314	3.177	23.868	0.619	28.695	0.049
315	3.212	24.153	0.619	28.931	0.051
316	3.292	24.733	0.632	29.21	0.051
317	3.201	24.031	0.619	28.679	0.049
318	3.227	24.231	0.62	28.866	0.05
319	3.236	24.282	0.625	29.065	0.049
320	3.292	24.773	0.633	29.399	0.052
321	3.253	24.405	0.636	29.522	0.05
322	3.318	24.894	0.64	29.536	0.052
323	3.232	24.281	0.629	29.381	0.051
324	3.262	24.515	0.63	29.222	0.051
325	3.279	24.642	0.633	29.375	0.052
326	3.268	24.526	0.63	29.289	0.051
327	3.223	24.214	0.62	28.792	0.05
328	3.213	24.117	0.617	28.709	0.05
329	3.318	24.96	0.644	29.802	0.054
330	3.253	24.426	0.636	29.497	0.051
331	3.244	24.335	0.62	28.925	0.05
332	3.211	24.09	0.628	29.07	0.05
333	3.216	24.121	0.624	28.822	0.05
334	3.264	24.514	0.645	29.725	0.051
335	3.265	24.518	0.632	29.188	0.051
336	3.14	23.557	0.613	28.579	0.048
337	3.2	23.999	0.62	28.826	0.049
338	3.28	24.643	0.633	29.236	0.052
339	3.308	24.821	0.634	29.508	0.052
340	3.263	24.511	0.631	29.393	0.052
341	3.228	24.227	0.621	28.796	0.051
342	3.196	24.001	0.616	28.758	0.049
343	3.26	24.487	0.63	29.269	0.051
344	3.234	24.31	0.622	28.767	0.049
345	3.288	24.689	0.633	29.457	0.051
346	3.229	24.25	0.635	29.575	0.05
347	3.255	24.416	0.627	29.095	0.051
348	3.239	24.295	0.62	28.889	0.05
349	3.33	24.969	0.636	29.645	0.052
350	3.241	24.358	0.621	29.15	0.05
351	3.222	24.225	0.628	29.286	0.051
352	3.212	24.117	0.62	28.822	0.051
353	3.189	23.941	0.614	28.618	0.049
354	3.292	24.728	0.625	29.012	0.051
355	3.289	24.712	0.634	29.51	0.052
356	3.22	24.134	0.624	28.991	0.049
357	3.288	24.71	0.626	28.967	0.051
358	3.298	24.777	0.642	29.843	0.052
359	3.211	24.103	0.625	29.147	0.05
360	3.298	24.782	0.632	29.226	0.051
361	3.216	24.122	0.62	28.804	0.05
362	3.256	24.442	0.629	29.182	0.051
363	3.244	24.335	0.62	28.667	0.051
364	3.268	24.525	0.631	29.35	0.051
365	3.188	23.961	0.615	28.683	0.048
366	3.199	24.031	0.61	28.312	0.049
367	3.21	24.097	0.618	28.738	0.049
368	3.291	24.719	0.637	29.607	0.052
369	3.271	24.564	0.626	29.149	0.052
370	3.316	24.922	0.635	29.517	0.052
371	3.401	25.558	0.646	29.969	0.054
372	3.179	23.872	0.617	28.638	0.049
373	3.283	24.645	0.63	29.345	0.051
374	3.279	24.64	0.637	29.533	0.052
375	3.283	24.653	0.634	29.502	0.051
376	3.213	24.12	0.619	28.767	0.049
377	3.253	24.378	0.633	29.232	0.051
378	3.186	23.934	0.612	28.403	0.049
379	3.332	25.039	0.636	29.641	0.052
380	3.275	24.575	0.619	28.763	0.05
381	3.193	23.95	0.621	28.992	0.049
382	3.192	23.986	0.624	28.841	0.049
383	3.304	24.818	0.621	28.77	0.05
384	3.296	24.773	0.629	29.179	0.052
385	3.256	24.491	0.626	28.988	0.051
386	3.259	24.479	0.63	29.262	0.051
387	3.257	24.457	0.627	29.25	0.05
388	3.276	24.647	0.634	29.385	0.052
389	3.231	24.289	0.629	29.221	0.051
390	3.269	24.545	0.635	29.497	0.051
391	3.205	24.05	0.625	29.071	0.05
392	3.246	24.397	0.626	29.121	0.05
393	3.256	24.44	0.634	29.392	0.051
394	3.238	24.361	0.628	29.178	0.051
395	3.245	24.349	0.631	29.345	0.05
396	3.282	24.616	0.623	28.991	0.05
397	3.24	24.341	0.638	29.492	0.05
398	3.25	24.424	0.633	29.457	0.051
399	3.273	24.598	0.631	29.185	0.051
400	3.158	23.685	0.613	28.591	0.048
401	3.23	24.218	0.63	29.223	0.049
402	3.296	24.747	0.634	29.407	0.052
403	3.331	25.032	0.638	29.579	0.052
404	3.234	24.27	0.633	29.468	0.051
405	3.261	24.477	0.633	29.25	0.051
406	3.219	24.156	0.622	28.851	0.05
407	3.222	24.175	0.624	29.117	0.05
408	3.277	24.596	0.636	29.483	0.052
409	3.304	24.865	0.644	29.85	0.054
410	3.234	24.286	0.628	28.99	0.05
411	3.278	24.589	0.639	29.57	0.052
412	3.197	24.022	0.621	28.781	0.049
413	3.228	24.238	0.627	29.111	0.05
414	3.339	25.076	0.643	29.769	0.052
415	3.215	24.108	0.617	28.563	0.05
416	3.275	24.572	0.639	29.574	0.051
417	3.292	24.721	0.636	29.483	0.052
418	3.278	24.644	0.624	28.956	0.051
419	3.249	24.401	0.63	29.281	0.051
420	3.258	24.475	0.629	29.347	0.051
421	3.235	24.339	0.622	28.997	0.051
422	3.302	24.818	0.629	29.293	0.052
423	3.252	24.425	0.623	28.879	0.051
424	3.273	24.567	0.636	29.379	0.051
425	3.275	24.586	0.629	29.283	0.051
426	3.289	24.67	0.637	29.512	0.052
427	3.31	24.886	0.637	29.564	0.053
428	3.291	24.707	0.639	29.532	0.052
429	3.258	24.487	0.629	29.27	0.052
430	3.273	24.579	0.626	29.171	0.051
431	3.204	24.034	0.627	29.005	0.049
432	3.252	24.394	0.629	29.225	0.051
433	3.256	24.47	0.638	29.469	0.051
434	3.272	24.574	0.625	29.023	0.051
435	3.268	24.52	0.632	29.446	0.051
436	3.246	24.387	0.629	29.23	0.051
437	3.242	24.36	0.622	28.874	0.051
438	3.22	24.207	0.618	28.691	0.051
439	3.221	24.173	0.621	28.868	0.051
440	3.219	24.147	0.619	28.782	0.05
441	3.216	24.138	0.618	28.962	0.049
442	3.262	24.498	0.632	29.354	0.051
443	3.221	24.168	0.622	29.051	0.049
444	3.305	24.799	0.63	29.221	0.052
445	3.3	24.821	0.628	29.343	0.052
446	3.134	23.535	0.606	28.092	0.047
447	3.274	24.579	0.626	29.189	0.051
448	3.197	24.008	0.618	28.807	0.05
449	3.217	24.151	0.625	29.034	0.05
450	3.255	24.427	0.622	28.974	0.05
451	3.221	24.163	0.625	28.888	0.051
452	3.175	23.818	0.617	28.659	0.049
453	3.235	24.271	0.631	29.255	0.05
454	3.224	24.203	0.628	29.23	0.05
455	3.276	24.597	0.633	29.387	0.051
456	3.234	24.288	0.617	28.744	0.049
457	3.198	23.982	0.618	28.632	0.049
458	3.251	24.405	0.631	29.381	0.051
459	3.251	24.426	0.628	29.086	0.051
460	3.257	24.468	0.624	28.973	0.051
461	3.218	24.165	0.626	29.063	0.051
462	3.216	24.161	0.631	29.078	0.05
463	3.286	24.664	0.627	29.248	0.051
464	3.244	24.341	0.626	29.042	0.051
465	3.2	24.009	0.62	28.712	0.05
466	3.267	24.539	0.628	29.035	0.052
467	3.292	24.724	0.634	29.618	0.052
468	3.24	24.312	0.634	29.201	0.051
469	3.257	24.464	0.634	29.333	0.052
470	3.29	24.724	0.635	29.505	0.052
471	3.245	24.372	0.622	28.966	0.049
472	3.228	24.235	0.626	29.12	0.05
473	3.342	25.1	0.651	30.088	0.053
474	3.218	24.149	0.618	28.714	0.05
475	3.253	24.431	0.633	29.434	0.051
476	3.259	24.5	0.628	29.056	0.05
477	3.32	24.926	0.631	29.312	0.052
478	3.258	24.454	0.639	29.578	0.051
479	3.268	24.605	0.627	29.134	0.052
480	3.213	24.144	0.63	29.164	0.05
481	3.193	23.96	0.619	28.932	0.049
482	3.237	24.282	0.623	29.028	0.05
483	3.226	24.228	0.626	29.156	0.051
484	3.256	24.437	0.629	29.26	0.051
485	3.198	23.987	0.619	28.767	0.05
486	3.195	23.998	0.624	29.002	0.05
487	3.225	24.23	0.612	28.428	0.05
488	3.281	24.656	0.639	29.536	0.053
489	3.288	24.687	0.63	29.243	0.052
490	3.264	24.524	0.636	29.534	0.052
491	3.309	24.847	0.643	29.84	0.052
492	3.264	24.505	0.635	29.304	0.052
493	3.265	24.55	0.63	29.392	0.052
494	3.237	24.338	0.632	29.399	0.051
495	3.198	24.012	0.621	28.807	0.049
496	3.215	24.15	0.623	28.936	0.05
497	3.271	24.591	0.634	29.314	0.052
498	3.258	24.459	0.632	29.475	0.051
499	3.275	24.615	0.632	29.538	0.052
500	3.224	24.239	0.622	28.776	0.05
501	3.203	24.029	0.63	28.992	0.05
502	3.308	24.853	0.638	29.505	0.053
503	3.275	24.601	0.64	29.446	0.053
504	3.22	24.153	0.621	28.669	0.049
505	3.27	24.575	0.623	29.011	0.051
506	3.322	24.96	0.64	29.826	0.053
507	3.178	23.853	0.617	28.625	0.048
508	3.276	24.599	0.629	29.193	0.051
509	3.207	24.074	0.617	28.615	0.049
510	3.251	24.361	0.623	28.98	0.05
511	3.215	24.141	0.627	29.136	0.05
512	3.148	23.606	0.622	28.797	0.049
513	3.249	24.365	0.627	29.131	0.051
514	3.286	24.676	0.637	29.535	0.052
515	3.242	24.366	0.626	29.076	0.051
516	3.265	24.506	0.636	29.572	0.051
517	3.238	24.326	0.626	29.071	0.051
518	3.273	24.57	0.636	29.455	0.052
519	3.232	24.255	0.628	29.163	0.05
520	3.269	24.56	0.628	29.165	0.052
521	3.323	24.959	0.633	29.436	0.052
522	3.296	24.72	0.633	29.393	0.051
523	3.254	24.459	0.62	28.842	0.051
524	3.292	24.736	0.642	29.699	0.053
525	3.225	24.212	0.616	28.633	0.05
526	3.375	25.361	0.648	29.941	0.053
527	3.228	24.24	0.619	28.748	0.05
528	3.245	24.374	0.63	29.301	0.051
529	3.265	24.527	0.629	29.336	0.052
530	3.268	24.533	0.631	29.162	0.052
531	3.219	24.145	0.635	29.361	0.051
532	3.214	24.151	0.626	29.11	0.049
533	3.29	24.717	0.632	29.421	0.052
534	3.237	24.322	0.628	29.004	0.05
535	3.221	24.183	0.632	29.204	0.05
536	3.266	24.533	0.628	29.091	0.052
537	3.213	24.114	0.615	28.578	0.049
538	3.262	24.535	0.626	29.223	0.051
539	3.249	24.379	0.623	29.09	0.051
540	3.297	24.772	0.641	29.794	0.052
541	3.189	23.92	0.616	28.631	0.05
542	3.303	24.816	0.638	29.506	0.052
543	3.194	23.989	0.624	28.946	0.05
544	3.288	24.712	0.637	29.56	0.052
545	3.277	24.601	0.625	28.879	0.05
546	3.213	24.15	0.627	29.141	0.05
547	3.263	24.504	0.637	29.487	0.052
548	3.261	24.485	0.622	28.905	0.051
549	3.3	24.779	0.639	29.81	0.053
550	3.273	24.598	0.62	28.941	0.051
551	3.288	24.703	0.639	29.579	0.052
552	3.307	24.856	0.638	29.561	0.053
553	3.289	24.741	0.631	29.354	0.052
554	3.303	24.819	0.639	29.58	0.052
555	3.209	24.073	0.628	29.111	0.05
556	3.154	23.685	0.607	28.188	0.049
557	3.212	24.113	0.624	29.012	0.05
558	3.225	24.23	0.631	29.246	0.051
559	3.251	24.432	0.627	29.209	0.051
560	3.221	24.17	0.62	28.807	0.05
561	3.294	24.721	0.634	29.293	0.052
562	3.321	24.923	0.641	29.692	0.052
563	3.299	24.784	0.632	29.284	0.051
564	3.199	23.995	0.625	28.932	0.05
565	3.26	24.454	0.632	29.413	0.052
566	3.298	24.815	0.64	29.556	0.054
567	3.225	24.221	0.62	28.87	0.051
568	3.194	23.963	0.622	28.979	0.049
569	3.223	24.192	0.622	28.841	0.05
570	3.293	24.69	0.626	29.191	0.05
571	3.181	23.849	0.612	28.475	0.048
572	3.252	24.452	0.628	29.169	0.051
573	3.193	23.968	0.619	28.725	0.05
574	3.29	24.683	0.631	29.307	0.052
575	3.241	24.347	0.626	29.004	0.051
576	3.285	24.672	0.638	29.577	0.052
577	3.196	23.997	0.623	29.011	0.05
578	3.216	24.168	0.621	28.758	0.05
579	3.266	24.526	0.631	29.269	0.051
580	3.301	24.785	0.644	29.867	0.053
581	3.283	24.664	0.64	29.546	0.052
582	3.23	24.261	0.62	28.881	0.05
583	3.212	24.132	0.623	28.919	0.05
584	3.208	24.06	0.626	29.005	0.05
585	3.269	24.543	0.635	29.424	0.052
586	3.259	24.466	0.622	28.806	0.051
587	3.314	24.909	0.637	29.47	0.053
588	3.259	24.474	0.634	29.505	0.052
589	3.289	24.685	0.64	29.703	0.051
590	3.235	24.296	0.627	29.133	0.05
591	3.287	24.674	0.633	29.36	0.052
592	3.237	24.254	0.633	29.343	0.049
593	3.163	23.746	0.617	28.549	0.049
594	3.246	24.377	0.636	29.473	0.051
595	3.25	24.452	0.623	28.918	0.051
596	3.314	24.903	0.64	29.782	0.053
597	3.26	24.47	0.635	29.381	0.052
598	3.266	24.513	0.632	29.222	0.051
599	3.31	24.867	0.636	29.567	0.053
600	3.231	24.281	0.626	28.995	0.05
601	3.294	24.733	0.627	29.145	0.051
602	3.305	24.853	0.632	29.417	0.053
603	3.267	24.551	0.634	29.518	0.051
604	3.298	24.796	0.629	29.218	0.052
605	3.265	24.541	0.624	29.024	0.051
606	3.307	24.851	0.638	29.547	0.053
607	3.215	24.138	0.615	28.775	0.05
608	3.212	24.106	0.627	29.129	0.05
609	3.282	24.621	0.644	29.923	0.053
610	3.239	24.336	0.632	29.252	0.051
611	3.243	24.335	0.625	29.005	0.051
612	3.202	24.04	0.623	29.11	0.049
613	3.211	24.083	0.627	28.929	0.05
614	3.245	24.391	0.619	28.723	0.051
615	3.281	24.624	0.627	29.028	0.05
616	3.309	24.885	0.633	29.424	0.052
617	3.26	24.477	0.636	29.455	0.051
618	3.216	24.165	0.622	28.918	0.05
619	3.275	24.576	0.633	29.264	0.052
620	3.293	24.718	0.626	29.025	0.05
621	3.275	24.572	0.629	29.14	0.051
622	3.193	23.989	0.616	28.692	0.049
623	3.254	24.468	0.625	28.979	0.052
624	3.239	24.292	0.628	28.912	0.05
625	3.265	24.514	0.622	28.823	0.05
626	3.217	24.116	0.618	28.654	0.049
627	3.234	24.257	0.627	29.087	0.051
628	3.22	24.187	0.62	28.754	0.05
629	3.239	24.324	0.633	29.349	0.051
630	3.226	24.218	0.63	29.443	0.051
631	3.22	24.168	0.614	28.519	0.049
632	3.236	24.293	0.623	28.921	0.05
633	3.271	24.574	0.629	29.133	0.051
634	3.332	25.0	0.635	29.403	0.053
635	3.211	24.063	0.618	28.868	0.049
636	3.28	24.645	0.635	29.466	0.051
637	3.164	23.744	0.621	28.854	0.05
638	3.271	24.502	0.637	29.327	0.051
639	3.222	24.155	0.627	29.07	0.051
640	3.297	24.759	0.636	29.437	0.052
641	3.272	24.58	0.633	29.578	0.051
642	3.217	24.131	0.617	28.751	0.05
643	3.222	24.172	0.62	28.806	0.05
644	3.277	24.624	0.636	29.434	0.051
645	3.238	24.291	0.624	29.058	0.05
646	3.259	24.481	0.623	28.988	0.051
647	3.202	24.052	0.608	28.338	0.048
648	3.27	24.536	0.634	29.542	0.052
649	3.238	24.32	0.618	28.839	0.049
650	3.299	24.811	0.63	29.195	0.051
651	3.265	24.524	0.632	29.367	0.051
652	3.269	24.541	0.624	29.014	0.051
653	3.238	24.295	0.628	29.163	0.052
654	3.205	24.029	0.619	28.836	0.049
655	3.241	24.29	0.633	29.58	0.051
656	3.258	24.493	0.628	29.392	0.051
657	3.265	24.5	0.644	30.034	0.052
658	3.229	24.281	0.619	28.704	0.05
659	3.304	24.809	0.633	29.421	0.052
660	3.235	24.237	0.622	28.799	0.05
661	3.274	24.563	0.628	29.33	0.051
662	3.245	24.34	0.62	28.823	0.05
663	3.206	24.077	0.618	28.716	0.049
664	3.202	24.038	0.632	29.362	0.05
665	3.212	24.11	0.618	28.798	0.05
666	3.273	24.575	0.626	29.092	0.05
667	3.219	24.16	0.624	28.799	0.05
668	3.24	24.326	0.626	28.98	0.05
669	3.321	24.933	0.641	29.717	0.053
670	3.241	24.323	0.622	28.893	0.05
671	3.264	24.508	0.63	29.403	0.051
672	3.32	24.921	0.638	29.538	0.051
673	3.282	24.687	0.636	29.536	0.052
674	3.255	24.446	0.634	29.415	0.051
675	3.276	24.603	0.632	29.371	0.052
676	3.277	24.58	0.642	29.629	0.053
677	3.261	24.478	0.646	29.874	0.052
678	3.29	24.683	0.637	29.579	0.053
679	3.266	24.525	0.629	29.317	0.052
680	3.203	24.034	0.615	28.704	0.049
681	3.266	24.541	0.621	28.942	0.051
682	3.351	25.143	0.646	29.965	0.053
683	3.249	24.433	0.622	28.921	0.051
684	3.324	24.962	0.65	30.091	0.053
685	3.251	24.408	0.634	29.296	0.051
686	3.312	24.834	0.65	30.015	0.053
687	3.213	24.127	0.629	29.183	0.051
688	3.309	24.862	0.631	29.295	0.052
689	3.236	24.261	0.627	29.013	0.05
690	3.206	24.072	0.626	29.064	0.049
691	3.228	24.221	0.614	28.478	0.049
692	3.29	24.716	0.639	29.547	0.052
693	3.24	24.322	0.635	29.283	0.051
694	3.254	24.461	0.621	28.952	0.051
695	3.22	24.13	0.627	28.927	0.049
696	3.174	23.832	0.622	28.953	0.049
697	3.334	25.064	0.638	29.575	0.053
698	3.257	24.466	0.628	29.196	0.051
699	3.269	24.555	0.63	29.258	0.051
700	3.256	24.439	0.629	29.198	0.051
701	3.284	24.644	0.625	29.069	0.05
702	3.279	24.628	0.627	29.155	0.052
703	3.243	24.373	0.62	28.809	0.05
704	3.322	24.939	0.64	29.497	0.052
705	3.225	24.203	0.625	29.025	0.05
706	3.177	23.87	0.621	28.849	0.05
707	3.236	24.271	0.626	29.141	0.05
708	3.281	24.653	0.638	29.683	0.052
709	3.249	24.36	0.631	29.257	0.051
710	3.182	23.845	0.617	28.581	0.048
711	3.289	24.703	0.63	29.2	0.051
712	3.249	24.404	0.643	29.818	0.052
713	3.235	24.272	0.62	28.824	0.051
714	3.243	24.344	0.63	29.331	0.051
715	3.256	24.466	0.627	28.973	0.051
716	3.226	24.215	0.637	29.436	0.051
717	3.281	24.639	0.631	29.301	0.052
718	3.29	24.685	0.636	29.503	0.052
719	3.272	24.546	0.628	29.195	0.051
720	3.212	24.144	0.627	28.942	0.05
721	3.243	24.371	0.619	28.87	0.05
722	3.278	24.587	0.631	29.191	0.051
723	3.204	24.042	0.63	29.115	0.05
724	3.281	24.644	0.634	29.346	0.051
725	3.232	24.277	0.62	28.589	0.05
726	3.294	24.745	0.629	29.226	0.052
727	3.245	24.325	0.624	28.866	0.051
728	3.284	24.665	0.633	29.259	0.052
729	3.332	25.021	0.645	29.934	0.053
730	3.214	24.124	0.621	28.796	0.05
731	3.212	24.098	0.618	28.644	0.05
732	3.211	24.1	0.619	28.782	0.049
733	3.243	24.361	0.632	29.14	0.051
734	3.26	24.512	0.638	29.51	0.051
735	3.307	24.84	0.649	30.096	0.053
736	3.318	24.912	0.642	29.768	0.052
737	3.251	24.444	0.62	28.921	0.05
738	3.246	24.397	0.635	29.486	0.051
739	3.278	24.606	0.635	29.46	0.051
740	3.162	23.714	0.6	27.975	0.049
741	3.295	24.744	0.631	29.442	0.051
742	3.202	24.062	0.62	28.987	0.05
743	3.227	24.225	0.619	28.778	0.05
744	3.21	24.079	0.618	28.589	0.05
745	3.276	24.588	0.623	28.97	0.05
746	3.28	24.661	0.636	29.548	0.052
747	3.22	24.188	0.628	29.157	0.05
748	3.25	24.428	0.627	29.13	0.052
749	3.303	24.787	0.647	29.967	0.052
750	3.269	24.542	0.634	29.317	0.05
751	3.256	24.476	0.626	29.118	0.051
752	3.23	24.249	0.619	28.824	0.05
753	3.335	25.071	0.634	29.548	0.053
754	3.249	24.404	0.631	29.403	0.051
755	3.245	24.361	0.627	29.124	0.051
756	3.34	25.113	0.646	29.912	0.054
757	3.237	24.299	0.628	29.082	0.05
758	3.255	24.423	0.629	29.1	0.051
759	3.27	24.525	0.626	29.208	0.051
760	3.231	24.279	0.617	28.726	0.05
761	3.166	23.753	0.61	28.358	0.048
762	3.245	24.369	0.63	29.185	0.05
763	3.277	24.636	0.63	29.194	0.051
764	3.263	24.547	0.632	29.322	0.052
765	3.252	24.417	0.626	29.143	0.052
766	3.25	24.396	0.628	28.981	0.05
767	3.289	24.72	0.634	29.288	0.052
768	3.295	24.731	0.639	29.815	0.052
769	3.241	24.293	0.636	29.257	0.051
770	3.225	24.225	0.62	28.85	0.051
771	3.291	24.691	0.635	29.413	0.052
772	3.307	24.846	0.642	29.822	0.052
773	3.337	25.084	0.652	30.032	0.054
774	3.231	24.277	0.633	29.262	0.051
775	3.265	24.54	0.635	29.376	0.052
776	3.279	24.674	0.633	29.452	0.052
777	3.21	24.056	0.622	28.787	0.049
778	3.228	24.214	0.625	29.114	0.051
779	3.243	24.341	0.62	28.661	0.051
780	3.319	24.927	0.635	29.614	0.053
781	3.294	24.722	0.627	29.152	0.051
782	3.321	24.988	0.634	29.49	0.054
783	3.256	24.447	0.629	29.109	0.051
784	3.2	24.002	0.627	29.205	0.051
785	3.305	24.85	0.637	29.589	0.052
786	3.321	24.964	0.645	29.91	0.053
787	3.243	24.387	0.636	29.541	0.052
788	3.253	24.401	0.63	29.168	0.051
789	3.292	24.702	0.628	29.002	0.051
790	3.304	24.808	0.637	29.436	0.052
791	3.266	24.526	0.639	29.66	0.052
792	3.199	23.991	0.609	28.421	0.05
793	3.267	24.542	0.631	29.208	0.051
794	3.221	24.183	0.629	29.134	0.05
795	3.322	24.941	0.639	29.676	0.053
796	3.325	24.984	0.642	29.882	0.052
797	3.235	24.316	0.63	29.338	0.051
798	3.264	24.51	0.624	29.168	0.051
799	3.207	24.085	0.617	28.899	0.049
800	3.194	24.029	0.621	28.803	0.05
801	3.209	24.098	0.632	29.29	0.05
802	3.22	24.142	0.629	29.212	0.05
803	3.194	23.971	0.611	28.298	0.049
804	3.219	24.156	0.621	28.833	0.05
805	3.323	24.93	0.641	29.714	0.052
806	3.268	24.553	0.626	29.149	0.051
807	3.281	24.637	0.632	29.269	0.051
808	3.27	24.539	0.63	29.244	0.051
809	3.275	24.61	0.634	29.292	0.052
810	3.25	24.409	0.632	29.24	0.05
811	3.183	23.874	0.616	28.628	0.049
812	3.194	23.968	0.616	28.615	0.049
813	3.185	23.886	0.617	28.55	0.05
814	3.256	24.467	0.631	29.203	0.052
815	3.331	25.004	0.64	29.678	0.052
816	3.272	24.592	0.623	29.1	0.051
817	3.201	24.014	0.62	28.803	0.049
818	3.301	24.808	0.64	29.787	0.052
819	3.278	24.656	0.627	29.047	0.052
820	3.263	24.521	0.627	29.107	0.051
821	3.191	23.952	0.628	29.063	0.049
822	3.171	23.818	0.611	28.432	0.048
823	3.228	24.276	0.621	28.789	0.05
824	3.17	23.794	0.611	28.214	0.049
825	3.279	24.638	0.642	29.771	0.052
826	3.267	24.554	0.626	29.049	0.051
827	3.266	24.55	0.622	28.99	0.05
828	3.206	24.059	0.622	28.888	0.05
829	3.31	24.844	0.631	29.58	0.051
830	3.252	24.385	0.638	29.542	0.051
831	3.224	24.176	0.636	29.449	0.051
832	3.198	24.02	0.624	28.899	0.05
833	3.269	24.544	0.625	29.063	0.051
834	3.228	24.212	0.617	28.883	0.049
835	3.287	24.694	0.638	29.513	0.053
836	3.24	24.321	0.614	28.589	0.051
837	3.267	24.541	0.634	29.478	0.051
838	3.22	24.203	0.628	29.16	0.051
839	3.257	24.449	0.627	29.058	0.051
840	3.288	24.706	0.647	29.868	0.053
841	3.378	25.374	0.638	29.653	0.054
842	3.24	24.304	0.632	29.175	0.05
843	3.226	24.23	0.62	28.795	0.05
844	3.25	24.435	0.629	29.282	0.05
845	3.338	25.062	0.641	30.001	0.053
846	3.255	24.433	0.627	28.874	0.052
847	3.246	24.379	0.623	29.072	0.05
848	3.273	24.583	0.629	29.067	0.051
849	3.277	24.637	0.63	29.341	0.052
850	3.264	24.5	0.633	29.348	0.051
851	3.28	24.622	0.623	29.077	0.051
852	3.191	23.931	0.618	28.681	0.048
853	3.25	24.4	0.636	29.491	0.052
854	3.207	24.066	0.618	28.731	0.049
855	3.257	24.465	0.621	29.058	0.051
856	3.22	24.153	0.624	29.007	0.05
857	3.253	24.403	0.629	29.225	0.051
858	3.327	24.994	0.647	29.923	0.053
859	3.278	24.61	0.634	29.374	0.051
860	3.297	24.755	0.641	29.741	0.052
861	3.244	24.354	0.62	28.881	0.051
862	3.208	24.11	0.619	28.701	0.05
863	3.276	24.675	0.627	29.099	0.053
864	3.184	23.926	0.625	29.102	0.05
865	3.253	24.376	0.622	28.874	0.05
866	3.212	24.086	0.627	29.096	0.05
867	3.261	24.456	0.624	28.901	0.051
868	3.277	24.615	0.64	29.616	0.052
869	3.238	24.315	0.626	29.154	0.05
870	3.292	24.743	0.632	29.411	0.052
871	3.286	24.667	0.628	29.133	0.051
872	3.226	24.212	0.625	29.114	0.05
873	3.355	25.245	0.65	30.024	0.054
874	3.203	24.05	0.628	28.977	0.05
875	3.307	24.847	0.637	29.621	0.052
876	3.214	24.124	0.628	29.101	0.05
877	3.303	24.843	0.632	29.323	0.052
878	3.257	24.437	0.627	29.315	0.05
879	3.233	24.238	0.637	29.431	0.05
880	3.195	23.97	0.625	29.121	0.05
881	3.197	23.95	0.623	28.897	0.049
882	3.183	23.883	0.617	28.602	0.049
883	3.268	24.584	0.641	29.808	0.052
884	3.268	24.544	0.638	29.461	0.051
885	3.206	24.039	0.622	28.746	0.05
886	3.309	24.831	0.637	29.533	0.052
887	3.245	24.362	0.641	29.73	0.051
888	3.353	25.176	0.635	29.514	0.053
889	3.323	24.954	0.64	29.586	0.053
890	3.194	23.975	0.623	28.966	0.049
891	3.361	25.297	0.642	29.847	0.053
892	3.317	24.935	0.63	29.401	0.052
893	3.329	25.036	0.643	29.776	0.053
894	3.257	24.453	0.626	28.938	0.051
895	3.303	24.813	0.643	29.762	0.052
896	3.28	24.657	0.637	29.464	0.052
897	3.276	24.602	0.625	29.006	0.052
898	3.215	24.111	0.627	29.007	0.049
899	3.295	24.765	0.645	29.98	0.053
900	3.258	24.47	0.625	29.001	0.051
901	3.294	24.736	0.635	29.461	0.052
902	3.234	24.251	0.62	28.916	0.051
903	3.249	24.407	0.629	29.323	0.051
904	3.251	24.386	0.622	28.908	0.049
905	3.226	24.242	0.623	29.021	0.05
906	3.322	24.969	0.634	29.28	0.052
907	3.233	24.285	0.643	29.547	0.051
908	3.268	24.514	0.637	29.591	0.051
909	3.289	24.699	0.642	29.744	0.053
910	3.119	23.396	0.599	28.134	0.047
911	3.26	24.465	0.633	29.307	0.052
912	3.288	24.692	0.634	29.44	0.052
913	3.179	23.852	0.618	28.721	0.049
914	3.244	24.384	0.638	29.416	0.051
915	3.283	24.664	0.634	29.551	0.052
916	3.241	24.348	0.628	29.15	0.052
917	3.275	24.61	0.648	30.002	0.052
918	3.194	23.997	0.618	28.75	0.05
919	3.247	24.435	0.631	29.286	0.052
920	3.161	23.715	0.616	28.767	0.049
921	3.25	24.41	0.639	29.666	0.051
922	3.262	24.476	0.625	28.906	0.051
923	3.261	24.478	0.624	28.948	0.051
924	3.2	24.027	0.615	28.618	0.049
925	3.342	25.093	0.632	29.259	0.053
926	3.262	24.523	0.627	28.876	0.051
927	3.272	24.591	0.63	29.508	0.051
928	3.294	24.775	0.629	29.069	0.052
929	3.307	24.84	0.644	29.823	0.052
930	3.304	24.822	0.64	29.691	0.053
931	3.203	24.019	0.62	28.928	0.049
932	3.235	24.294	0.618	28.615	0.05
933	3.236	24.316	0.625	29.187	0.051
934	3.278	24.565	0.633	29.287	0.052
935	3.274	24.606	0.632	29.439	0.052
936	3.298	24.744	0.636	29.504	0.052
937	3.311	24.885	0.638	29.563	0.052
938	3.212	24.111	0.615	28.543	0.049
939	3.276	24.58	0.62	28.83	0.05
940	3.193	23.991	0.617	28.648	0.05
941	3.244	24.343	0.638	29.62	0.051
942	3.193	23.99	0.621	28.749	0.05
943	3.212	24.13	0.614	28.455	0.05
944	3.276	24.656	0.635	29.745	0.052
945	3.281	24.624	0.631	29.181	0.051
946	3.24	24.354	0.628	29.097	0.049
947	3.305	24.826	0.639	29.699	0.052
948	3.301	24.795	0.626	28.947	0.052
949	3.235	24.289	0.619	28.85	0.051
950	3.205	24.057	0.611	28.492	0.049
951	3.303	24.743	0.641	29.752	0.052
952	3.255	24.459	0.627	29.145	0.052
953	3.315	24.881	0.642	29.87	0.053
954	3.28	24.622	0.633	29.407	0.052
955	3.205	24.074	0.629	29.136	0.051
956	3.243	24.332	0.634	29.499	0.052
957	3.247	24.383	0.624	29.037	0.051
958	3.238	24.33	0.626	29.159	0.052
959	3.202	24.024	0.622	28.785	0.05
960	3.258	24.457	0.625	29.034	0.052
961	3.174	23.8	0.621	28.708	0.049
962	3.276	24.597	0.637	29.562	0.052
963	3.3	24.793	0.641	29.792	0.052
964	3.252	24.445	0.645	29.63	0.051
965	3.233	24.278	0.611	28.48	0.05
966	3.156	23.657	0.623	28.934	0.049
967	3.266	24.529	0.629	29.178	0.051
968	3.162	23.727	0.608	28.429	0.048
969	3.235	24.28	0.63	29.299	0.05
970	3.226	24.201	0.632	29.405	0.05
971	3.216	24.129	0.628	29.025	0.05
972	3.274	24.608	0.632	29.358	0.051
973	3.17	23.795	0.61	28.308	0.049
974	3.278	24.64	0.635	29.391	0.052
975	3.18	23.922	0.613	28.477	0.049
976	3.281	24.627	0.636	29.536	0.052
977	3.336	25.087	0.639	29.658	0.053
978	3.258	24.47	0.622	28.842	0.051
979	3.245	24.386	0.623	28.927	0.05
980	3.263	24.519	0.631	29.283	0.051
981	3.304	24.816	0.63	29.361	0.052
982	3.247	24.38	0.634	29.335	0.052
983	3.321	24.936	0.645	29.782	0.053
984	3.245	24.369	0.63	29.094	0.05
985	3.266	24.528	0.633	29.324	0.052
986	3.247	24.399	0.621	28.905	0.05
987	3.233	24.31	0.63	29.311	0.051
988	3.333	25.043	0.639	29.766	0.053
989	3.225	24.188	0.626	29.109	0.049
990	3.22	24.194	0.632	29.252	0.051
991	3.292	24.686	0.637	29.724	0.051
992	3.277	24.627	0.635	29.506	0.052
993	3.306	24.853	0.636	29.346	0.052
994	3.225	24.205	0.628	29.159	0.05
995	3.297	24.772	0.63	29.326	0.052
996	3.225	24.198	0.619	28.714	0.05
997	3.242	24.322	0.628	29.179	0.05
998	3.264	24.488	0.631	29.312	0.052
999	3.292	24.69	0.635	29.36	0.052
1000	3.236	24.32	0.625	29.002	0.051
