MutationType	Signature A	Signature B	Signature C	Signature D	Signature E	Signature F	Signature G	Signature H
A[C>A]A	1.94E-03	6.35E-07	3.17E-03	5.28E-07	1.28E-07	6.63E-06	1.98E-03	4.37E-07
A[C>A]C	2.37E-07	1.02E-06	2.75E-07	2.31E-03	8.83E-04	1.72E-07	2.60E-03	7.29E-07
A[C>A]G	3.96E-04	2.88E-07	1.34E-07	1.56E-06	2.95E-07	2.16E-04	3.17E-08	5.68E-07
A[C>A]T	1.79E-07	4.61E-07	6.16E-07	2.30E-04	9.63E-07	1.65E-03	5.93E-04	1.39E-06
A[C>G]A	1.70E-03	3.88E-03	5.99E-03	4.50E-03	6.46E-03	4.10E-03	2.49E-03	4.49E-03
A[C>G]C	4.85E-07	4.53E-03	6.03E-07	3.61E-03	6.60E-03	1.72E-03	1.84E-03	3.27E-06
A[C>G]G	6.55E-08	5.57E-08	1.18E-07	1.05E-07	5.57E-08	1.91E-07	4.14E-08	1.74E-07
A[C>G]T	2.85E-06	8.87E-04	2.98E-07	9.76E-06	4.00E-07	3.47E-04	2.19E-03	2.16E-03
A[C>T]A	5.63E-03	1.59E-02	1.08E-02	1.51E-02	6.75E-03	1.43E-02	8.27E-03	2.19E-02
A[C>T]C	8.04E-03	1.69E-02	9.37E-03	1.32E-02	7.23E-03	2.98E-02	8.97E-03	8.10E-03
A[C>T]G	6.04E-03	2.14E-03	1.93E-02	1.31E-02	4.82E-03	2.93E-03	8.74E-03	2.28E-02
A[C>T]T	3.95E-03	3.23E-03	6.51E-03	1.34E-02	7.85E-03	2.59E-02	4.14E-03	8.87E-03
A[T>A]A	1.12E-03	1.85E-07	1.08E-06	4.67E-03	1.68E-07	1.16E-03	5.17E-03	9.18E-04
A[T>A]C	1.42E-122	6.11E-03	2.86E-04	3.70E-03	8.05E-03	7.77E-03	2.06E-03	6.87E-03
A[T>A]G	1.77E-03	2.91E-03	9.00E-08	2.51E-03	3.48E-03	4.65E-07	1.77E-03	7.65E-07
A[T>A]T	6.89E-04	6.15E-07	2.86E-03	2.93E-06	1.71E-07	6.03E-03	2.69E-03	8.60E-04
A[T>C]A	7.94E-03	3.15E-03	9.82E-03	5.83E-03	8.63E-03	1.92E-02	1.02E-02	2.01E-02
A[T>C]C	2.44E-03	5.97E-03	7.31E-03	6.03E-03	3.03E-03	1.55E-02	8.26E-03	8.27E-03
A[T>C]G	6.67E-03	1.46E-02	1.06E-02	1.38E-02	1.19E-02	1.55E-02	1.18E-02	1.40E-02
A[T>C]T	1.13E-02	8.37E-03	1.59E-02	5.54E-03	1.28E-02	1.38E-02	6.15E-03	3.15E-02
A[T>G]A	1.49E-03	1.07E-02	1.17E-03	8.14E-03	9.96E-03	5.30E-03	3.85E-03	4.46E-03
A[T>G]C	2.35E-03	1.63E-07	2.71E-07	2.39E-03	9.89E-08	6.21E-07	4.02E-03	1.58E-03
A[T>G]G	3.23E-07	8.16E-04	2.39E-04	4.28E-04	2.37E-07	1.14E-03	1.92E-04	3.02E-07
A[T>G]T	2.79E-03	1.91E-03	7.66E-04	1.19E-07	6.58E-04	4.94E-03	1.36E-03	1.18E-02
C[C>A]A	2.79E-07	1.49E-06	6.93E-03	5.59E-08	3.56E-07	3.07E-03	2.51E-04	5.65E-03
C[C>A]C	1.01E-07	1.16E-03	8.08E-04	5.79E-04	1.01E-03	3.17E-04	9.12E-08	4.24E-07
C[C>A]G	1.02E-07	7.44E-04	1.25E-03	2.85E-04	3.60E-07	4.61E-04	4.78E-04	6.35E-04
C[C>A]T	1.57E-07	9.14E-07	1.40E-03	6.94E-07	1.82E-04	2.49E-03	2.99E-03	2.12E-03
C[C>G]A	2.49E-03	1.02E-02	3.94E-07	3.63E-03	5.57E-03	8.57E-03	3.01E-17	4.09E-03
C[C>G]C	7.96E-08	1.27E-06	2.05E-03	7.43E-07	1.59E-07	3.43E-07	8.06E-08	3.75E-07
C[C>G]G	6.55E-08	5.57E-08	1.18E-07	1.05E-07	5.57E-08	1.91E-07	4.14E-08	1.74E-07
C[C>G]T	6.55E-08	5.57E-08	1.18E-07	1.05E-07	5.57E-08	1.91E-07	4.14E-08	1.74E-07
C[C>T]A	5.78E-04	2.95E-03	1.20E-06	1.90E-03	2.29E-03	2.61E-03	9.24E-04	1.03E-03
C[C>T]C	3.91E-03	8.35E-03	6.96E-06	4.86E-03	4.26E-03	2.69E-03	7.71E-04	9.17E-03
C[C>T]G	5.05E-03	6.07E-03	7.06E-03	1.22E-02	7.34E-03	1.76E-02	1.97E-150	5.87E-03
C[C>T]T	2.59E-03	9.04E-03	4.99E-03	1.06E-02	3.11E-03	1.35E-02	1.38E-03	8.56E-03
C[T>A]A	1.18E-03	2.94E-03	6.22E-07	1.52E-76	1.34E-03	1.12E-03	1.02E-03	1.67E-03
C[T>A]C	2.00E-03	1.49E-02	6.11E-03	1.29E-02	5.88E-03	1.52E-02	2.30E-03	1.08E-02
C[T>A]G	7.13E-04	1.59E-05	3.49E-07	8.33E-03	3.27E-03	1.58E-06	7.32E-03	2.25E-06
C[T>A]T	1.49E-07	4.71E-04	2.87E-07	4.57E-04	8.52E-07	8.45E-04	7.08E-04	9.18E-07
C[T>C]A	3.63E-03	6.90E-03	9.08E-03	3.72E-03	4.11E-03	9.75E-03	3.89E-03	1.32E-09
C[T>C]C	1.41E-03	1.25E-03	3.34E-07	3.98E-03	2.48E-03	9.38E-07	2.61E-03	1.38E-02
C[T>C]G	2.24E-04	5.41E-07	5.92E-04	1.38E-03	1.25E-06	3.50E-03	2.17E-03	1.40E-03
C[T>C]T	1.67E-06	9.57E-03	1.49E-03	1.00E-02	1.26E-03	1.77E-03	2.64E-03	9.16E-03
C[T>G]A	4.65E-04	2.06E-03	9.17E-04	1.79E-03	4.11E-07	6.96E-04	3.90E-03	1.10E-02
C[T>G]C	1.04E-04	2.47E-03	3.20E-03	2.54E-03	2.11E-03	2.55E-03	3.01E-03	2.34E-03
C[T>G]G	7.60E-08	9.93E-03	4.24E-07	5.28E-06	6.11E-03	1.31E-02	4.12E-03	1.48E-03
C[T>G]T	2.73E-06	2.93E-04	4.66E-04	5.09E-07	3.49E-07	4.41E-07	2.51E-03	1.23E-03
G[C>A]A	4.99E-08	1.19E-07	2.61E-07	1.12E-07	9.30E-08	5.84E-07	4.36E-04	2.64E-07
G[C>A]C	3.28E-06	9.64E-08	3.83E-03	4.15E-05	2.39E-07	2.45E-03	0.00E+00	5.16E-07
G[C>A]G	1.36E-08	5.40E-03	4.41E-07	3.03E-03	5.62E-03	6.70E-04	5.91E-07	8.39E-07
G[C>A]T	5.05E-03	1.04E-02	8.12E-03	3.56E-03	5.30E-03	1.32E-02	2.53E-03	8.68E-03
G[C>G]A	3.16E-07	5.23E-05	2.23E-04	2.48E-04	2.18E-07	1.89E-03	6.14E-04	7.37E-07
G[C>G]C	1.77E-03	5.46E-03	2.48E-04	1.96E-04	5.82E-03	8.14E-03	7.19E-06	8.22E-03
G[C>G]G	3.60E-07	1.81E-04	2.63E-07	9.07E-08	9.35E-04	4.61E-07	5.41E-04	1.36E-07
G[C>G]T	1.15E-03	9.09E-03	3.92E-07	4.39E-03	6.21E-03	4.58E-06	1.44E-03	2.82E-03
G[C>T]A	2.52E-03	4.11E-03	3.65E-03	5.07E-03	6.05E-03	4.92E-03	6.06E-03	6.89E-03
G[C>T]C	2.07E-04	2.06E-07	1.01E-02	4.55E-07	4.64E-04	8.85E-03	1.92E-03	2.31E-03
G[C>T]G	6.56E-09	7.57E-08	6.54E-03	6.70E-04	5.56E-07	1.91E-03	5.12E-03	1.12E-06
G[C>T]T	3.09E-03	6.81E-03	5.35E-03	5.54E-03	6.70E-03	1.05E-02	3.03E-03	1.11E-03
G[T>A]A	1.34E-07	2.84E-07	3.68E-07	1.88E-07	3.04E-04	6.33E-04	4.08E-04	3.46E-07
G[T>A]C	9.06E-04	2.21E-07	2.61E-07	1.51E-07	9.52E-08	4.45E-07	2.53E-04	9.66E-07
G[T>A]G	1.27E-03	3.16E-03	5.64E-07	1.04E-03	8.25E-04	5.75E-03	1.11E-03	2.87E-03
G[T>A]T	4.68E-08	8.02E-03	3.31E-07	3.27E-03	4.89E-03	2.21E-06	6.69E-04	4.53E-07
G[T>C]A	3.74E-03	2.13E-02	3.00E-03	1.24E-02	2.42E-03	7.96E-03	1.42E-03	1.19E-02
G[T>C]C	1.77E-03	1.89E-07	1.11E-07	7.79E-08	1.40E-07	1.11E-05	2.44E-03	7.55E-07
G[T>C]G	3.07E-03	2.46E-05	7.74E-04	3.12E-07	1.35E-06	2.78E-03	5.67E-03	1.72E-02
G[T>C]T	3.18E-03	7.52E-03	8.03E-03	1.26E-02	1.11E-02	1.39E-02	5.58E-03	2.05E-02
G[T>G]A	1.06E-03	4.19E-07	2.73E-07	5.42E-04	3.73E-07	7.06E-07	1.79E-03	7.62E-07
G[T>G]C	1.02E-07	3.86E-07	2.31E-07	1.03E-07	2.23E-07	2.95E-07	1.89E-03	3.13E-07
G[T>G]G	5.86E-04	5.33E-07	3.77E-04	8.59E-04	3.73E-07	5.75E-04	1.93E-03	2.43E-03
G[T>G]T	5.52E-06	3.18E-04	2.49E-07	6.89E-04	3.95E-04	2.18E-03	6.71E-04	8.11E-04
T[C>A]A	5.32E-07	6.45E-03	4.35E-07	9.13E-07	8.19E-03	1.62E-03	2.07E-03	4.15E-06
T[C>A]C	3.32E-03	7.39E-03	8.38E-07	6.96E-03	7.17E-03	9.39E-05	3.82E-03	9.56E-03
T[C>A]G	6.55E-08	5.57E-08	1.18E-07	1.05E-07	5.57E-08	1.91E-07	4.14E-08	1.74E-07
T[C>A]T	1.14E-03	2.18E-07	1.28E-07	2.52E-06	7.50E-07	9.00E-07	0.00E+00	1.82E-06
T[C>G]A	1.74E-07	6.43E-04	6.50E-04	1.09E-03	1.53E-07	5.92E-03	2.31E-03	9.15E-04
T[C>G]C	3.05E-03	6.13E-07	2.82E-05	4.46E-03	9.27E-07	8.23E-03	1.74E-03	2.79E-07
T[C>G]G	6.55E-08	5.57E-08	1.18E-07	1.05E-07	5.57E-08	1.91E-07	4.14E-08	1.74E-07
T[C>G]T	2.99E-07	2.43E-07	9.94E-08	2.44E-07	1.41E-07	1.42E-07	8.78E-04	1.13E-07
T[C>T]A	7.42E-03	1.89E-02	7.19E-03	8.31E-03	9.98E-03	1.22E-02	6.27E-03	2.66E-02
T[C>T]C	4.91E-03	1.67E-02	2.24E-03	7.70E-03	4.68E-03	2.36E-02	8.32E-03	1.88E-02
T[C>T]G	1.41E-07	3.17E-07	2.23E-07	2.58E-07	2.23E-07	2.22E-07	3.82E-03	3.96E-07
T[C>T]T	3.18E-03	4.13E-04	1.28E-06	6.06E-03	3.98E-04	4.53E-03	4.05E-03	1.79E-02
T[T>A]A	1.21E-03	3.69E-04	3.57E-07	2.88E-07	2.10E-04	6.02E-04	1.24E-03	6.49E-07
T[T>A]C	1.39E-03	7.87E-07	1.91E-07	2.22E-07	1.01E-06	1.05E-06	7.55E-04	6.90E-07
T[T>A]G	1.17E-07	1.85E-04	1.90E-06	5.98E-07	1.64E-06	5.27E-07	1.43E-03	1.85E-03
T[T>A]T	1.70E-07	3.41E-04	2.30E-07	2.06E-03	1.03E-03	1.33E-03	6.62E-04	6.39E-07
T[T>C]A	5.59E-03	4.70E-03	8.83E-07	9.71E-03	7.92E-03	1.24E-02	6.07E-03	2.21E-02
T[T>C]C	4.03E-03	3.19E-04	1.25E-03	3.88E-03	1.24E-02	5.33E-03	3.44E-03	1.38E-03
T[T>C]G	1.97E-03	8.43E-03	2.28E-07	2.00E-03	7.74E-03	1.10E-02	4.68E-03	8.84E-03
T[T>C]T	0.00E+00	1.95E-02	1.43E-02	1.67E-02	7.74E-03	4.59E-02	4.27E-03	2.02E-02
T[T>G]A	1.30E-04	1.60E-07	2.70E-03	1.18E-03	3.09E-07	4.72E-03	2.04E-04	1.95E-06
T[T>G]C	5.31E-04	2.27E-25	2.36E-03	6.37E-04	5.93E-95	1.67E-03	9.43E-04	2.16E-04
T[T>G]G	4.24E-07	1.68E-04	1.28E-07	2.49E-07	3.03E-07	2.67E-04	4.43E-04	1.17E-06
T[T>G]T	8.56E-04	2.26E-07	3.34E-07	1.42E-06	1.78E-04	1.83E-03	1.88E-03	1.33E-06
