MutationType	Signature A	Signature B	Signature C	Signature D	Signature E	Signature F	Signature G	Signature H	Signature I	Signature J
A[C>A]A	9.19E-04	6.64E-08	3.91E-03	5.71E-08	7.86E-03	2.04E-03	8.66E-08	6.99E-08	1.32E-03	4.19E-03
A[C>A]C	4.48E-03	6.01E-04	3.34E-07	1.05E-03	1.25E-03	1.13E-02	7.70E-06	5.87E-06	1.62E-06	2.01E-07
A[C>A]G	1.48E-06	2.35E-07	1.30E-06	2.75E-04	5.42E-07	1.26E-08	1.60E-07	2.51E-07	2.36E-04	4.42E-04
A[C>A]T	6.00E-07	2.53E-07	4.24E-07	4.07E-07	1.92E-03	1.23E-03	8.19E-04	1.73E-07	5.68E-04	2.37E-07
A[C>G]A	1.44E-02	6.61E-03	7.66E-03	8.09E-03	2.50E-03	4.02E-03	8.09E-03	6.18E-03	2.58E-03	2.41E-03
A[C>G]C	9.56E-04	5.06E-03	1.00E-06	6.74E-03	1.19E-06	1.76E-03	1.95E-03	2.09E-05	2.84E-03	1.73E-04
A[C>G]G	1.20E-07	4.98E-08	6.62E-08	1.31E-07	1.04E-07	1.26E-08	1.96E-07	9.15E-08	6.92E-08	9.28E-08
A[C>G]T	5.10E-04	2.20E-07	3.06E-07	2.45E-07	2.00E-03	1.37E-03	2.56E-03	2.33E-06	2.41E-06	3.68E-06
A[C>T]A	1.50E-02	1.42E-02	1.19E-02	1.02E-02	2.04E-02	1.37E-02	1.35E-02	2.31E-02	7.78E-03	8.76E-03
A[C>T]C	2.00E-02	1.33E-02	3.30E-03	2.70E-02	2.03E-02	3.64E-03	1.53E-02	2.32E-02	1.95E-02	9.72E-03
A[C>T]G	1.37E-02	9.12E-34	1.46E-02	3.42E-03	1.34E-02	6.34E-03	1.89E-02	4.79E-03	1.76E-02	5.34E-03
A[C>T]T	2.93E-02	8.00E-03	5.67E-03	8.82E-03	1.58E-02	9.10E-03	1.32E-02	6.05E-03	1.85E-02	3.53E-03
A[T>A]A	1.15E-02	1.51E-06	4.97E-07	1.94E-06	1.29E-03	4.13E-03	1.49E-03	1.82E-03	2.98E-07	3.38E-03
A[T>A]C	5.85E-15	4.59E-03	1.50E-03	8.74E-03	9.52E-03	4.53E-04	2.32E-03	3.95E-03	5.12E-03	0.00E+00
A[T>A]G	5.00E-34	2.37E-03	4.87E-07	4.12E-07	2.81E-03	2.41E-03	1.25E-03	3.99E-03	3.38E-03	2.60E-03
A[T>A]T	6.87E-03	9.01E-08	2.58E-03	1.36E-06	7.11E-07	4.10E-03	7.20E-04	4.30E-07	9.63E-07	7.76E-04
A[T>C]A	1.07E-02	5.74E-03	1.81E-02	1.16E-02	2.46E-02	1.47E-02	4.39E-02	2.77E-03	1.77E-02	1.12E-02
A[T>C]C	2.36E-02	4.26E-03	8.06E-03	3.89E-03	1.79E-02	7.19E-03	1.38E-02	8.97E-03	6.44E-03	5.02E-03
A[T>C]G	2.82E-02	1.82E-05	3.99E-02	1.25E-02	1.06E-02	8.79E-03	1.66E-02	1.62E-02	1.74E-02	5.87E-03
A[T>C]T	1.54E-02	1.11E-02	1.16E-02	1.99E-02	1.52E-02	8.31E-03	1.26E-02	1.28E-02	2.34E-02	1.90E-02
A[T>G]A	6.42E-03	1.11E-02	0.00E+00	1.40E-02	8.81E-03	4.59E-03	1.26E-02	7.70E-03	5.05E-03	7.26E-05
A[T>G]C	1.56E-05	6.59E-07	5.07E-07	6.34E-07	3.97E-03	2.93E-03	8.17E-07	1.17E-07	3.87E-03	3.35E-03
A[T>G]G	1.34E-03	5.52E-07	2.93E-04	3.65E-07	5.23E-04	2.02E-04	2.96E-06	9.78E-04	4.97E-04	2.08E-07
A[T>G]T	1.02E-02	2.29E-07	1.01E-03	1.07E-03	6.89E-07	1.22E-03	5.46E-07	2.47E-03	1.42E-07	2.82E-03
C[C>A]A	3.31E-03	3.94E-20	7.98E-03	8.76E-07	5.88E-03	1.37E-04	9.24E-04	6.62E-04	3.58E-03	5.44E-07
C[C>A]C	6.29E-04	2.81E-07	8.59E-04	3.48E-07	1.14E-06	6.14E-08	7.52E-04	1.98E-03	4.53E-07	1.20E-07
C[C>A]G	6.77E-04	1.32E-07	1.42E-03	2.87E-07	1.35E-06	5.81E-04	9.06E-07	1.61E-03	3.26E-04	1.21E-07
C[C>A]T	3.39E-07	5.43E-07	3.87E-07	1.80E-06	3.83E-03	4.10E-03	2.86E-03	5.59E-07	2.78E-04	1.82E-07
C[C>G]A	1.04E-02	4.41E-03	4.05E-07	1.03E-02	1.06E-02	1.02E-134	1.25E-02	1.30E-02	1.22E-58	4.00E-03
C[C>G]C	2.23E-07	4.92E-07	2.59E-03	8.20E-07	2.88E-07	3.74E-08	5.40E-07	4.85E-07	1.53E-07	8.35E-08
C[C>G]G	1.20E-07	4.98E-08	6.62E-08	1.31E-07	1.04E-07	1.26E-08	1.96E-07	9.15E-08	6.92E-08	9.28E-08
C[C>G]T	1.20E-07	4.98E-08	6.62E-08	1.31E-07	1.04E-07	1.26E-08	1.96E-07	9.15E-08	6.92E-08	9.28E-08
C[C>T]A	2.37E-03	1.91E-07	2.90E-07	2.16E-03	7.58E-07	2.17E-03	1.12E-06	3.66E-03	4.38E-05	1.01E-03
C[C>T]C	2.91E-03	3.29E-03	4.50E-05	5.38E-03	2.02E-03	8.16E-04	4.71E-03	5.87E-03	4.80E-03	1.65E-03
C[C>T]G	1.48E-02	1.30E-02	4.83E-03	1.18E-02	1.00E-02	2.40E-113	1.45E-02	7.57E-03	1.03E-02	7.40E-03
C[C>T]T	8.62E-03	8.11E-03	3.89E-03	8.68E-03	1.86E-02	4.72E-04	9.17E-03	9.86E-03	1.15E-02	2.06E-03
C[T>A]A	1.53E-03	5.53E-137	1.42E-07	1.20E-03	4.29E-07	1.46E-03	2.33E-06	3.07E-03	9.61E-08	7.15E-04
C[T>A]C	7.69E-03	7.62E-03	4.86E-03	1.36E-02	1.74E-02	2.66E-03	1.89E-02	5.17E-03	5.74E-03	8.90E-04
C[T>A]G	5.69E-07	3.67E-03	4.12E-07	1.10E-02	1.99E-07	6.83E-03	3.75E-07	1.25E-03	4.79E-03	9.53E-04
C[T>A]T	1.15E-03	3.41E-04	4.21E-07	7.60E-07	1.23E-04	6.84E-04	8.96E-07	9.22E-04	4.91E-04	7.79E-08
C[T>C]A	1.15E-02	4.97E-03	8.61E-03	4.73E-03	1.54E-02	3.70E-03	1.33E-03	1.61E-02	4.37E-03	6.13E-03
C[T>C]C	5.49E-07	8.71E-04	4.29E-07	3.99E-03	5.16E-03	4.26E-03	4.48E-03	1.98E-03	7.49E-70	2.70E-03
C[T>C]G	1.90E-03	2.67E-07	6.89E-04	1.15E-07	5.08E-03	2.60E-03	4.20E-03	6.26E-07	1.53E-03	4.15E-07
C[T>C]T	3.11E-06	3.98E-03	2.26E-07	3.96E-03	5.28E-03	1.46E-03	1.66E-02	5.61E-03	8.51E-03	3.95E-23
C[T>G]A	1.09E-03	8.31E-07	1.20E-06	3.81E-03	5.34E-03	3.43E-03	2.54E-03	3.55E-03	1.99E-03	7.22E-04
C[T>G]C	2.64E-03	4.81E-05	2.74E-03	1.27E-03	4.94E-07	4.04E-03	7.42E-04	2.99E-03	2.55E-03	1.62E-07
C[T>G]G	4.12E-03	6.76E-03	1.65E-07	7.81E-03	8.24E-07	2.32E-03	1.54E-02	5.47E-03	1.51E-03	6.21E-08
C[T>G]T	1.39E-06	2.08E-07	1.81E-07	1.14E-06	2.14E-03	3.71E-03	1.28E-03	4.27E-04	3.97E-04	6.83E-07
G[C>A]A	3.94E-07	9.88E-08	2.54E-07	1.90E-07	1.14E-06	6.97E-04	1.58E-03	3.45E-07	1.77E-07	6.54E-08
G[C>A]C	2.41E-03	4.11E-07	6.43E-03	2.97E-07	1.63E-03	0.00E+00	2.95E-07	2.67E-07	5.95E-03	3.15E-07
G[C>A]G	3.31E-07	5.11E-03	1.80E-07	9.69E-03	1.84E-06	5.86E-07	1.81E-03	8.84E-03	3.48E-03	0.00E+00
G[C>A]T	1.41E-02	6.56E-03	5.48E-03	7.49E-03	8.94E-03	2.22E-03	9.98E-03	1.02E-02	4.31E-03	3.51E-03
G[C>G]A	1.97E-03	1.41E-07	3.61E-07	1.46E-05	4.27E-07	1.23E-03	4.16E-07	2.26E-05	3.21E-04	1.42E-04
G[C>G]C	9.59E-03	6.21E-03	8.90E-07	4.74E-03	5.98E-03	3.92E-04	1.14E-02	2.98E-03	8.08E-04	2.44E-03
G[C>G]G	1.18E-03	3.33E-04	1.20E-07	3.14E-04	5.85E-07	8.67E-04	3.92E-04	1.63E-07	4.84E-08	1.46E-07
G[C>G]T	3.39E-07	4.57E-03	1.55E-07	6.41E-03	1.06E-02	8.56E-04	2.04E-03	5.13E-03	8.77E-03	1.12E-03
G[C>T]A	4.86E-03	5.61E-03	4.84E-03	6.73E-03	5.71E-03	6.29E-03	5.47E-03	6.61E-03	2.65E-03	1.66E-03
G[C>T]C	0.00E+00	6.21E-04	1.07E-02	3.61E-04	1.81E-03	2.78E-03	2.56E-03	6.99E-03	6.00E-03	2.47E-04
G[C>T]G	1.75E-06	6.78E-07	7.89E-03	2.44E-07	2.13E-03	3.17E-03	1.05E-07	4.03E-03	8.25E-04	5.88E-08
G[C>T]T	1.55E-02	1.25E-03	9.87E-03	7.41E-03	7.99E-03	5.89E-03	8.40E-03	1.09E-02	3.45E-03	3.51E-03
G[T>A]A	3.76E-07	1.80E-07	2.80E-07	2.38E-07	5.22E-07	5.71E-04	2.03E-03	7.04E-04	3.13E-07	1.17E-07
G[T>A]C	7.37E-07	1.85E-07	3.61E-07	2.09E-07	1.98E-06	3.52E-04	6.16E-07	2.61E-07	1.72E-07	1.06E-03
G[T>A]G	7.65E-03	5.89E-03	1.13E-06	4.49E-03	3.13E-03	2.24E-03	6.18E-07	2.89E-03	1.07E-06	9.77E-04
G[T>A]T	2.36E-07	7.12E-03	3.90E-07	1.25E-02	7.52E-07	6.56E-04	4.60E-07	1.72E-02	2.30E-03	9.77E-08
G[T>C]A	1.19E-02	5.74E-03	2.52E-03	1.23E-02	2.34E-02	6.09E-04	1.71E-02	2.70E-02	1.86E-02	4.14E-03
G[T>C]C	4.52E-07	1.42E-07	2.92E-07	3.05E-07	1.93E-07	3.71E-03	3.18E-07	2.20E-07	2.07E-03	2.54E-03
G[T>C]G	3.75E-03	6.09E-77	4.15E-07	1.96E-03	1.21E-02	3.45E-03	1.94E-03	2.33E-06	3.26E-03	3.98E-03
G[T>C]T	5.68E-03	9.57E-03	6.24E-03	1.67E-02	1.35E-02	4.57E-03	2.35E-02	2.89E-03	3.15E-74	4.03E-03
G[T>G]A	7.37E-07	5.81E-08	3.99E-07	5.60E-04	1.06E-03	1.28E-03	5.31E-06	3.14E-07	2.86E-35	8.68E-04
G[T>G]C	3.27E-07	1.34E-07	1.77E-07	2.06E-07	5.35E-07	2.30E-03	1.82E-07	2.41E-07	5.48E-07	6.69E-08
G[T>G]G	7.04E-04	3.76E-04	3.69E-07	4.23E-07	1.90E-07	2.80E-03	7.65E-04	1.10E-07	1.46E-03	7.91E-04
G[T>G]T	1.98E-03	1.30E-03	1.73E-07	1.83E-05	6.79E-07	7.20E-03	2.51E-03	7.64E-04	1.10E-06	6.13E-08
T[C>A]A	5.24E-07	8.62E-03	2.24E-06	6.93E-03	2.83E-03	2.55E-03	6.95E-03	7.76E-03	1.96E-05	0.00E+00
T[C>A]C	8.98E-07	1.94E-02	2.98E-07	6.51E-03	2.26E-03	4.21E-03	1.71E-02	3.70E-03	6.76E-03	4.44E-03
T[C>A]G	1.20E-07	4.98E-08	6.62E-08	1.31E-07	1.04E-07	1.26E-08	1.96E-07	9.15E-08	6.92E-08	9.28E-08
T[C>A]T	4.72E-07	1.56E-06	3.61E-07	1.60E-03	6.52E-03	0.00E+00	6.27E-07	2.50E-07	2.75E-07	2.14E-03
T[C>G]A	3.06E-04	1.37E-07	3.15E-07	2.57E-04	6.30E-03	2.07E-03	1.58E-03	1.88E-03	5.84E-04	1.17E-07
T[C>G]C	8.28E-03	2.83E-03	3.39E-07	2.60E-03	4.34E-06	2.45E-03	2.76E-07	5.75E-04	2.61E-03	2.00E-03
T[C>G]G	1.20E-07	4.98E-08	6.62E-08	1.31E-07	1.04E-07	1.26E-08	1.96E-07	9.15E-08	6.92E-08	9.28E-08
T[C>G]T	2.73E-07	9.79E-08	2.09E-07	2.18E-07	2.93E-07	2.23E-03	3.88E-07	4.03E-07	1.85E-07	4.26E-04
T[C>T]A	2.03E-02	1.31E-02	3.62E-03	1.44E-02	2.17E-02	5.93E-03	2.64E-02	1.38E-02	5.01E-03	9.57E-03
T[C>T]C	1.73E-02	7.46E-07	1.76E-07	9.34E-03	1.80E-02	7.53E-03	2.14E-06	7.83E-03	9.06E-03	2.87E-03
T[C>T]G	2.95E-07	1.08E-07	1.81E-07	2.63E-07	5.00E-07	6.00E-03	5.54E-07	3.45E-07	2.43E-07	1.50E-07
T[C>T]T	8.36E-03	2.63E-07	3.04E-07	2.15E-08	9.74E-07	4.76E-03	1.31E-02	8.95E-04	1.21E-02	3.78E-03
T[T>A]A	6.76E-07	7.31E-04	3.96E-07	6.60E-07	3.33E-07	2.47E-03	4.27E-03	1.15E-07	2.37E-07	1.25E-03
T[T>A]C	9.55E-08	6.41E-07	6.43E-07	8.70E-07	1.01E-02	1.20E-03	1.30E-03	1.52E-06	1.99E-07	2.86E-03
T[T>A]G	1.15E-03	2.40E-04	3.28E-07	4.39E-07	1.62E-03	2.43E-03	1.66E-03	2.35E-07	4.94E-04	1.76E-07
T[T>A]T	3.39E-07	1.19E-03	1.80E-07	1.88E-06	2.32E-06	8.03E-04	2.35E-03	3.06E-03	1.84E-07	1.41E-07
T[T>C]A	2.74E-02	1.60E-02	3.44E-59	7.21E-03	1.58E-02	5.53E-03	8.07E-03	1.46E-02	1.08E-02	6.69E-03
T[T>C]C	7.31E-03	1.75E-03	5.37E-04	1.36E-60	4.86E-03	3.92E-03	2.78E-03	2.30E-02	1.60E-03	6.35E-03
T[T>C]G	1.01E-02	7.24E-03	9.60E-07	8.53E-03	1.84E-02	5.39E-03	6.14E-03	6.93E-03	3.96E-61	3.40E-03
T[T>C]T	6.03E-87	9.39E-03	1.53E-02	1.51E-02	4.30E-02	3.27E-03	1.15E-02	2.34E-02	1.80E-02	2.56E-07
T[T>G]A	5.69E-03	6.29E-07	6.06E-07	2.69E-07	2.48E-06	3.93E-03	1.88E-06	4.70E-04	2.50E-03	1.70E-04
T[T>G]C	2.49E-03	8.82E-04	4.22E-03	3.65E-07	2.07E-03	1.21E-03	8.60E-07	2.44E-07	7.82E-04	5.16E-04
T[T>G]G	2.57E-07	4.34E-07	1.64E-07	2.04E-07	3.14E-07	5.76E-04	3.37E-04	3.65E-04	2.26E-07	2.93E-07
T[T>G]T	5.89E-07	3.70E-07	1.53E-07	2.92E-07	2.24E-03	2.34E-03	5.96E-07	2.02E-07	2.73E-04	9.78E-04
