Samples	Signature A	Signature B	Signature C	Signature D	Signature E	Signature F	Signature G	Signature H	Signature I
Sample1	130	205	0	117	147	0	66	74	266
Sample2	451	62	33	128	61	163	24	30	48
Sample3	463	137	43	98	55	72	53	38	41
Sample4	80	108	292	189	56	75	24	109	54
Sample5	63	361	174	158	74	35	0	76	95
Sample6	120	208	399	83	55	49	38	53	11
Sample7	276	0	11	87	146	153	258	3	81
Sample8	371	111	14	67	85	198	39	22	78
Sample9	378	182	9	109	89	0	66	104	55
Sample10	419	57	156	83	76	119	33	21	28
Sample11	119	219	304	133	43	0	40	127	40
Sample12	225	220	219	141	0	9	0	111	45
Sample13	531	81	40	11	34	137	34	78	42
Sample14	256	130	0	108	221	191	8	0	69
Sample15	67	175	218	124	167	174	0	56	54
Sample16	95	157	437	109	100	0	23	0	109
Sample17	262	485	8	11	36	0	86	34	61
Sample18	241	16	0	67	69	232	295	40	55
Sample19	395	180	189	48	29	0	110	22	35
Sample20	442	152	26	96	66	117	23	30	32
Sample21	428	101	85	142	43	0	64	92	25
Sample22	382	86	88	138	91	122	15	64	28
Sample23	36	143	311	108	147	25	193	47	6
Sample24	130	183	389	87	68	32	25	68	33
Sample25	431	106	121	117	42	57	26	75	25
Sample26	157	372	26	52	172	0	71	70	67
Sample27	401	126	128	56	84	24	43	71	75
Sample28	389	120	113	107	44	131	30	23	43
Sample29	72	448	0	85	18	275	0	61	13
Sample30	289	42	34	34	218	177	59	17	114
Sample31	461	116	92	70	50	6	112	42	51
Sample32	463	113	64	131	35	0	117	33	24
Sample33	246	64	32	134	64	100	302	13	31
Sample34	410	140	0	133	66	169	35	32	15
Sample35	460	112	74	126	61	18	75	39	35
Sample36	440	61	10	132	72	175	30	30	58
Sample37	443	119	75	117	35	0	94	78	31
Sample38	456	106	32	67	64	165	34	21	47
Sample39	22	91	282	50	37	24	274	132	113
Sample40	463	120	36	138	52	57	62	44	28
Sample41	125	98	230	122	117	141	23	58	66
Sample42	437	128	69	132	55	61	36	30	32
Sample43	72	448	0	85	18	275	0	61	13
Sample44	106	62	426	101	93	116	7	49	14
Sample45	112	144	380	60	104	0	60	85	39
Sample46	105	174	424	64	102	17	50	50	50
Sample47	417	213	52	94	58	51	63	43	17
Sample48	72	448	0	85	18	275	0	61	13
Sample49	415	208	87	89	55	19	59	39	29
Sample50	381	204	0	184	52	1	67	112	7
Sample51	423	90	85	159	35	0	105	80	31
Sample52	460	47	9	46	93	192	42	63	75
Sample53	72	448	0	85	18	275	0	61	13
Sample54	448	129	100	121	32	0	96	31	22
Sample55	285	216	106	99	82	23	29	86	54
Sample56	368	0	44	135	154	135	53	13	72
Sample57	445	127	118	115	31	0	89	32	43
Sample58	385	135	113	52	34	32	78	114	72
Sample59	60	155	341	122	131	66	13	17	84
Sample60	430	178	77	78	59	19	42	73	23
Sample61	467	178	71	79	11	46	81	30	45
Sample62	59	128	275	96	100	113	38	51	126
Sample63	506	124	62	101	62	0	35	30	61
Sample64	66	107	339	119	139	120	0	38	53
Sample65	153	181	155	0	174	127	51	144	2
Sample66	449	104	35	88	105	61	64	85	24
Sample67	443	113	98	77	65	60	44	36	54
Sample68	87	63	385	159	114	90	23	51	8
Sample69	421	213	71	20	108	25	62	41	19
Sample70	251	226	57	130	52	157	69	19	31
Sample71	390	208	57	139	53	0	50	31	86
Sample72	395	46	24	148	62	44	81	113	54
Sample73	436	95	110	159	38	0	47	75	48
Sample74	436	83	65	67	62	169	34	38	31
Sample75	399	94	69	75	43	216	14	77	27
Sample76	380	167	101	72	96	52	49	27	41
Sample77	4	96	328	159	74	4	179	164	6
Sample78	157	124	376	97	63	0	14	53	100
Sample79	116	112	439	99	41	4	78	68	21
Sample80	72	448	0	85	18	275	0	61	13
Sample81	358	178	95	95	181	13	43	0	62
Sample82	344	237	44	89	105	85	0	14	66
Sample83	65	214	355	129	116	56	21	53	7
Sample84	160	175	325	87	71	88	44	58	26
Sample85	65	54	437	105	174	73	0	53	24
Sample86	131	221	400	39	105	0	28	48	43
Sample87	453	134	0	103	71	105	44	44	24
Sample88	362	59	132	130	128	106	60	30	16
Sample89	458	90	70	120	60	34	53	27	102
Sample90	429	128	123	164	16	0	67	25	48
Sample91	454	108	108	51	65	0	163	40	37
Sample92	371	160	20	77	51	136	71	86	36
Sample93	403	129	92	63	47	65	46	64	99
Sample94	349	170	0	171	68	165	67	27	12
Sample95	488	96	101	116	45	37	59	35	15
Sample96	499	118	31	116	55	0	70	48	43
Sample97	508	91	31	72	56	51	73	76	42
Sample98	280	91	29	160	178	104	124	6	46
Sample99	195	113	21	209	277	0	18	116	24
Sample100	411	236	0	140	19	0	89	71	26
Sample101	451	140	28	89	53	82	50	28	79
Sample102	78	130	268	105	126	178	0	66	16
Sample103	402	184	73	72	59	69	71	33	22
Sample104	78	396	16	246	73	0	32	96	55
Sample105	109	114	351	58	109	94	63	41	46
Sample106	478	39	19	128	65	175	15	27	62
Sample107	414	162	57	139	37	0	110	24	71
Sample108	418	127	0	85	148	114	22	11	75
Sample109	384	76	88	0	131	207	0	7	87
Sample110	46	110	393	63	160	60	26	102	41
Sample111	247	52	43	64	114	151	277	5	60
Sample112	367	201	83	126	67	0	113	30	21
Sample113	72	448	0	85	18	275	0	61	13
Sample114	82	153	254	121	55	95	42	119	47
Sample115	369	205	58	67	66	120	81	27	28
Sample116	405	154	93	59	52	7	44	175	19
Sample117	478	39	19	128	65	175	15	27	62
Sample118	440	211	35	144	58	23	37	24	43
Sample119	99	27	115	44	155	323	188	0	57
Sample120	479	111	150	54	25	0	115	27	24
Sample121	418	109	98	163	36	0	58	78	32
Sample122	359	86	152	28	132	185	0	19	58
Sample123	125	548	41	82	3	0	104	25	97
Sample124	32	111	401	82	118	105	0	52	66
Sample125	62	153	315	71	108	142	0	63	54
Sample126	384	85	45	95	167	127	60	24	28
Sample127	186	471	78	15	42	0	32	42	94
Sample128	392	254	32	98	87	42	66	31	16
Sample129	493	69	119	61	54	42	53	41	40
Sample130	521	146	0	48	49	57	68	40	51
Sample131	407	119	111	57	66	21	60	65	79
Sample132	457	127	25	92	73	56	73	37	40
Sample133	440	61	10	132	72	175	30	30	58
Sample134	527	106	27	37	81	106	42	39	24
Sample135	410	139	0	85	79	74	45	122	61
Sample136	420	73	21	66	89	204	23	83	29
Sample137	442	118	0	85	75	65	40	132	31
Sample138	132	72	442	95	58	37	81	61	6
Sample139	241	185	289	72	0	0	72	118	38
Sample140	228	51	41	48	93	149	282	41	75
Sample141	494	113	10	91	76	78	42	37	48
Sample142	195	12	0	73	113	292	267	8	36
Sample143	385	196	0	52	84	44	4	182	34
Sample144	45	71	494	33	148	135	0	51	8
Sample145	98	119	404	74	92	56	0	93	32
Sample146	442	128	30	181	61	56	67	39	10
Sample147	137	165	368	82	110	89	0	58	27
Sample148	437	120	54	173	47	61	59	21	28
Sample149	112	521	102	38	190	0	4	27	33
Sample150	290	135	17	130	159	156	66	0	32
Sample151	481	143	114	10	70	27	75	30	30
Sample152	418	80	25	140	95	119	24	95	12
Sample153	365	90	0	153	118	161	87	30	32
Sample154	59	195	260	63	80	170	0	90	58
Sample155	336	229	42	87	64	136	28	22	48
Sample156	433	52	0	60	95	298	3	31	36
Sample157	451	62	33	128	61	163	24	30	48
Sample158	429	71	101	97	53	98	31	77	35
Sample159	470	94	46	75	24	172	13	22	72
Sample160	149	67	446	59	90	50	3	56	49
Sample161	396	123	83	168	87	15	37	70	29
Sample162	66	105	368	89	23	0	164	132	61
Sample163	403	127	72	67	94	93	53	19	80
Sample164	490	190	16	86	69	0	81	25	28
Sample165	476	123	112	68	60	24	56	35	35
Sample166	423	88	22	43	197	99	0	80	48
Sample167	316	43	0	97	211	173	52	11	83
Sample168	0	478	205	88	54	0	94	19	33
Sample169	88	118	460	13	88	54	15	101	41
Sample170	412	135	100	108	34	0	82	85	44
Sample171	478	39	19	128	65	175	15	27	62
Sample172	105	74	390	108	93	112	32	51	14
Sample173	120	72	433	104	48	65	33	60	42
Sample174	473	75	112	99	34	0	90	84	41
Sample175	73	96	439	95	87	55	88	39	10
Sample176	109	314	0	187	114	25	35	136	88
Sample177	51	139	287	135	64	127	65	105	0
Sample178	363	168	122	69	93	38	7	62	86
Sample179	459	140	72	74	39	16	87	76	29
Sample180	146	412	81	8	81	216	0	28	46
Sample181	374	152	40	123	50	127	70	27	29
Sample182	0	48	219	26	129	79	222	167	118
Sample183	385	169	63	134	61	68	53	34	25
Sample184	79	132	259	58	156	193	0	54	43
Sample185	267	0	29	61	88	173	340	15	41
Sample186	385	169	197	53	45	0	79	20	52
Sample187	342	96	51	202	49	200	17	9	54
Sample188	75	172	374	137	73	84	18	61	30
Sample189	335	48	0	138	204	152	64	29	18
Sample190	493	90	66	130	49	26	62	31	39
Sample191	405	148	51	131	63	53	82	36	23
Sample192	445	96	14	84	56	85	53	79	80
Sample193	72	448	0	85	18	275	0	61	13
Sample194	77	113	432	100	98	0	112	60	28
Sample195	506	86	8	25	72	107	82	24	90
Sample196	94	557	89	60	46	0	18	91	77
Sample197	98	86	342	77	124	157	0	53	30
Sample198	439	97	86	165	40	1	58	76	30
Sample199	414	126	99	125	58	28	19	80	41
Sample200	400	40	17	136	78	199	74	63	28
Sample201	467	111	41	45	66	72	30	21	139
Sample202	94	111	405	70	89	95	27	53	24
Sample203	260	41	91	77	159	0	290	37	63
Sample204	422	122	75	179	49	47	38	28	28
Sample205	40	139	248	110	157	141	0	96	50
Sample206	270	306	20	109	184	0	50	35	63
Sample207	451	62	33	128	61	163	24	30	48
Sample208	383	226	0	163	0	28	90	83	8
Sample209	90	38	330	62	130	0	237	108	24
Sample210	155	20	354	0	171	128	0	80	71
Sample211	72	448	0	85	18	275	0	61	13
Sample212	93	148	358	85	114	0	82	66	27
Sample213	54	119	436	61	176	68	0	53	8
Sample214	426	138	56	120	27	43	50	63	77
Sample215	293	93	74	50	57	0	325	81	41
Sample216	187	202	27	73	240	2	77	146	40
Sample217	97	127	451	57	92	67	1	59	17
Sample218	506	79	0	91	73	83	62	38	56
Sample219	98	61	23	59	117	0	148	78	415
Sample220	37	47	408	68	81	0	228	121	19
Sample221	77	191	314	68	144	65	0	108	62
Sample222	511	102	14	96	75	75	56	44	43
Sample223	127	59	400	48	138	121	9	0	66
Sample224	72	92	450	10	182	45	2	97	25
Sample225	481	65	143	105	70	0	70	25	33
Sample226	443	156	40	79	55	0	77	75	54
Sample227	419	175	41	73	55	54	48	67	83
Sample228	377	0	21	85	170	189	19	91	22
Sample229	268	60	33	47	115	137	272	27	59
Sample230	411	157	99	82	87	41	62	28	33
Sample231	0	0	291	187	29	119	220	117	0
Sample232	464	56	90	151	90	0	22	60	81
Sample233	117	567	84	69	10	0	38	31	58
Sample234	503	58	24	82	64	94	56	83	44
Sample235	505	105	112	62	0	7	113	37	44
Sample236	372	134	80	161	37	0	50	164	24
Sample237	72	448	0	85	18	275	0	61	13
Sample238	139	504	38	18	56	0	23	160	104
Sample239	391	155	119	65	43	114	25	76	28
Sample240	485	130	48	74	62	15	104	34	48
Sample241	489	126	25	146	8	37	76	29	50
Sample242	31	376	57	0	102	84	164	66	110
Sample243	33	147	427	8	89	160	26	58	27
Sample244	436	102	88	62	97	66	36	71	34
Sample245	330	227	102	107	49	0	64	112	22
Sample246	394	120	18	144	61	0	83	69	97
Sample247	466	43	0	125	76	186	19	26	73
Sample248	383	102	49	77	159	64	34	14	133
Sample249	437	100	97	170	36	9	68	33	29
Sample250	123	168	396	132	112	0	45	15	39
Sample251	217	32	0	65	105	213	269	54	62
Sample252	432	96	71	110	52	67	41	62	77
Sample253	422	168	62	83	59	52	34	23	76
Sample254	434	103	50	134	56	38	57	91	17
Sample255	85	77	357	63	187	62	34	92	37
Sample256	72	448	0	85	18	275	0	61	13
Sample257	455	141	74	68	35	22	46	115	36
Sample258	386	60	171	200	55	0	75	22	39
Sample259	479	150	139	16	46	5	66	39	52
Sample260	532	107	0	0	85	0	72	132	57
Sample261	232	103	66	83	75	27	314	30	78
Sample262	29	93	458	51	187	66	0	43	59
Sample263	41	145	424	116	132	35	0	59	22
Sample264	478	39	19	128	65	175	15	27	62
Sample265	287	0	34	125	102	67	339	16	47
Sample266	386	166	80	187	38	13	50	25	34
Sample267	207	257	60	140	102	93	16	75	50
Sample268	437	103	0	117	77	112	36	37	70
Sample269	186	207	36	143	229	0	96	60	56
Sample270	98	61	23	59	117	0	148	78	415
Sample271	401	184	140	57	24	6	112	30	54
Sample272	234	79	0	66	108	134	276	14	74
Sample273	137	52	362	83	158	0	48	100	45
Sample274	384	93	49	115	110	62	42	73	72
Sample275	428	111	176	39	41	106	41	19	66
Sample276	214	145	321	164	0	0	50	76	38
Sample277	423	80	95	87	35	153	32	0	82
Sample278	411	137	118	123	74	40	39	20	23
Sample279	413	175	136	47	24	2	85	59	84
Sample280	435	93	53	126	52	0	60	126	35
Sample281	437	76	20	52	67	255	19	67	25
Sample282	17	223	319	59	109	72	59	67	52
Sample283	438	105	40	191	47	46	57	43	25
Sample284	67	111	453	62	166	51	5	46	14
Sample285	115	383	2	117	31	26	170	10	136
Sample286	31	100	179	140	26	82	194	204	59
Sample287	452	113	57	187	32	28	83	36	20
Sample288	332	19	32	71	96	235	16	142	33
Sample289	423	137	34	116	73	107	47	17	73
Sample290	89	158	434	111	102	35	10	51	39
Sample291	59	99	429	54	113	79	11	90	30
Sample292	499	78	54	174	7	48	90	43	15
Sample293	263	36	89	70	105	45	338	12	41
Sample294	450	112	120	64	99	27	60	31	37
Sample295	395	245	73	73	54	59	62	19	12
Sample296	109	272	349	62	0	31	22	113	61
Sample297	397	157	88	126	59	34	20	70	41
Sample298	142	567	84	5	45	0	18	34	128
Sample299	466	178	119	7	83	29	68	33	25
Sample300	331	263	28	108	178	0	30	28	50
Sample301	10	90	164	199	144	235	0	83	56
Sample302	415	111	95	183	38	0	58	30	62
Sample303	483	121	74	78	55	57	37	43	52
Sample304	322	163	23	136	38	124	107	45	50
Sample305	127	131	366	98	112	98	0	19	78
Sample306	134	40	408	96	63	42	77	95	22
Sample307	433	168	0	44	105	62	61	84	62
Sample308	431	148	100	86	20	58	62	36	78
Sample309	423	155	122	111	22	10	98	22	45
Sample310	441	144	102	117	14	0	80	69	25
Sample311	414	251	0	35	67	28	84	76	30
Sample312	337	83	0	51	208	203	41	14	51
Sample313	72	448	0	85	18	275	0	61	13
Sample314	285	0	0	125	98	65	310	82	52
Sample315	445	127	118	115	31	0	89	32	43
Sample316	455	126	82	76	46	14	68	77	56
Sample317	392	126	157	198	19	0	75	21	26
Sample318	31	287	4	0	85	256	140	30	147
Sample319	447	150	107	67	24	0	127	37	41
Sample320	206	66	74	99	101	88	297	31	55
Sample321	492	97	51	78	61	78	55	35	33
Sample322	93	35	389	52	155	100	1	138	21
Sample323	478	39	19	128	65	175	15	27	62
Sample324	99	86	432	104	62	15	55	106	18
Sample325	513	116	74	30	45	41	103	49	29
Sample326	396	63	59	109	100	128	44	14	105
Sample327	358	210	0	103	59	80	106	44	40
Sample328	0	139	379	120	174	57	0	91	28
Sample329	29	185	358	79	157	53	0	87	80
Sample330	392	173	0	95	19	87	64	134	21
Sample331	0	31	193	224	68	0	204	161	92
Sample332	231	50	35	95	105	110	284	56	42
Sample333	146	70	348	114	85	47	74	74	27
Sample334	463	111	64	132	48	33	70	33	32
Sample335	62	0	429	64	98	0	192	109	60
Sample336	193	63	81	93	114	149	263	21	42
Sample337	378	129	91	104	110	118	24	23	38
Sample338	0	341	110	10	69	151	112	5	186
Sample339	466	46	165	31	70	34	35	50	117
Sample340	459	145	42	33	109	125	34	32	29
Sample341	346	181	5	61	183	165	15	56	24
Sample342	130	86	101	33	94	180	227	94	45
Sample343	429	152	188	36	22	0	86	75	39
Sample344	451	62	33	128	61	163	24	30	48
Sample345	105	109	383	106	60	85	42	59	26
Sample346	82	41	460	41	160	156	8	7	29
Sample347	415	92	115	64	100	0	62	83	48
Sample348	88	138	284	126	12	0	205	144	16
Sample349	208	147	0	118	309	40	44	78	28
Sample350	438	180	57	94	47	0	86	32	45
Sample351	433	106	77	124	87	38	51	30	40
Sample352	249	74	37	82	71	50	334	80	41
Sample353	27	436	94	0	227	11	37	80	80
Sample354	143	38	402	55	179	0	47	51	66
Sample355	329	0	26	127	161	190	25	47	63
Sample356	506	102	42	19	76	105	43	20	77
Sample357	458	96	45	14	76	197	26	25	78
Sample358	295	18	0	90	203	203	122	10	60
Sample359	102	158	139	85	169	215	0	56	112
Sample360	513	115	102	9	46	38	73	82	37
Sample361	413	112	128	40	0	140	61	12	102
Sample362	427	159	71	128	43	27	81	31	25
Sample363	414	92	152	149	30	25	52	23	82
Sample364	182	87	245	95	48	64	92	103	67
Sample365	454	135	95	20	121	12	38	85	55
Sample366	469	115	37	68	108	82	46	15	77
Sample367	112	239	342	98	137	0	48	50	2
Sample368	476	97	149	53	35	7	66	77	32
Sample369	515	116	87	26	66	53	48	41	37
Sample370	463	80	68	122	47	50	54	23	79
Sample371	464	138	44	87	48	17	106	35	61
Sample372	422	146	12	145	47	62	57	10	107
Sample373	177	241	242	63	32	60	66	90	45
Sample374	466	111	139	50	26	0	101	76	31
Sample375	214	84	76	187	91	13	303	7	45
Sample376	0	75	344	70	179	214	0	52	50
Sample377	159	212	29	187	158	0	154	58	66
Sample378	168	51	336	79	112	126	0	51	45
Sample379	411	138	61	102	70	120	48	29	35
Sample380	0	71	211	120	120	15	195	261	23
Sample381	447	111	123	63	45	35	60	81	35
Sample382	133	33	236	137	27	0	234	137	80
Sample383	436	91	4	69	141	180	20	40	41
Sample384	336	132	14	155	126	177	39	15	34
Sample385	423	41	12	100	177	141	61	29	44
Sample386	131	130	200	85	92	187	0	111	98
Sample387	421	98	1	92	70	120	62	89	66
Sample388	424	83	66	114	111	63	43	73	31
Sample389	463	142	59	69	76	0	59	76	75
Sample390	279	46	0	192	203	224	0	12	20
Sample391	73	85	452	69	166	0	0	98	22
Sample392	519	92	0	45	56	58	70	105	47
Sample393	98	61	23	59	117	0	148	78	415
Sample394	152	472	92	64	29	0	66	39	50
Sample395	182	131	202	84	35	29	118	166	34
Sample396	413	141	83	112	52	0	94	79	34
Sample397	492	105	70	78	52	41	58	34	49
Sample398	423	206	34	70	84	22	57	68	62
Sample399	358	122	0	164	72	151	51	15	35
Sample400	120	193	460	70	18	0	118	20	36
Sample401	72	448	0	85	18	275	0	61	13
Sample402	445	103	63	129	86	43	59	24	34
Sample403	454	128	76	48	19	161	61	22	16
Sample404	341	162	8	129	37	161	90	23	62
Sample405	478	39	19	128	65	175	15	27	62
Sample406	159	48	367	164	102	0	0	94	54
Sample407	117	383	116	74	100	0	118	25	29
Sample408	99	259	135	265	0	16	34	178	0
Sample409	42	113	165	66	184	244	0	143	25
Sample410	471	145	33	89	43	36	97	29	49
Sample411	120	270	85	132	125	165	0	73	50
Sample412	401	115	121	169	42	0	28	75	34
Sample413	72	134	183	208	123	157	0	49	55
Sample414	130	142	427	83	136	0	6	61	43
Sample415	241	109	49	53	126	191	49	133	31
Sample416	141	526	17	31	85	0	37	150	32
Sample417	289	94	0	90	213	179	41	60	14
Sample418	72	448	0	85	18	275	0	61	13
Sample419	466	82	144	41	40	106	53	25	35
Sample420	208	125	8	106	84	70	350	1	61
Sample421	81	83	344	70	150	91	0	136	20
Sample422	142	12	0	196	107	174	272	53	48
Sample423	395	190	93	133	56	20	36	33	33
Sample424	136	43	408	145	46	68	23	50	67
Sample425	473	126	117	72	39	1	82	39	51
Sample426	442	130	64	122	51	23	56	81	23
Sample427	196	22	0	81	107	245	230	0	122
Sample428	414	193	64	88	8	46	57	22	87
Sample429	427	104	152	50	32	0	82	75	78
Sample430	72	448	0	85	18	275	0	61	13
Sample431	415	96	10	117	70	133	40	74	45
Sample432	441	126	80	122	128	0	45	29	37
Sample433	98	61	23	59	117	0	148	78	415
Sample434	437	152	73	70	53	72	57	33	45
Sample435	159	212	29	187	158	0	154	58	66
Sample436	419	90	68	125	54	147	31	33	41
Sample437	401	241	0	111	64	18	67	94	12
Sample438	292	0	0	81	272	262	33	20	25
Sample439	97	97	369	118	101	0	37	90	64
Sample440	98	140	417	136	102	46	6	21	50
Sample441	383	282	76	43	31	0	104	26	33
Sample442	412	212	86	83	94	0	39	33	22
Sample443	202	354	162	82	94	0	79	16	11
Sample444	398	94	159	25	30	86	86	113	25
Sample445	427	110	0	119	90	155	54	32	26
Sample446	463	117	82	64	56	97	45	30	38
Sample447	40	90	323	120	119	0	203	90	34
Sample448	455	147	0	88	67	80	56	81	11
Sample449	45	67	379	130	148	114	0	69	19
Sample450	469	143	44	29	24	20	75	130	45
Sample451	393	120	142	150	75	0	72	30	32
Sample452	214	0	64	93	113	195	227	0	102
Sample453	484	122	94	18	42	13	87	83	35
Sample454	127	0	361	90	33	0	248	136	19
Sample455	60	150	464	55	153	75	0	0	66
Sample456	360	156	82	96	53	102	56	56	20
Sample457	402	99	5	141	134	58	149	21	10
Sample458	426	146	0	196	69	53	64	42	12
Sample459	417	122	128	61	83	0	71	77	33
Sample460	177	44	21	66	112	241	238	6	113
Sample461	312	249	98	159	43	11	64	38	34
Sample462	414	140	26	138	55	62	46	22	97
Sample463	126	98	306	99	82	74	14	104	64
Sample464	437	112	98	71	59	43	28	88	36
Sample465	466	56	168	42	35	58	55	23	77
Sample466	372	223	139	64	30	0	62	80	30
Sample467	139	236	221	141	56	0	29	125	73
Sample468	543	120	16	102	58	0	72	30	40
Sample469	453	181	12	91	77	33	73	36	36
Sample470	442	113	96	122	84	46	47	38	12
Sample471	234	86	289	112	72	44	39	73	79
Sample472	190	116	490	62	40	0	39	58	40
Sample473	383	123	90	0	119	87	19	168	29
Sample474	379	82	19	144	106	157	51	53	30
Sample475	42	544	66	5	114	0	64	93	42
Sample476	75	473	157	143	40	0	25	20	85
Sample477	460	75	105	71	65	50	24	103	36
Sample478	479	97	173	54	17	0	98	34	28
Sample479	390	186	123	124	42	23	62	37	28
Sample480	117	48	430	15	142	94	0	51	83
Sample481	401	141	56	223	46	0	62	17	40
Sample482	455	173	47	131	13	37	86	37	0
Sample483	418	131	95	111	72	11	49	66	61
Sample484	440	116	52	131	47	48	66	26	60
Sample485	483	82	52	139	52	54	52	41	31
Sample486	475	147	122	124	0	27	24	27	43
Sample487	141	76	264	112	143	36	41	108	62
Sample488	443	135	21	39	60	116	45	73	76
Sample489	465	118	65	79	56	65	68	39	17
Sample490	478	39	19	128	65	175	15	27	62
Sample491	16	76	371	77	187	176	0	62	14
Sample492	15	26	289	71	14	145	225	166	66
Sample493	382	81	36	63	127	145	82	90	17
Sample494	0	160	291	144	154	60	0	135	25
Sample495	368	185	80	132	90	44	33	25	24
Sample496	186	122	68	152	322	0	37	61	24
Sample497	140	230	158	161	0	72	0	175	56
Sample498	71	145	441	42	99	0	73	139	2
Sample499	400	155	86	66	47	102	66	30	40
Sample500	0	315	178	88	36	57	137	5	197
Sample501	10	409	77	3	49	5	190	131	134
Sample502	469	101	81	132	36	24	79	43	27
Sample503	424	73	189	135	99	0	46	21	26
Sample504	432	83	170	154	52	0	74	34	19
Sample505	430	143	0	60	88	192	36	22	45
Sample506	136	105	175	95	151	105	38	111	58
Sample507	485	132	33	106	78	0	47	36	63
Sample508	393	145	121	117	53	6	50	83	32
Sample509	22	83	159	133	106	213	178	68	52
Sample510	255	71	4	100	288	157	29	55	25
Sample511	189	73	116	103	31	111	295	2	95
Sample512	400	142	55	60	98	147	31	61	31
Sample513	491	126	0	95	74	85	47	31	39
Sample514	230	115	39	130	78	0	318	14	102
Sample515	368	135	80	117	51	57	9	52	131
Sample516	119	48	18	119	177	226	229	21	51
Sample517	471	123	57	86	96	64	46	37	28
Sample518	445	170	80	79	48	17	75	35	36
Sample519	484	167	10	33	115	52	65	42	32
Sample520	455	100	99	56	52	116	38	30	46
Sample521	443	134	34	28	67	0	106	133	47
Sample522	349	0	16	82	201	174	63	12	82
Sample523	198	0	385	68	114	89	11	64	50
Sample524	343	139	15	71	54	238	20	70	58
Sample525	235	83	16	63	131	77	294	45	64
Sample526	380	153	67	146	5	64	50	39	75
Sample527	138	52	18	105	163	182	285	0	65
Sample528	72	448	0	85	18	275	0	61	13
Sample529	408	161	72	135	29	11	103	34	26
Sample530	156	243	177	122	74	31	0	123	59
Sample531	438	70	94	59	134	77	23	18	79
Sample532	237	25	10	93	131	117	333	22	45
Sample533	341	297	77	106	42	10	59	31	16
Sample534	113	65	344	127	108	96	0	93	20
Sample535	329	139	0	179	103	152	29	77	16
Sample536	300	235	139	74	138	27	20	25	42
Sample537	444	116	92	64	50	13	55	125	33
Sample538	385	131	24	90	98	76	37	124	27
Sample539	216	264	54	19	213	0	113	65	70
Sample540	80	85	86	77	147	239	229	3	69
Sample541	318	199	60	126	96	9	40	122	22
Sample542	4	118	410	116	157	42	0	90	37
Sample543	415	164	47	67	47	100	91	30	39
Sample544	414	134	84	119	0	67	22	9	131
Sample545	237	0	0	108	176	148	298	18	41
Sample546	124	196	361	93	82	25	43	67	43
Sample547	559	40	81	16	69	0	87	38	89
Sample548	126	480	38	57	79	0	90	73	83
Sample549	61	396	125	0	150	31	48	151	38
Sample550	477	122	0	93	75	96	40	40	45
Sample551	432	130	82	82	45	17	64	79	48
Sample552	443	105	67	122	69	62	65	32	35
Sample553	400	188	14	93	69	103	18	33	66
Sample554	418	177	93	86	43	10	43	75	55
Sample555	119	124	422	37	77	34	52	80	40
Sample556	432	126	85	158	46	47	57	22	47
Sample557	452	100	68	77	134	83	11	24	38
Sample558	468	150	0	50	85	78	60	52	42
Sample559	310	199	112	70	120	67	23	10	89
Sample560	367	4	0	92	190	253	12	16	43
Sample561	98	61	23	59	117	0	148	78	415
Sample562	457	113	15	144	64	80	62	36	37
Sample563	83	70	390	105	158	78	38	46	16
Sample564	455	115	0	142	70	77	50	36	34
Sample565	456	262	0	38	3	39	136	19	61
Sample566	462	92	128	151	2	0	102	45	37
Sample567	476	128	0	38	88	73	50	85	35
Sample568	70	434	50	55	49	0	176	60	75
Sample569	198	82	92	117	270	135	0	56	44
Sample570	472	146	128	65	0	2	50	76	53
Sample571	487	155	69	78	57	0	62	38	39
Sample572	361	2	19	40	216	181	73	58	22
Sample573	114	451	150	41	110	6	48	32	72
Sample574	388	198	135	68	63	2	80	24	22
Sample575	188	74	58	40	97	94	350	33	83
Sample576	98	61	23	59	117	0	148	78	415
Sample577	415	78	101	23	53	172	77	15	66
Sample578	430	110	182	34	42	0	107	79	30
Sample579	117	139	488	0	65	13	51	84	26
Sample580	518	86	131	15	45	22	81	42	41
Sample581	430	205	0	99	66	106	20	22	60
Sample582	99	115	63	86	156	204	219	31	31
Sample583	446	144	42	84	77	51	59	35	54
Sample584	142	111	460	18	97	0	28	61	50
Sample585	98	61	23	59	117	0	148	78	415
Sample586	408	113	51	134	31	53	92	20	98
Sample587	0	49	130	140	184	0	228	223	71
Sample588	420	171	23	126	53	33	78	71	17
Sample589	152	148	395	89	64	0	30	59	77
Sample590	33	184	150	133	199	190	6	57	22
Sample591	419	178	52	78	110	45	56	31	11
Sample592	107	138	430	74	136	60	0	57	33
Sample593	0	148	101	111	171	339	23	0	79
Sample594	288	0	0	177	178	236	0	50	58
Sample595	424	149	56	68	28	97	122	25	39
Sample596	213	38	169	77	74	16	302	93	40
Sample597	0	136	349	118	0	0	257	97	51
Sample598	371	74	95	134	116	90	87	26	42
Sample599	458	134	66	129	55	30	63	39	18
Sample600	162	38	0	106	112	185	308	0	94
Sample601	495	127	118	11	41	22	71	75	32
Sample602	352	160	4	71	82	202	61	6	70
Sample603	160	159	172	107	170	0	107	105	28
Sample604	465	116	70	137	48	34	50	42	52
Sample605	415	72	0	125	144	165	27	41	27
Sample606	448	37	16	0	139	278	31	26	43
Sample607	367	98	6	103	142	137	73	79	22
Sample608	432	190	108	73	50	19	42	32	38
Sample609	459	104	105	66	91	40	52	32	36
Sample610	116	54	323	59	82	0	247	133	0
Sample611	420	115	77	191	29	17	87	40	32
Sample612	329	0	0	142	228	160	45	24	53
Sample613	444	100	61	75	111	0	38	120	51
Sample614	154	12	42	24	193	269	222	64	27
Sample615	510	93	8	44	80	83	68	49	50
Sample616	390	149	95	182	38	15	54	29	27
Sample617	62	27	348	83	105	68	196	121	5
Sample618	478	111	99	112	66	9	65	32	28
Sample619	431	192	101	126	9	20	60	31	19
Sample620	525	72	51	34	61	109	43	47	38
Sample621	410	136	121	107	33	0	68	78	39
Sample622	467	129	125	110	37	0	67	32	25
Sample623	365	91	32	88	200	146	57	18	32
Sample624	17	153	407	115	124	85	3	43	25
Sample625	256	1	0	265	210	158	71	10	23
Sample626	339	89	68	172	70	186	28	47	25
Sample627	251	0	112	11	103	174	254	0	115
Sample628	256	62	0	122	259	143	78	92	5
Sample629	471	81	90	106	97	0	61	74	28
Sample630	78	550	72	62	146	0	33	16	6
Sample631	398	123	90	105	55	120	51	24	20
Sample632	412	135	81	114	47	8	55	123	33
Sample633	138	89	367	45	71	92	0	97	69
Sample634	91	94	335	102	110	140	0	68	34
Sample635	512	79	66	78	53	22	81	41	53
Sample636	524	47	78	79	64	74	37	47	38
Sample637	431	94	58	53	61	162	65	15	76
Sample638	460	130	112	61	93	33	39	32	40
Sample639	450	183	95	29	43	17	85	37	39
Sample640	175	49	241	88	70	143	70	104	40
Sample641	406	189	166	13	73	3	23	71	48
Sample642	461	137	95	67	62	53	62	32	20
Sample643	195	86	28	78	131	65	288	103	40
Sample644	193	136	306	108	98	0	25	115	47
Sample645	482	144	82	67	35	41	89	15	26
Sample646	55	81	339	80	92	0	232	111	23
Sample647	109	71	433	35	83	112	52	49	41
Sample648	0	103	335	102	96	0	200	144	22
Sample649	322	129	55	61	98	282	0	20	33
Sample650	278	206	47	161	28	0	80	158	50
Sample651	432	89	28	86	94	99	47	31	86
Sample652	395	145	127	65	43	14	62	125	42
Sample653	392	194	85	66	0	85	74	73	23
Sample654	131	201	255	92	134	72	0	64	78
Sample655	430	90	107	96	27	105	88	25	24
Sample656	477	158	107	77	30	45	56	33	17
Sample657	457	187	84	0	88	6	98	33	32
Sample658	221	486	91	56	26	0	66	41	54
Sample659	297	0	76	73	233	263	0	2	30
Sample660	42	92	285	107	0	0	304	171	16
Sample661	83	108	412	67	87	52	33	100	25
Sample662	115	93	375	123	150	76	3	11	23
Sample663	385	75	30	97	127	134	81	68	18
Sample664	454	150	62	73	58	19	58	82	29
Sample665	133	155	95	68	111	103	284	9	58
Sample666	55	15	471	93	0	34	186	75	76
Sample667	154	581	71	73	25	0	45	36	47
Sample668	518	127	56	108	62	0	36	45	37
Sample669	241	48	96	144	39	55	353	13	18
Sample670	175	148	270	209	0	0	70	69	74
Sample671	71	72	295	118	136	129	0	129	44
Sample672	420	112	54	111	51	145	38	19	58
Sample673	469	101	81	132	36	24	79	43	27
Sample674	244	116	0	138	183	111	154	50	12
Sample675	437	142	63	75	64	68	72	33	31
Sample676	173	85	12	134	125	210	231	6	40
Sample677	415	210	80	85	56	0	87	32	50
Sample678	264	124	0	112	219	124	111	18	36
Sample679	374	51	0	95	144	144	42	104	21
Sample680	480	117	100	76	35	8	93	36	34
Sample681	397	82	76	39	47	162	33	102	62
Sample682	397	38	90	82	60	210	10	67	38
Sample683	393	184	75	73	95	20	57	83	5
Sample684	485	125	93	63	98	22	36	29	41
Sample685	78	54	321	145	74	0	171	119	49
Sample686	404	188	0	32	102	140	29	28	85
Sample687	414	62	0	65	66	225	11	56	109
Sample688	467	132	69	95	44	16	83	42	44
Sample689	478	39	19	128	65	175	15	27	62
Sample690	19	69	366	95	65	0	179	188	36
Sample691	481	169	135	7	4	0	45	73	57
Sample692	380	171	184	0	29	56	59	76	53
Sample693	461	69	80	135	44	57	53	49	38
Sample694	446	157	29	188	58	0	63	28	31
Sample695	407	161	62	127	51	0	61	82	49
Sample696	465	126	75	70	35	68	53	16	77
Sample697	126	98	309	80	77	149	0	49	89
Sample698	464	61	49	35	104	118	68	54	28
Sample699	57	130	420	46	87	0	70	180	18
Sample700	170	134	418	21	103	0	8	96	84
Sample701	439	137	101	57	55	30	44	70	82
Sample702	392	80	42	221	40	74	49	76	39
Sample703	287	53	102	63	197	112	136	59	4
Sample704	466	43	0	125	76	186	19	26	73
Sample705	180	86	377	41	76	77	9	63	59
Sample706	414	247	44	31	70	58	60	41	35
Sample707	483	128	2	89	79	92	38	36	42
Sample708	130	133	280	37	131	101	93	61	21
Sample709	88	363	97	0	52	93	128	35	145
Sample710	452	178	92	32	52	29	58	35	50
Sample711	103	27	308	68	110	126	21	131	93
Sample712	0	394	119	74	63	75	163	0	93
Sample713	520	99	34	95	27	76	45	47	46
Sample714	155	164	345	105	99	0	39	70	38
Sample715	378	74	53	155	59	111	32	65	100
Sample716	366	173	43	152	84	42	66	40	34
Sample717	72	448	0	85	18	275	0	61	13
Sample718	0	148	383	51	126	114	12	130	16
Sample719	164	179	338	30	65	0	134	51	73
Sample720	369	175	64	73	63	1	137	86	17
Sample721	472	91	59	139	37	80	43	37	29
Sample722	37	199	276	120	87	124	0	108	64
Sample723	420	117	126	76	39	0	56	146	33
Sample724	440	211	35	144	58	23	37	24	43
Sample725	75	128	336	121	108	37	33	130	33
Sample726	71	100	395	128	138	0	45	63	27
Sample727	368	184	80	144	64	57	27	36	28
Sample728	412	128	102	96	81	110	52	29	6
Sample729	210	205	197	108	13	52	0	177	24
Sample730	58	204	277	108	119	99	26	59	33
Sample731	160	143	363	81	114	47	26	60	40
Sample732	382	187	86	69	61	114	24	29	40
Sample733	409	94	74	120	32	16	95	71	75
Sample734	400	89	0	107	132	141	45	60	9
Sample735	454	108	141	49	34	0	118	78	18
Sample736	446	130	8	93	20	113	26	19	145
Sample737	217	120	91	173	229	12	9	78	53
Sample738	93	64	385	115	16	0	188	107	51
Sample739	461	68	160	108	36	13	59	43	39
Sample740	373	114	167	97	40	109	17	23	40
Sample741	461	64	74	56	62	153	44	32	42
Sample742	160	17	107	90	113	150	231	107	41
Sample743	438	157	129	66	35	0	103	34	23
Sample744	435	160	5	43	118	143	31	35	18
Sample745	303	251	99	138	106	0	51	26	46
Sample746	423	168	49	30	30	0	141	75	64
Sample747	0	194	257	73	75	0	207	119	89
Sample748	41	116	328	129	154	83	5	92	32
Sample749	478	95	118	62	54	64	51	28	31
Sample750	129	143	269	110	48	90	31	166	42
Sample751	442	100	102	56	50	110	36	75	47
Sample752	72	448	0	85	18	275	0	61	13
Sample753	383	90	41	179	89	40	53	26	85
Sample754	441	115	97	119	41	3	62	80	28
Sample755	478	141	70	75	45	49	72	25	30
Sample756	451	62	33	128	61	163	24	30	48
Sample757	97	106	385	50	79	13	60	121	72
Sample758	86	85	390	65	125	100	6	47	81
Sample759	374	60	30	90	107	203	99	24	35
Sample760	451	171	151	1	26	0	80	75	30
Sample761	440	61	10	132	72	175	30	30	58
Sample762	406	94	66	111	85	49	50	65	74
Sample763	421	142	62	81	56	12	69	94	48
Sample764	106	117	282	136	36	135	44	55	59
Sample765	431	180	15	87	91	88	55	43	10
Sample766	510	109	120	55	47	0	61	22	56
Sample767	183	147	277	135	0	13	9	187	31
Sample768	408	179	130	71	47	0	54	91	35
Sample769	370	97	35	137	177	59	80	18	8
Sample770	352	204	119	179	35	0	48	20	21
Sample771	461	99	19	124	55	116	62	22	68
Sample772	377	195	80	85	31	35	89	30	62
Sample773	365	139	86	145	102	61	14	39	29
Sample774	396	136	64	62	41	82	77	15	107
Sample775	313	136	0	128	203	0	71	91	36
Sample776	72	448	0	85	18	275	0	61	13
Sample777	11	60	329	45	65	83	187	108	126
Sample778	447	156	55	33	61	0	41	133	66
Sample779	37	57	400	138	51	149	0	83	64
Sample780	348	134	70	111	90	145	26	74	16
Sample781	367	160	43	180	129	66	30	35	3
Sample782	516	93	57	82	55	42	61	32	42
Sample783	401	147	90	112	100	64	44	20	22
Sample784	213	78	0	70	96	139	319	70	29
Sample785	382	160	19	176	60	136	41	32	12
Sample786	427	124	68	68	81	25	87	79	26
Sample787	388	225	92	88	59	99	9	18	30
Sample788	57	114	312	133	149	22	18	108	69
Sample789	185	19	326	72	110	122	56	74	9
Sample790	401	166	107	115	9	16	92	24	70
Sample791	494	156	74	98	0	0	69	43	74
Sample792	285	190	36	57	78	202	36	58	92
Sample793	164	426	110	0	105	0	120	40	58
Sample794	370	3	0	124	178	141	69	47	35
Sample795	398	133	106	74	73	14	87	84	48
Sample796	114	146	3	129	253	189	62	25	67
Sample797	439	162	32	83	52	25	89	31	87
Sample798	152	155	415	95	101	0	40	21	43
Sample799	33	90	351	122	112	144	5	40	77
Sample800	438	115	96	46	36	127	81	27	26
Sample801	440	142	7	93	65	92	41	36	84
Sample802	49	203	101	205	60	0	97	176	78
Sample803	427	138	34	147	49	27	103	44	39
Sample804	447	138	114	48	30	77	91	25	48
Sample805	530	89	65	26	66	78	49	35	43
Sample806	487	114	95	23	59	53	69	43	47
Sample807	466	43	0	125	76	186	19	26	73
Sample808	215	254	46	79	191	116	10	23	36
Sample809	72	5	472	17	91	225	0	35	64
Sample810	466	166	45	25	66	54	66	74	23
Sample811	472	93	114	48	46	89	46	16	76
Sample812	365	138	123	198	40	50	85	22	5
Sample813	464	110	87	111	48	30	70	24	35
Sample814	418	151	132	112	44	0	52	42	35
Sample815	430	107	79	171	49	18	73	31	42
Sample816	76	70	485	114	68	40	3	79	45
Sample817	373	111	28	191	71	101	93	29	37
Sample818	6	425	132	0	32	94	166	42	96
Sample819	378	0	110	115	82	123	59	55	61
Sample820	344	71	7	91	163	156	65	55	24
Sample821	421	169	32	70	97	95	36	64	35
Sample822	427	196	48	85	66	31	79	29	23
Sample823	411	218	69	137	18	8	88	22	29
Sample824	530	89	65	26	66	78	49	35	43
Sample825	91	181	118	124	153	179	17	55	62
Sample826	0	209	246	102	144	99	25	87	62
Sample827	403	135	71	12	113	153	14	70	37
Sample828	435	62	66	54	103	140	88	34	26
Sample829	406	138	90	161	37	5	60	80	15
Sample830	0	111	304	89	35	46	218	133	73
Sample831	478	148	0	90	81	72	53	32	25
Sample832	183	150	421	21	105	0	44	63	40
Sample833	422	46	0	63	91	293	13	33	31
Sample834	341	158	69	116	51	107	90	30	51
Sample835	72	448	0	85	18	275	0	61	13
Sample836	453	225	68	0	43	6	110	42	38
Sample837	114	96	409	114	133	10	30	60	22
Sample838	459	179	52	80	64	26	67	34	18
Sample839	424	192	101	70	39	18	94	43	37
Sample840	100	65	22	54	130	0	146	73	418
Sample841	184	121	311	134	95	0	68	56	12
Sample842	455	188	0	93	55	23	104	38	63
Sample843	72	448	0	85	18	275	0	61	13
Sample844	482	146	45	139	53	0	68	28	31
Sample845	119	92	569	26	19	0	43	52	46
Sample846	205	36	16	140	102	169	263	69	15
Sample847	319	41	0	91	192	163	113	17	65
Sample848	429	129	0	89	68	201	26	32	34
Sample849	180	38	16	115	126	165	292	40	41
Sample850	124	510	138	51	0	0	115	25	36
Sample851	259	259	178	86	50	0	54	55	73
Sample852	351	233	130	18	28	16	68	70	94
Sample853	139	72	367	116	108	56	38	62	29
Sample854	303	32	0	69	213	257	0	73	21
Sample855	72	448	0	85	18	275	0	61	13
Sample856	466	43	0	125	76	186	19	26	73
Sample857	0	322	117	0	122	117	154	41	107
Sample858	512	79	137	61	34	21	70	32	34
Sample859	172	64	29	83	94	178	286	0	102
Sample860	429	44	0	66	70	239	11	16	117
Sample861	451	62	33	128	61	163	24	30	48
Sample862	406	154	76	170	28	0	119	32	23
Sample863	451	169	82	83	42	0	86	36	43
Sample864	410	121	118	101	34	0	70	119	27
Sample865	64	65	425	61	164	112	8	0	68
Sample866	498	117	133	57	25	0	99	33	38
Sample867	434	172	57	122	44	26	80	25	40
Sample868	69	485	90	100	118	0	59	25	17
Sample869	216	266	7	57	124	0	149	98	103
Sample870	436	96	65	159	108	0	79	27	44
Sample871	120	305	10	192	209	0	36	89	58
Sample872	72	448	0	85	18	275	0	61	13
Sample873	116	185	404	96	135	0	0	53	45
Sample874	466	43	0	125	76	186	19	26	73
Sample875	309	162	48	69	107	0	7	159	101
Sample876	405	189	126	128	24	12	33	29	33
Sample877	72	448	0	85	18	275	0	61	13
Sample878	102	0	468	14	68	0	208	151	4
Sample879	117	443	130	77	114	0	66	15	19
Sample880	42	544	66	5	114	0	64	93	42
Sample881	325	73	79	147	95	125	14	114	43
Sample882	429	84	82	50	60	95	20	164	33
Sample883	197	215	190	151	34	12	17	130	39
Sample884	416	201	108	12	92	0	41	76	69
Sample885	442	83	63	65	112	34	42	125	34
Sample886	377	105	2	88	66	235	0	73	69
Sample887	353	149	94	129	65	0	91	93	18
Sample888	482	117	10	79	18	169	27	27	50
Sample889	21	156	313	126	123	100	0	40	101
Sample890	466	43	0	125	76	186	19	26	73
Sample891	399	150	73	51	49	84	89	70	35
Sample892	448	111	5	153	64	71	44	46	38
Sample893	403	114	130	77	129	53	8	39	39
Sample894	254	94	23	144	210	50	107	9	97
Sample895	175	64	15	69	124	185	308	33	43
Sample896	83	48	412	1	177	93	0	31	132
Sample897	470	108	14	54	69	101	60	55	41
Sample898	98	61	23	59	117	0	148	78	415
Sample899	471	178	72	77	18	11	105	27	33
Sample900	23	173	212	174	134	131	0	113	7
Sample901	446	161	85	71	58	59	54	43	41
Sample902	410	158	51	77	102	73	72	24	33
Sample903	428	8	0	139	124	157	59	20	39
Sample904	437	189	25	129	2	26	102	72	32
Sample905	376	94	111	54	87	8	49	101	120
Sample906	382	125	156	114	99	21	50	29	11
Sample907	480	122	70	79	38	17	102	36	35
Sample908	369	96	66	117	125	45	18	108	78
Sample909	403	144	75	105	40	7	86	71	83
Sample910	0	83	209	84	82	172	178	117	81
Sample911	456	84	64	70	50	145	55	37	31
Sample912	443	107	60	126	46	27	64	79	27
Sample913	90	54	261	88	155	161	7	88	77
Sample914	133	367	275	98	53	0	45	8	2
Sample915	427	178	50	107	0	0	84	74	60
Sample916	199	61	79	43	76	212	260	14	55
Sample917	381	186	65	177	33	0	111	25	36
Sample918	522	100	17	124	18	57	97	36	16
Sample919	223	68	29	130	72	129	293	3	39
Sample920	115	105	366	80	131	63	10	55	49
Sample921	372	2	185	34	60	219	44	91	17
Sample922	390	113	72	124	94	157	0	24	34
Sample923	466	118	17	28	78	180	27	40	31
Sample924	0	329	181	0	68	117	103	28	155
Sample925	366	144	0	125	53	156	103	17	59
Sample926	488	147	14	97	57	0	71	80	26
Sample927	394	208	96	121	37	0	89	26	29
Sample928	0	101	415	57	163	72	0	125	43
Sample929	359	182	77	104	94	54	57	67	20
Sample930	305	48	121	63	195	179	6	0	58
Sample931	72	448	0	85	18	275	0	61	13
Sample932	419	115	44	24	119	60	40	129	42
Sample933	291	105	138	119	165	0	163	22	18
Sample934	107	95	30	43	88	12	160	72	407
Sample935	474	95	81	128	0	32	69	39	70
Sample936	257	108	18	116	220	134	112	41	12
Sample937	87	93	0	113	174	265	213	29	29
Sample938	465	117	78	14	101	58	37	78	37
Sample939	410	193	45	137	59	42	32	29	38
Sample940	144	12	51	84	124	290	259	0	35
Sample941	72	448	0	85	18	275	0	61	13
Sample942	125	333	94	0	54	21	235	36	117
Sample943	69	146	402	63	103	168	19	49	19
Sample944	470	217	42	42	40	49	75	52	48
Sample945	467	115	124	57	46	0	54	88	34
Sample946	199	0	0	78	116	260	289	0	66
Sample947	170	36	93	86	87	212	287	0	45
Sample948	451	121	24	82	79	50	56	81	41
Sample949	360	6	7	46	206	160	100	14	75
Sample950	72	448	0	85	18	275	0	61	13
Sample951	397	112	0	69	69	216	32	10	103
Sample952	108	83	62	128	115	211	237	20	36
Sample953	445	127	118	115	31	0	89	32	43
Sample954	360	121	47	89	69	244	19	17	26
Sample955	419	203	90	0	70	0	66	89	40
Sample956	501	163	72	23	52	11	92	38	33
Sample957	77	96	359	13	110	51	94	122	93
Sample958	410	132	168	85	58	80	42	11	28
Sample959	447	188	123	43	47	0	67	62	42
Sample960	145	35	8	29	172	324	216	0	90
Sample961	355	162	50	175	32	0	131	90	25
Sample962	462	183	28	0	54	45	97	81	42
Sample963	133	96	99	137	254	15	94	96	94
Sample964	72	448	0	85	18	275	0	61	13
Sample965	162	145	389	80	102	0	20	60	24
Sample966	118	191	336	51	71	103	50	60	35
Sample967	71	447	2	126	77	0	135	40	82
Sample968	23	39	331	207	31	0	157	190	30
Sample969	333	0	126	52	173	167	37	0	86
Sample970	70	54	370	117	118	102	3	139	11
Sample971	98	61	23	59	117	0	148	78	415
Sample972	319	259	87	34	178	14	29	36	52
Sample973	72	448	0	85	18	275	0	61	13
Sample974	438	144	49	143	51	40	49	40	54
Sample975	72	448	0	85	18	275	0	61	13
Sample976	68	143	381	112	33	0	82	146	22
Sample977	452	102	106	67	137	0	28	73	43
Sample978	419	105	103	121	35	0	114	45	44
Sample979	27	351	192	63	38	0	150	47	114
Sample980	101	305	127	131	171	0	16	48	112
Sample981	427	177	90	38	57	23	76	59	31
Sample982	435	122	43	190	44	48	61	38	11
Sample983	453	46	27	172	25	85	46	115	54
Sample984	478	39	19	128	65	175	15	27	62
Sample985	71	164	398	121	104	0	7	103	20
Sample986	159	129	434	120	46	0	40	59	40
Sample987	153	233	278	85	0	0	42	186	31
Sample988	463	139	155	84	87	0	44	13	29
Sample989	443	186	122	71	38	21	58	28	25
Sample990	229	151	0	164	172	102	37	50	79
Sample991	486	159	51	33	68	0	62	85	34
Sample992	477	119	40	104	97	0	47	82	42
Sample993	502	59	35	122	81	26	102	45	36
Sample994	447	155	27	123	66	57	27	83	33
Sample995	408	84	35	194	58	109	104	22	13
Sample996	425	169	0	77	23	131	85	33	49
Sample997	414	141	30	190	55	31	67	33	31
Sample998	271	144	51	99	235	0	76	90	42
Sample999	144	123	479	46	85	0	20	45	39
Sample1000	488	123	69	84	58	44	31	29	54
Sample1001	376	137	104	49	23	101	96	10	130
Sample1002	462	125	9	91	84	59	50	94	26
Sample1003	368	187	117	123	33	0	71	74	6
Sample1004	62	63	330	115	146	133	0	79	49
Sample1005	444	110	80	136	50	17	52	32	57
Sample1006	427	100	104	36	56	212	26	20	27
Sample1007	403	169	44	138	63	27	42	90	24
Sample1008	178	62	362	122	92	0	2	133	35
Sample1009	438	179	63	84	15	0	89	85	47
Sample1010	484	175	19	78	58	44	83	33	41
Sample1011	444	153	22	74	19	64	47	113	79
Sample1012	279	460	15	0	44	19	85	47	68
Sample1013	451	62	33	128	61	163	24	30	48
Sample1014	91	55	341	104	96	91	64	90	49
Sample1015	341	169	109	55	131	70	40	75	10
Sample1016	416	108	108	164	67	0	61	25	65
Sample1017	146	0	50	49	165	211	283	71	43
Sample1018	185	258	360	51	0	0	0	53	93
Sample1019	360	106	23	90	118	141	34	54	42
Sample1020	478	39	19	128	65	175	15	27	62
Sample1021	160	70	26	69	91	243	287	30	32
Sample1022	453	88	94	121	86	30	50	30	34
Sample1023	72	448	0	85	18	275	0	61	13
Sample1024	182	86	78	74	66	152	283	35	60
Sample1025	415	66	56	100	61	190	24	9	79
Sample1026	102	534	70	0	103	0	71	73	82
Sample1027	440	152	203	46	56	0	48	21	42
Sample1028	263	47	170	90	213	13	89	89	45
Sample1029	121	120	466	42	62	47	66	53	3
Sample1030	417	197	32	93	48	57	92	37	12
Sample1031	72	448	0	85	18	275	0	61	13
Sample1032	221	93	74	155	201	116	101	50	1
Sample1033	165	100	26	73	49	119	291	137	45
Sample1034	409	146	95	98	84	0	64	112	13
Sample1035	421	191	114	24	57	10	69	34	65
Sample1036	130	53	414	95	109	60	53	50	15
Sample1037	122	139	428	88	116	0	31	60	45
Sample1038	157	84	11	92	122	147	307	0	88
Sample1039	71	547	132	71	49	0	44	43	51
Sample1040	401	145	17	96	125	79	74	39	32
Sample1041	262	160	6	151	101	156	0	79	71
Sample1042	454	114	83	128	65	23	49	32	40
Sample1043	72	448	0	85	18	275	0	61	13
Sample1044	10	366	39	31	64	128	174	35	147
Sample1045	465	77	34	12	75	186	27	79	34
Sample1046	399	152	98	51	62	0	72	111	82
Sample1047	375	84	89	224	115	42	30	29	31
Sample1048	437	155	125	59	2	0	85	75	42
Sample1049	493	144	81	25	10	40	77	40	68
Sample1050	461	129	0	45	131	100	45	50	24
Sample1051	99	55	305	152	150	14	25	112	61
Sample1052	73	39	471	89	110	53	0	84	60
Sample1053	482	131	28	85	63	58	26	66	53
Sample1054	348	63	32	98	171	199	17	9	78
Sample1055	162	119	363	43	142	63	26	73	45
Sample1056	386	116	160	116	31	69	39	37	54
Sample1057	452	115	36	98	105	66	35	39	46
Sample1058	68	142	149	178	127	185	9	49	65
Sample1059	266	67	22	54	157	57	329	28	38
Sample1060	219	36	0	116	105	114	322	52	41
Sample1061	319	51	85	98	194	8	58	110	64
Sample1062	346	91	48	38	162	78	159	29	36
Sample1063	87	79	377	29	147	129	10	48	68
Sample1064	446	107	52	89	53	83	82	45	43
Sample1065	482	78	60	81	99	76	36	40	33
Sample1066	47	79	286	101	171	155	0	110	16
Sample1067	479	112	89	77	49	34	67	35	37
Sample1068	408	156	0	209	45	39	68	49	34
Sample1069	72	448	0	85	18	275	0	61	13
Sample1070	0	61	412	104	56	44	178	65	87
Sample1071	151	205	345	0	74	114	36	62	29
Sample1072	375	105	58	114	111	147	39	24	35
Sample1073	26	79	405	58	102	0	191	127	30
Sample1074	395	13	122	15	151	168	32	46	33
Sample1075	341	121	0	138	77	114	24	120	65
Sample1076	460	132	106	63	10	114	61	39	23
Sample1077	446	91	65	40	152	107	13	38	48
Sample1078	398	207	0	95	98	0	84	26	77
Sample1079	125	632	18	45	57	0	32	33	77
Sample1080	100	68	408	52	134	116	0	96	1
Sample1081	410	129	70	62	5	116	76	66	74
Sample1082	472	127	50	128	49	42	59	28	37
Sample1083	429	65	57	55	57	248	32	30	35
Sample1084	360	81	10	94	207	180	53	21	29
Sample1085	479	144	78	72	51	30	56	38	44
Sample1086	469	126	81	123	46	18	62	31	30
Sample1087	454	102	75	179	0	0	96	32	48
Sample1088	156	253	39	175	95	35	9	56	167
Sample1089	464	130	117	21	47	39	64	40	59
Sample1090	4	225	263	110	174	122	0	103	34
Sample1091	402	130	119	102	67	0	97	71	12
Sample1092	451	100	107	51	57	99	61	34	48
Sample1093	472	129	2	49	86	72	72	60	38
Sample1094	460	101	69	125	64	30	70	37	36
Sample1095	184	20	36	63	58	194	338	44	63
Sample1096	457	74	177	34	0	0	56	128	59
Sample1097	416	233	0	139	19	0	95	74	10
Sample1098	496	83	80	122	44	18	81	34	50
Sample1099	347	22	36	108	160	221	0	11	70
Sample1100	138	47	34	161	131	244	228	0	24
Sample1101	396	145	105	102	15	96	72	10	78
Sample1102	185	73	0	97	115	120	307	45	54
Sample1103	291	66	37	126	44	101	317	16	10
Sample1104	299	98	47	63	289	52	97	20	16
Sample1105	465	157	126	4	0	0	98	123	35
Sample1106	280	202	19	161	68	0	131	111	28
Sample1107	382	108	189	42	72	0	93	37	69
Sample1108	448	66	0	32	72	221	22	27	97
Sample1109	210	261	39	181	51	119	0	21	89
Sample1110	506	172	0	88	54	0	117	37	26
Sample1111	304	25	115	124	225	144	0	10	35
Sample1112	451	89	55	117	29	0	74	138	28
Sample1113	216	437	68	48	136	0	54	28	36
Sample1114	319	111	133	85	131	92	85	28	42
Sample1115	469	100	21	94	64	117	49	40	26
Sample1116	57	466	48	25	106	208	0	0	90
Sample1117	280	443	101	0	0	0	85	41	58
Sample1118	364	183	105	183	38	0	64	33	9
Sample1119	139	92	68	133	185	172	0	151	25
Sample1120	426	27	22	41	76	278	0	51	87
Sample1121	0	125	323	19	56	0	283	135	91
Sample1122	277	111	18	95	208	181	102	9	0
Sample1123	148	109	374	81	73	0	108	81	12
Sample1124	399	176	35	142	54	35	64	85	10
Sample1125	433	89	144	43	75	6	86	120	28
Sample1126	432	175	151	44	29	0	87	59	38
Sample1127	266	231	119	95	100	35	28	85	25
Sample1128	377	148	81	172	46	39	42	19	68
Sample1129	89	136	329	93	131	76	14	57	57
Sample1130	195	88	61	38	95	186	251	9	62
Sample1131	478	39	19	128	65	175	15	27	62
Sample1132	138	299	106	70	281	0	77	22	29
Sample1133	316	169	0	160	70	119	66	58	69
Sample1134	162	64	451	56	137	0	31	59	8
Sample1135	174	21	50	120	91	196	287	56	19
Sample1136	23	141	311	98	90	0	165	89	99
Sample1137	421	134	69	58	64	79	49	61	65
Sample1138	341	196	85	120	48	83	73	24	44
Sample1139	282	226	62	113	30	162	88	12	52
Sample1140	112	172	130	93	67	47	140	185	22
Sample1141	72	448	0	85	18	275	0	61	13
Sample1142	72	448	0	85	18	275	0	61	13
Sample1143	158	171	401	71	59	0	41	43	77
Sample1144	159	212	29	187	158	0	154	58	66
Sample1145	236	42	12	86	57	198	325	17	23
Sample1146	409	88	158	38	29	93	64	60	87
Sample1147	101	98	484	49	77	63	6	61	36
Sample1148	479	146	109	62	45	33	75	24	19
Sample1149	406	91	131	118	23	129	71	26	41
Sample1150	492	99	148	63	23	0	90	30	47
Sample1151	114	110	414	44	85	85	30	87	32
Sample1152	227	55	52	64	153	79	295	36	54
Sample1153	72	448	0	85	18	275	0	61	13
Sample1154	54	114	381	114	112	49	26	99	24
Sample1155	288	111	0	86	117	180	158	26	21
Sample1156	505	112	87	74	5	5	75	90	36
Sample1157	415	88	54	132	69	51	50	28	99
Sample1158	363	138	183	141	18	0	77	67	21
Sample1159	74	115	431	66	130	80	0	62	17
Sample1160	204	49	113	65	119	155	282	12	8
Sample1161	460	88	55	56	110	62	84	66	33
Sample1162	492	93	170	40	0	0	83	78	29
Sample1163	203	191	0	175	164	0	111	71	58
Sample1164	435	165	57	79	63	45	46	74	44
Sample1165	103	70	333	85	131	97	50	70	43
Sample1166	468	152	10	80	73	68	74	26	34
Sample1167	135	105	53	97	83	194	268	8	53
Sample1168	238	208	76	201	113	0	48	23	101
Sample1169	475	137	75	121	24	23	109	22	22
Sample1170	147	245	274	144	3	0	5	121	40
Sample1171	101	104	338	160	155	21	40	15	33
Sample1172	418	148	110	136	34	15	63	40	28
Sample1173	503	156	47	90	27	0	83	41	16
Sample1174	473	108	0	99	71	114	54	45	24
Sample1175	418	84	85	108	78	88	66	38	43
Sample1176	399	126	108	153	85	0	53	68	16
Sample1177	440	194	57	91	69	0	53	37	37
Sample1178	103	143	363	128	85	22	59	50	27
Sample1179	458	104	171	37	16	86	60	21	39
Sample1180	457	120	103	118	30	1	55	73	29
Sample1181	466	43	0	125	76	186	19	26	73
Sample1182	0	75	395	105	12	0	262	138	35
Sample1183	452	126	75	67	46	2	64	125	43
Sample1184	408	243	29	138	6	10	72	75	27
Sample1185	460	160	31	94	62	42	75	31	25
Sample1186	457	140	59	83	68	11	75	44	55
Sample1187	413	117	99	109	56	73	22	15	117
Sample1188	416	78	106	150	37	143	40	26	18
Sample1189	83	152	263	133	37	0	234	89	26
Sample1190	449	112	71	77	93	48	63	32	35
Sample1191	98	120	324	72	82	109	76	81	23
Sample1192	60	108	330	76	153	119	25	93	18
Sample1193	18	560	152	91	17	0	57	77	56
Sample1194	51	58	407	139	66	102	42	97	14
Sample1195	430	112	67	112	40	118	70	22	29
Sample1196	473	104	67	88	55	0	56	83	74
Sample1197	188	64	133	51	95	136	282	2	47
Sample1198	394	139	162	90	59	0	68	72	35
Sample1199	478	39	19	128	65	175	15	27	62
Sample1200	40	96	242	146	137	181	32	44	62
Sample1201	49	139	438	100	54	54	75	43	30
Sample1202	351	171	0	139	109	55	77	23	75
Sample1203	390	130	115	109	44	127	30	23	40
Sample1204	467	97	69	133	51	50	54	41	30
Sample1205	223	244	120	166	108	0	14	50	87
Sample1206	451	150	101	85	38	39	53	41	34
Sample1207	397	192	114	67	57	38	70	31	26
Sample1208	192	505	41	41	0	98	86	28	33
Sample1209	471	114	97	72	35	54	65	30	34
Sample1210	502	76	17	90	79	81	55	48	37
Sample1211	279	114	15	20	130	176	48	131	72
Sample1212	436	95	154	102	20	0	86	22	85
Sample1213	482	148	72	84	94	0	46	31	43
Sample1214	130	109	328	141	45	0	48	153	32
Sample1215	462	167	67	33	57	49	68	36	39
Sample1216	420	110	118	172	27	31	77	33	39
Sample1217	458	109	160	49	24	0	94	25	66
Sample1218	239	42	65	74	124	120	294	1	54
Sample1219	153	123	344	142	113	0	28	58	21
Sample1220	464	87	65	58	59	142	38	28	44
Sample1221	71	0	303	9	99	0	227	133	128
Sample1222	418	105	5	79	73	210	25	32	78
Sample1223	275	73	0	133	190	174	43	49	57
Sample1224	397	162	75	14	67	129	14	79	53
Sample1225	377	215	160	90	90	0	25	14	44
Sample1226	364	197	56	134	75	18	107	22	53
Sample1227	507	57	79	58	19	140	40	35	53
Sample1228	177	491	92	116	14	0	26	18	29
Sample1229	27	134	330	183	58	113	22	94	15
Sample1230	326	64	0	138	225	46	83	37	65
Sample1231	177	155	355	86	69	40	51	64	36
Sample1232	451	109	0	57	74	173	40	55	29
Sample1233	459	77	60	62	60	159	38	26	39
Sample1234	350	114	1	109	78	234	27	57	45
Sample1235	44	81	286	108	78	0	256	134	26
Sample1236	430	156	44	95	61	68	66	47	13
Sample1237	466	43	0	125	76	186	19	26	73
Sample1238	97	92	182	115	100	126	62	116	84
Sample1239	495	106	62	124	54	25	60	30	36
Sample1240	97	147	442	0	80	0	66	132	23
Sample1241	171	124	0	180	266	53	50	77	51
Sample1242	407	168	107	93	47	0	54	58	66
Sample1243	0	134	380	107	128	180	0	33	19
Sample1244	440	52	0	150	115	137	80	21	28
Sample1245	8	160	288	161	138	149	0	54	21
Sample1246	494	89	107	61	71	4	105	35	42
Sample1247	423	190	47	103	63	50	49	36	20
Sample1248	112	135	439	22	129	81	23	12	75
Sample1249	421	133	70	123	50	39	55	20	81
Sample1250	33	57	432	39	175	127	24	52	40
Sample1251	488	96	127	0	38	48	67	25	96
Sample1252	201	163	0	115	200	177	92	27	12
Sample1253	445	68	70	80	139	71	13	78	44
Sample1254	417	132	114	110	34	0	61	80	44
Sample1255	441	111	85	179	44	19	33	24	49
Sample1256	434	162	34	74	70	55	91	72	16
Sample1257	449	116	102	124	57	0	71	37	44
Sample1258	451	84	129	58	42	0	86	87	42
Sample1259	453	47	22	72	128	194	12	35	45
Sample1260	0	197	258	99	83	108	42	137	60
Sample1261	141	24	0	109	151	277	250	0	66
Sample1262	492	97	51	78	61	78	55	35	33
Sample1263	433	165	114	63	38	37	81	33	28
Sample1264	351	177	0	143	163	60	27	56	45
Sample1265	501	93	71	78	60	0	53	88	36
Sample1266	57	67	354	135	96	125	0	55	85
Sample1267	136	121	350	46	112	45	28	55	82
Sample1268	481	67	68	108	102	53	74	30	35
Sample1269	464	104	102	13	84	52	62	24	87
Sample1270	240	0	266	118	134	40	61	111	11
Sample1271	352	155	71	61	114	159	32	20	51
Sample1272	401	36	0	52	134	225	55	16	55
Sample1273	427	101	67	55	51	139	32	108	35
Sample1274	308	43	28	40	236	157	106	56	27
Sample1275	91	81	425	72	156	61	0	53	42
Sample1276	153	38	42	118	100	238	247	0	79
Sample1277	72	448	0	85	18	275	0	61	13
Sample1278	82	75	405	8	162	149	0	37	66
Sample1279	415	115	0	126	90	138	45	29	28
Sample1280	221	69	21	60	145	127	277	7	59
Sample1281	222	1	28	89	150	150	287	43	38
Sample1282	341	0	131	34	41	237	101	90	4
Sample1283	124	61	134	167	52	0	264	177	23
Sample1284	451	62	33	128	61	163	24	30	48
Sample1285	33	151	254	89	153	96	0	167	58
Sample1286	175	408	125	128	0	0	15	40	73
Sample1287	441	161	53	73	52	47	106	35	12
Sample1288	97	143	279	9	195	173	0	13	72
Sample1289	463	78	105	62	39	52	34	71	85
Sample1290	347	132	112	101	56	119	29	73	39
Sample1291	251	99	0	222	133	141	122	51	0
Sample1292	456	167	31	87	67	49	70	40	41
Sample1293	401	178	178	51	74	0	56	31	23
Sample1294	356	123	55	189	87	40	36	94	33
Sample1295	305	153	109	56	109	39	52	137	40
Sample1296	241	192	15	94	174	145	114	14	19
Sample1297	239	17	0	104	121	152	264	57	54
Sample1298	46	187	308	67	104	53	0	98	102
Sample1299	0	147	208	228	25	0	260	139	11
Sample1300	413	72	56	102	51	190	29	13	74
Sample1301	410	105	89	108	76	0	75	119	26
Sample1302	0	376	139	0	99	52	154	56	145
Sample1303	90	425	0	195	78	0	13	82	109
Sample1304	92	521	63	119	18	0	70	21	104
Sample1305	246	149	0	120	173	71	190	43	20
Sample1306	422	26	73	88	154	109	75	32	55
Sample1307	396	132	108	120	87	24	78	42	31
Sample1308	123	90	395	135	87	20	53	70	0
Sample1309	489	95	84	73	52	17	48	76	58
Sample1310	332	337	0	19	49	0	81	114	51
Sample1311	94	91	343	26	175	112	11	107	27
Sample1312	0	1	251	83	130	60	279	75	95
Sample1313	306	66	55	94	184	176	55	9	23
Sample1314	468	93	96	78	47	49	61	52	41
Sample1315	136	66	15	54	161	231	230	0	109
Sample1316	72	448	0	85	18	275	0	61	13
Sample1317	386	163	81	81	40	28	77	81	71
Sample1318	513	64	105	66	57	44	49	39	43
Sample1319	72	448	0	85	18	275	0	61	13
Sample1320	420	181	35	192	0	4	99	24	53
Sample1321	127	59	400	48	138	121	9	0	66
Sample1322	121	166	8	141	121	94	284	0	80
Sample1323	263	40	0	40	49	150	345	17	97
Sample1324	72	119	446	65	76	55	49	57	29
Sample1325	468	98	53	74	73	66	58	30	80
Sample1326	281	16	142	213	107	94	53	13	56
Sample1327	90	134	337	93	110	109	0	67	27
Sample1328	167	262	239	105	0	9	22	132	44
Sample1329	430	139	30	185	9	40	59	90	26
Sample1330	469	136	67	76	34	5	115	37	46
Sample1331	10	138	216	112	170	188	0	98	34
Sample1332	111	76	0	134	124	186	269	40	67
Sample1333	424	78	147	140	27	0	52	117	23
Sample1334	27	2	422	93	47	5	261	116	0
Sample1335	141	87	359	74	176	24	43	52	32
Sample1336	459	79	79	84	93	63	36	46	46
Sample1337	409	175	96	65	43	45	78	25	64
Sample1338	102	67	251	113	139	139	16	78	96
Sample1339	474	161	20	86	8	19	112	89	23
Sample1340	118	74	384	64	104	170	0	55	11
Sample1341	456	66	99	47	57	149	48	76	18
Sample1342	112	245	358	99	115	0	34	59	13
Sample1343	387	256	60	99	48	26	56	23	26
Sample1344	55	537	120	118	61	0	46	27	53
Sample1345	462	129	131	16	31	31	81	75	71
Sample1346	506	75	139	52	21	42	47	15	88
Sample1347	416	0	0	157	126	177	37	28	33
Sample1348	499	58	91	1	60	182	38	26	33
Sample1349	22	167	326	133	136	84	29	45	31
Sample1350	181	333	0	261	75	0	0	84	47
Sample1351	22	27	345	160	71	0	223	162	21
Sample1352	440	61	10	132	72	175	30	30	58
Sample1353	203	58	0	91	89	253	273	3	46
Sample1354	87	167	310	143	102	0	41	89	43
Sample1355	100	109	344	117	141	23	36	61	48
Sample1356	479	91	101	70	38	60	63	42	41
Sample1357	493	70	123	57	81	7	75	38	41
Sample1358	215	55	3	82	95	194	301	2	68
Sample1359	409	111	34	71	67	199	0	22	79
Sample1360	514	83	71	74	60	64	51	33	39
Sample1361	87	132	217	124	165	93	0	138	24
Sample1362	35	69	331	52	168	276	0	44	5
Sample1363	124	173	420	38	104	0	8	67	41
Sample1364	467	65	42	4	69	201	27	18	86
Sample1365	327	124	0	116	138	151	25	58	95
Sample1366	389	213	58	86	86	14	43	68	61
Sample1367	479	109	30	108	39	84	88	15	67
Sample1368	388	191	35	64	69	117	92	27	25
Sample1369	0	53	336	137	88	0	174	159	56
Sample1370	423	80	105	109	32	120	49	20	42
Sample1371	407	103	90	162	40	95	44	24	43
Sample1372	195	310	0	213	131	0	33	52	47
Sample1373	114	131	425	126	132	0	8	58	34
Sample1374	431	140	1	157	63	56	63	45	36
Sample1375	407	126	141	72	120	4	48	27	55
Sample1376	447	154	30	100	97	0	101	37	22
Sample1377	437	131	112	74	34	2	85	93	24
Sample1378	512	79	137	61	34	21	70	32	34
Sample1379	492	106	62	118	64	25	51	23	46
Sample1380	212	178	3	140	191	0	178	64	52
Sample1381	112	139	327	82	75	51	79	62	57
Sample1382	0	501	91	75	131	113	39	21	15
Sample1383	388	0	31	65	80	277	41	0	104
Sample1384	333	23	10	89	180	298	6	17	78
Sample1385	81	184	278	66	147	95	2	73	56
Sample1386	391	133	113	50	95	131	0	62	33
Sample1387	390	113	12	136	91	106	47	30	75
Sample1388	391	187	54	78	99	103	46	19	31
Sample1389	454	176	152	51	44	0	68	32	31
Sample1390	25	72	364	119	175	131	7	89	7
Sample1391	178	193	387	0	128	0	5	104	32
Sample1392	204	169	53	126	232	13	56	122	15
Sample1393	127	141	243	131	115	213	0	0	10
Sample1394	470	184	88	36	6	50	87	42	26
Sample1395	445	157	114	104	44	17	44	62	28
Sample1396	444	99	91	66	96	13	77	82	32
Sample1397	486	83	86	89	33	62	80	52	21
Sample1398	452	174	40	38	79	81	45	36	36
Sample1399	398	167	33	230	43	17	71	28	13
Sample1400	474	164	121	0	55	13	52	71	42
Sample1401	415	88	26	120	60	167	26	75	23
Sample1402	295	390	95	46	17	0	96	44	59
Sample1403	86	154	294	113	81	116	12	67	52
Sample1404	427	102	83	75	143	74	8	22	47
Sample1405	439	108	103	168	38	6	67	31	32
Sample1406	0	70	360	149	43	67	198	116	11
Sample1407	410	219	87	63	35	0	92	73	13
Sample1408	33	183	411	70	137	48	26	59	14
Sample1409	473	35	38	108	12	141	76	74	51
Sample1410	451	62	33	128	61	163	24	30	48
Sample1411	304	0	24	132	204	162	58	25	73
Sample1412	0	304	168	0	61	164	91	64	149
Sample1413	478	39	19	128	65	175	15	27	62
Sample1414	485	91	107	112	52	10	57	32	54
Sample1415	124	95	364	49	75	185	4	39	37
Sample1416	36	122	309	96	65	261	40	35	30
Sample1417	412	192	154	1	37	38	105	34	19
Sample1418	368	189	32	137	45	92	46	15	76
Sample1419	135	71	328	103	120	0	72	68	71
Sample1420	380	200	42	85	56	23	78	95	59
Sample1421	331	235	52	157	43	37	106	65	0
Sample1422	199	74	38	125	95	32	364	22	47
Sample1423	180	13	55	40	96	243	262	6	75
Sample1424	377	0	70	75	186	150	66	17	39
Sample1425	431	69	152	34	24	98	91	21	88
Sample1426	90	83	275	153	117	120	14	70	51
Sample1427	478	39	19	128	65	175	15	27	62
Sample1428	0	216	208	158	49	75	116	105	54
Sample1429	516	115	24	93	19	73	63	36	50
Sample1430	171	110	417	81	131	4	31	18	72
Sample1431	500	131	0	80	57	86	72	18	70
Sample1432	453	155	46	71	59	59	66	17	66
Sample1433	72	448	0	85	18	275	0	61	13
Sample1434	71	174	432	68	106	0	12	103	21
Sample1435	522	97	97	68	54	27	54	31	42
Sample1436	401	196	131	77	38	0	66	34	36
Sample1437	435	150	22	244	53	0	58	35	17
Sample1438	506	97	153	63	19	20	61	37	29
Sample1439	72	448	0	85	18	275	0	61	13
Sample1440	389	86	61	86	49	191	49	64	38
Sample1441	107	130	419	103	93	59	11	39	74
Sample1442	447	73	53	63	67	149	40	83	40
Sample1443	441	105	8	152	54	82	59	45	34
Sample1444	86	70	427	40	85	125	55	50	28
Sample1445	93	159	417	113	64	0	58	64	6
Sample1446	377	163	80	72	86	112	49	34	53
Sample1447	66	71	129	155	114	302	0	41	96
Sample1448	415	191	58	136	47	6	73	32	28
Sample1449	450	139	0	126	107	2	75	60	33
Sample1450	454	98	81	60	41	98	105	30	48
Sample1451	271	112	0	154	143	144	132	26	19
Sample1452	440	82	76	61	41	91	53	18	138
Sample1453	453	88	94	121	86	30	50	30	34
Sample1454	243	108	20	179	207	117	111	14	20
Sample1455	445	142	117	117	40	5	64	37	33
Sample1456	486	107	121	17	48	19	52	87	55
Sample1457	442	186	59	83	44	91	25	21	29
Sample1458	9	53	285	116	80	0	211	186	78
Sample1459	405	115	44	119	54	103	61	72	35
Sample1460	71	73	438	52	116	141	0	58	32
Sample1461	403	213	0	161	0	41	100	43	19
Sample1462	46	90	267	175	33	0	199	163	43
Sample1463	145	463	58	53	82	0	151	17	60
Sample1464	366	144	0	132	95	136	39	28	60
Sample1465	513	98	43	30	68	92	56	37	36
Sample1466	446	88	64	61	54	45	42	114	78
Sample1467	65	76	325	44	88	75	134	113	97
Sample1468	423	120	79	109	29	17	111	72	67
Sample1469	419	176	0	93	44	0	149	79	40
Sample1470	366	75	50	83	62	218	47	67	32
Sample1471	94	306	126	115	150	0	103	0	77
Sample1472	82	121	302	76	119	176	0	104	4
Sample1473	65	56	350	53	111	0	216	126	39
Sample1474	93	210	348	19	85	128	17	70	53
Sample1475	495	93	121	104	42	0	63	21	41
Sample1476	0	100	252	174	116	168	0	113	65
Sample1477	312	91	111	124	118	71	108	16	38
Sample1478	451	129	92	126	52	30	55	40	25
Sample1479	415	184	76	74	46	23	94	41	32
Sample1480	435	155	49	134	52	27	69	36	22
Sample1481	251	52	0	45	91	162	322	35	50
Sample1482	415	187	98	67	59	42	65	32	27
Sample1483	426	129	106	123	33	0	94	35	33
Sample1484	455	175	55	33	48	0	100	42	70
Sample1485	440	61	10	132	72	175	30	30	58
Sample1486	470	117	44	71	74	45	52	83	44
Sample1487	172	215	8	218	148	18	125	73	11
Sample1488	393	144	5	124	62	122	52	68	38
Sample1489	500	71	147	48	79	32	51	28	29
Sample1490	476	164	77	27	50	19	92	40	33
Sample1491	23	62	328	91	67	122	198	94	26
Sample1492	164	153	296	55	99	0	55	165	40
Sample1493	384	18	28	52	200	185	37	64	68
Sample1494	61	0	231	92	104	73	227	189	41
Sample1495	425	172	61	76	51	44	64	79	20
Sample1496	211	156	56	132	110	71	38	190	22
Sample1497	333	190	8	194	49	61	101	36	54
Sample1498	496	113	53	144	54	0	59	42	31
Sample1499	456	160	0	114	68	51	53	49	30
Sample1500	125	76	172	144	109	200	27	61	61
Sample1501	64	108	426	77	129	77	0	55	38
Sample1502	220	131	53	57	129	0	321	59	49
Sample1503	413	83	102	92	44	252	0	8	23
Sample1504	401	41	31	113	125	149	37	19	102
Sample1505	343	155	78	63	77	143	28	78	27
Sample1506	180	51	22	32	171	205	263	36	58
Sample1507	193	426	93	36	97	0	88	25	60
Sample1508	0	81	255	123	22	76	223	171	52
Sample1509	414	118	79	116	85	37	46	71	26
Sample1510	488	100	107	113	34	27	69	25	29
Sample1511	317	179	77	109	78	109	68	11	79
Sample1512	72	448	0	85	18	275	0	61	13
Sample1513	405	102	82	83	82	94	49	26	92
Sample1514	465	99	101	6	72	170	0	24	43
Sample1515	445	127	118	115	31	0	89	32	43
Sample1516	402	175	43	135	31	7	133	33	41
Sample1517	154	209	296	223	23	0	3	68	44
Sample1518	387	85	94	200	72	51	46	10	75
Sample1519	72	448	0	85	18	275	0	61	13
Sample1520	76	34	275	186	11	16	271	95	53
Sample1521	405	211	57	64	49	125	54	17	18
Sample1522	50	115	355	69	31	0	205	134	42
Sample1523	452	137	45	115	78	68	53	31	35
Sample1524	174	174	40	83	82	0	334	113	16
Sample1525	461	117	116	96	37	57	45	12	77
Sample1526	485	121	68	76	53	48	57	34	37
Sample1527	468	104	87	68	88	36	60	32	42
Sample1528	111	67	53	104	128	235	213	0	103
Sample1529	413	104	70	48	107	139	23	65	23
Sample1530	123	91	384	69	108	116	0	56	21
Sample1531	419	88	103	98	75	49	95	17	82
Sample1532	442	105	20	140	96	92	42	34	21
Sample1533	98	61	23	59	117	0	148	78	415
Sample1534	179	189	108	6	323	21	2	94	72
Sample1535	401	122	104	151	70	5	85	20	63
Sample1536	493	108	65	121	28	5	124	33	31
Sample1537	512	85	88	7	58	132	60	27	46
Sample1538	379	110	141	198	30	0	54	74	22
Sample1539	410	207	42	39	52	131	68	28	38
Sample1540	447	129	82	68	50	35	55	81	32
Sample1541	457	148	18	89	72	64	74	38	40
Sample1542	29	8	327	235	19	0	202	138	57
Sample1543	203	116	360	83	82	0	43	68	13
Sample1544	429	107	0	195	66	89	39	36	31
Sample1545	341	102	95	102	59	98	34	136	47
Sample1546	384	0	59	130	161	128	57	22	26
Sample1547	451	156	33	80	53	96	39	70	14
Sample1548	0	99	344	100	66	0	245	134	25
Sample1549	499	95	117	64	36	39	50	37	35
Sample1550	492	97	51	78	61	78	55	35	33
Sample1551	19	90	249	151	51	0	233	135	80
Sample1552	98	61	23	59	117	0	148	78	415
Sample1553	121	88	306	70	135	122	59	63	17
Sample1554	78	44	398	116	150	72	19	60	50
Sample1555	86	113	0	129	148	209	254	38	38
Sample1556	112	380	132	36	48	41	85	19	110
Sample1557	391	139	116	114	50	115	0	16	39
Sample1558	446	120	47	72	58	141	45	20	51
Sample1559	94	100	393	128	98	0	29	98	40
Sample1560	395	100	63	166	25	0	114	64	73
Sample1561	522	110	0	47	68	109	50	40	34
Sample1562	437	154	56	139	48	43	46	24	33
Sample1563	150	137	406	38	121	0	34	109	29
Sample1564	98	61	23	59	117	0	148	78	415
Sample1565	97	69	379	82	115	113	0	71	39
Sample1566	85	137	352	76	144	104	0	50	39
Sample1567	266	100	9	114	191	183	113	5	28
Sample1568	478	39	19	128	65	175	15	27	62
Sample1569	162	190	410	51	61	3	35	65	31
Sample1570	115	142	463	74	88	0	42	53	53
Sample1571	425	74	0	73	79	181	36	69	78
Sample1572	75	106	371	92	44	0	181	117	27
Sample1573	403	142	33	129	47	0	128	83	35
Sample1574	172	185	51	135	170	65	116	101	16
Sample1575	72	448	0	85	18	275	0	61	13
Sample1576	193	131	1	180	205	185	97	9	11
Sample1577	90	137	403	109	103	39	28	61	10
Sample1578	48	95	333	116	139	79	60	53	50
Sample1579	475	108	0	72	69	71	110	82	28
Sample1580	392	152	46	186	32	31	71	11	87
Sample1581	432	16	0	48	167	176	57	68	1
Sample1582	448	141	23	94	71	55	68	32	76
Sample1583	437	157	63	96	59	70	23	37	50
Sample1584	92	199	346	140	57	42	66	63	29
Sample1585	469	126	86	74	45	22	80	35	48
Sample1586	88	104	400	155	81	0	68	46	45
Sample1587	435	131	122	66	92	9	49	35	46
Sample1588	137	10	113	114	108	119	258	88	67
Sample1589	186	454	128	53	61	10	52	44	36
Sample1590	141	42	327	75	69	207	28	65	26
Sample1591	415	141	94	70	86	12	106	37	54
Sample1592	104	41	165	53	157	194	4	178	79
Sample1593	336	159	158	49	74	9	90	71	81
Sample1594	420	196	81	39	43	0	69	92	44
Sample1595	330	52	42	0	227	149	64	67	45
Sample1596	361	136	33	106	102	104	68	76	32
Sample1597	117	59	413	112	108	54	0	48	55
Sample1598	454	126	0	77	43	150	29	69	52
Sample1599	367	0	0	68	113	217	106	49	86
Sample1600	341	96	46	87	73	224	28	0	132
Sample1601	457	121	76	129	57	14	86	45	23
Sample1602	429	140	1	135	65	55	64	22	75
Sample1603	505	106	73	33	58	39	46	94	54
Sample1604	50	169	214	110	106	201	0	159	27
Sample1605	99	62	300	130	72	133	26	146	9
Sample1606	57	134	371	63	126	147	48	0	28
Sample1607	412	204	48	94	52	18	63	88	21
Sample1608	455	81	105	60	89	52	37	77	36
Sample1609	444	90	95	63	92	66	41	21	80
Sample1610	416	182	24	181	62	27	54	75	5
Sample1611	70	159	250	95	37	212	0	141	72
Sample1612	401	202	71	112	92	0	51	73	26
Sample1613	397	105	75	51	102	110	69	71	28
Sample1614	404	111	68	101	52	149	43	11	75
Sample1615	117	21	323	69	111	137	34	100	53
Sample1616	426	129	55	112	116	19	44	76	49
Sample1617	152	54	341	108	78	68	68	103	10
Sample1618	72	448	0	85	18	275	0	61	13
Sample1619	51	66	386	61	93	0	184	135	26
Sample1620	98	61	23	59	117	0	148	78	415
Sample1621	388	133	79	70	57	164	8	36	49
Sample1622	424	200	116	26	29	0	65	72	60
Sample1623	250	238	144	51	62	55	67	70	47
Sample1624	75	142	415	92	150	53	0	69	28
Sample1625	420	124	30	116	75	121	56	31	35
Sample1626	144	132	9	68	78	146	311	44	76
Sample1627	11	38	343	89	86	6	217	118	99
Sample1628	78	235	153	94	151	170	37	27	81
Sample1629	457	160	95	65	81	22	31	66	23
Sample1630	139	127	362	75	78	0	8	138	49
Sample1631	198	272	98	39	76	96	111	80	44
Sample1632	266	55	0	85	56	211	274	11	58
Sample1633	262	485	8	11	36	0	86	34	61
Sample1634	416	215	56	137	54	22	39	26	35
Sample1635	454	98	81	179	41	19	61	40	27
Sample1636	361	0	0	167	111	222	52	6	48
Sample1637	202	205	15	155	211	7	56	114	22
Sample1638	449	109	84	136	41	0	75	34	58
Sample1639	530	93	105	116	0	6	74	33	35
Sample1640	475	86	52	131	65	34	69	37	37
Sample1641	471	87	45	144	56	35	82	44	44
Sample1642	227	102	40	188	257	14	22	53	72
Sample1643	442	78	83	182	124	0	30	31	43
Sample1644	203	6	389	65	118	0	38	111	36
Sample1645	72	448	0	85	18	275	0	61	13
Sample1646	414	73	138	91	72	81	26	2	129
Sample1647	144	84	53	110	95	166	300	0	66
Sample1648	149	153	348	135	54	0	71	61	5
Sample1649	28	184	235	121	98	114	0	155	81
Sample1650	80	156	340	90	105	99	39	66	4
Sample1651	275	0	82	112	245	160	15	94	11
Sample1652	250	50	0	86	54	200	335	9	29
Sample1653	102	144	417	75	139	59	0	15	37
Sample1654	423	91	70	168	77	34	68	82	5
Sample1655	17	167	271	162	49	214	12	31	58
Sample1656	72	448	0	85	18	275	0	61	13
Sample1657	352	149	126	50	98	154	6	18	39
Sample1658	406	164	25	171	78	46	73	27	40
Sample1659	433	201	136	24	85	32	21	27	31
Sample1660	459	143	6	185	19	30	92	33	41
Sample1661	363	129	160	143	9	10	73	8	124
Sample1662	61	76	395	58	111	163	0	56	53
Sample1663	320	126	101	167	35	89	78	81	11
Sample1664	514	38	120	44	36	50	81	28	74
Sample1665	563	72	74	40	59	0	71	43	50
Sample1666	0	437	113	65	237	0	118	19	29
Sample1667	13	63	367	173	46	0	206	127	20
Sample1668	168	93	0	296	225	72	37	65	17
Sample1669	80	82	337	136	150	109	0	53	21
Sample1670	101	271	128	139	98	0	85	74	86
Sample1671	466	43	0	125	76	186	19	26	73
Sample1672	262	485	8	11	36	0	86	34	61
Sample1673	368	85	39	151	52	216	5	57	35
Sample1674	478	39	19	128	65	175	15	27	62
Sample1675	444	152	83	75	49	2	70	79	38
Sample1676	113	108	377	133	133	26	7	54	22
Sample1677	178	125	291	121	143	0	8	112	48
Sample1678	458	116	90	128	44	16	60	31	57
Sample1679	133	90	389	58	64	170	0	46	19
Sample1680	210	14	40	90	143	144	291	43	37
Sample1681	422	54	68	56	65	181	21	20	98
Sample1682	236	203	86	117	122	97	71	60	31
Sample1683	91	165	369	64	127	65	36	53	5
Sample1684	271	40	0	62	142	201	230	6	29
Sample1685	140	50	373	100	92	72	49	95	11
Sample1686	262	485	8	11	36	0	86	34	61
Sample1687	477	97	34	93	72	96	34	45	41
Sample1688	486	97	37	31	70	106	39	85	34
Sample1689	457	164	110	63	43	0	105	30	28
Sample1690	374	106	48	52	53	235	66	23	35
Sample1691	0	453	111	68	95	66	122	16	91
Sample1692	371	180	89	83	60	0	31	136	30
Sample1693	376	232	83	121	75	0	93	34	0
Sample1694	66	58	520	78	137	35	3	34	48
Sample1695	148	116	468	0	127	53	31	54	30
Sample1696	102	120	14	288	273	100	11	61	25
Sample1697	451	62	33	128	61	163	24	30	48
Sample1698	159	212	29	187	158	0	154	58	66
Sample1699	117	209	281	118	136	30	26	54	64
Sample1700	500	116	151	35	61	0	76	20	41
Sample1701	439	165	25	122	60	70	46	19	62
Sample1702	370	45	34	127	158	199	35	5	7
Sample1703	324	130	52	88	193	117	52	52	21
Sample1704	466	106	194	26	24	0	48	109	44
Sample1705	228	0	385	13	119	75	41	58	54
Sample1706	206	149	40	43	234	185	0	60	65
Sample1707	462	87	26	128	87	30	66	88	34
Sample1708	72	448	0	85	18	275	0	61	13
Sample1709	435	76	177	31	67	129	48	23	29
Sample1710	396	124	17	2	71	163	40	106	73
Sample1711	413	132	126	50	2	62	160	31	24
Sample1712	492	168	0	46	16	63	77	74	43
Sample1713	72	448	0	85	18	275	0	61	13
Sample1714	127	225	321	128	0	14	0	129	36
