MutationType	Signature A	Signature B	Signature C	Signature D	Signature E	Signature F	Signature G	Signature H	Signature I
A[C>A]A	1.408296790125204e-17	0.01576350201247607	0.020734650260485425	0.008848512581580106	4.6719873638823744e-05	0.016265040223765764	0.014519923699831792	0.018934720768216194	0.04347893223032766
A[C>A]C	0.003259991407229836	0.005804366226600473	0.004996594547230411	0.007922920962939815	0.014264421123531159	0.010308070210515361	0.035716530908481314	0.01428275963497061	0.00991046333985213
A[C>A]G	0.00997496040623143	0.010652168306855073	0.007768086086355303	0.005785725402952125	0.004983240680111491	0.006109475885040728	0.0023332137194141287	0.006412310374803458	0.0031061312169552964
A[C>A]T	0.009790893142432065	0.009800421148505253	0.006858793171505801	0.006412996622365852	0.007407307134070968	0.005343417984881776	0.004292991046232955	0.008447032789845411	0.006620017747846389
A[C>G]A	0.020229599690000964	0.022112902460088495	0.01602714687563416	0.005872916820400129	0.009608362427092957	0.01690423566380114	0.005430180773213559	0.011942191116955003	0.003133948030498299
A[C>G]C	0.009217096973118285	0.009835719239554206	0.007426094723141017	0.005392387540532204	0.00839171367802041	0.00650682155375383	0.0028507577142355108	0.00689089591587781	0.007622362987114632
A[C>G]G	0.009878197090601898	0.010922524724263742	0.007108410992355645	0.006071878532425305	0.006338903007558527	0.006293987645021521	0.0016236934029931673	0.0063070666730867435	0.003054401292405513
A[C>G]T	0.0073926687341714405	0.010515794718634917	0.006235361499165364	0.0029275663891220414	0.006544637800182369	0.00986740794533009	0.017273109222253887	0.002336369981064534	0.013570794464144258
A[C>T]A	0.01054776379650263	0.0015421501507570806	0.049987520309103015	0.1559712719686625	0.012431063794822622	0.030596534865690223	0.020501370608868422	0.013870612731182558	0.01116695715192841
A[C>T]C	0.007960625588855024	0.00986162458967375	0.0073872437521378355	0.008311622209042214	0.006345174353074348	0.006688348443924888	0.008516069148425426	0.008358684669558773	0.005426409320404061
A[C>T]G	0.02028245226409462	0.01628004563937087	0.015364303019654663	0.016154249868065355	0.010106885072952265	0.01679680010817708	0.0026950851417577902	0.014089039607477531	0.0028813465264349875
A[C>T]T	0.01199253793326641	0.0011391587878634042	0.006642705583796276	0.01753042805727163	0.07249428093733766	0.009765272530639007	0.043160864933331836	0.026497888884007163	0.017407494183551045
A[T>A]A	0.00786161653998736	0.008933725643777275	0.0029745830839062685	0.005862381393409171	0.030612969498483623	0.0065936416862320355	0.012364153933334976	0.0026582920375951753	0.001257636269361871
A[T>A]C	0.021584848492345328	0.013930785900115775	0.0003893533790084849	0.015238928426748163	0.007382032295144529	0.018019403998312682	0.00665943820886713	0.015055918639269451	0.01016611690187284
A[T>A]G	0.0034737908396370006	0.012084039241982343	0.022113009697317644	0.006940739668606035	0.01810542399180865	0.008630938525713651	0.021066239073721106	0.007032790414842147	0.01052653257691187
A[T>A]T	0.008648650143008946	0.010592044621420025	0.006460211697807981	0.007001355694487675	0.006377211503582546	0.005846715294176002	0.0011209063494070633	0.007409126397781863	0.015301012746175985
A[T>C]A	0.005918787039994098	0.02115570267025038	0.04282077870328509	0.016314932949958616	0.0013766024508034928	0.07658572375418704	0.03296837855724501	0.027405817882420313	0.006771175099615877
A[T>C]C	0.00014193169128917803	0.004337978948542192	0.008579651481454977	0.001342355034143089	0.00341394732799637	0.014802291531328584	0.0006195003899928846	0.16036887623056462	0.022947331508354086
A[T>C]G	0.0021257241108089088	0.01467380209652619	0.020206974277607738	0.011768494501734676	0.01395613190921305	0.028572373415458915	0.01815804350758208	0.0008468656608537992	0.002383422647147698
A[T>C]T	1.7942732737135751e-06	0.0011259516209653115	0.047360700323744176	0.018061214072960012	0.15143321521591932	0.00666687015171668	0.04061154741327222	6.403938648667497e-09	0.008691843134327458
A[T>G]A	0.00936634910859016	0.010879025015479635	0.0070584477868340595	0.00785550152267391	0.006758156121928153	0.005257673388465396	0.0023189488270735177	0.003561547030995282	0.007848323496645706
A[T>G]C	0.004846576286262569	0.008752158004161445	0.020060778000572627	0.009525556737900228	0.00547161641708388	0.006066703632847248	0.0028447658576703956	0.01654904697096745	0.021019591810929016
A[T>G]G	0.009501832154491473	0.010924067798376225	0.006954280194126972	0.005563531215315722	0.005872087805316948	0.006603475214938349	0.0026582025247509126	0.004885362965826382	0.00848941849190439
A[T>G]T	0.009634081054988081	0.010535450598552813	0.006841659625381738	0.00797524164213683	0.006268690884048784	0.006308273502385052	0.002233185687561567	0.006411770315119103	0.0029457442830664307
C[C>A]A	0.009095960457070312	0.01051510729781812	0.006379619078478452	0.005109686972692122	0.0075791673353032985	0.00459102663571206	0.0035447543742533416	0.006958099239722199	0.014115297615831624
C[C>A]C	0.008988250412634362	0.010016026110208333	0.0060438063613731715	0.006672317631471574	0.006439615238312367	0.005596634498870323	0.0019938134064420576	0.006858833590595198	0.013575178868399743
C[C>A]G	0.009541230520706465	0.01112895281103146	0.00697767806056321	0.005781418247778411	0.00825936576080334	0.007269775511075081	0.0018299338464747132	0.005325572617914869	0.0029428824278102885
C[C>A]T	0.008354255225872787	0.010282886575384183	0.005930824213027672	0.006509674419262546	0.01010012640660736	0.005305939580839011	0.004693288343496099	0.00703266222971094	0.013180487363782762
C[C>G]A	0.009833991886900813	0.010846802914306765	0.006641141079236213	0.006914117384771471	0.006246873602048128	0.005971939199241816	0.00269837341583632	0.006922513257161044	0.0023910571133944573
C[C>G]C	0.009677848430317448	0.010583233807156629	0.007147459848822524	0.006881100754416547	0.006762452211360645	0.006599018462859991	0.0023489929349926573	0.005588132042756081	0.001883100568431969
C[C>G]G	0.00944054752601169	0.010192769216860732	0.006644384141806691	0.006288651836707567	0.006084691465711745	0.007426348538447051	0.0019989460984783944	0.006057849595211514	0.0035176643244252204
C[C>G]T	0.0100957932977323	0.01066856290025673	0.0070984646037712176	0.003994035682875733	0.005948711153365499	0.00720278042114337	0.002284236736569353	0.007776943512580254	0.0023059940221937902
C[C>T]A	0.0041939282442235	0.010379974825737857	0.004185919522756267	0.008569122044940407	0.0049065062827403595	0.007730565586865126	0.026330507776740796	0.009074409216989987	0.03167220102832929
C[C>T]C	0.008589949728139826	0.009165819140620734	0.00820019944987	0.006117463767252992	0.003023411172067077	0.0061885764269397	0.007932975661508558	0.01634868660054152	0.002479013316869508
C[C>T]G	0.019775793443853787	0.02158965643549192	0.015796250862524605	0.012534853224755008	0.008158388715766164	0.014863028823952067	0.003940551561377136	0.011224530819547742	0.004172782073224665
C[C>T]T	0.0345971386090117	0.012033475536492477	0.012772820132819128	0.01633415989668121	0.004818594027154262	0.02555651091015071	0.03270624921557818	0.010519085084369053	0.00174364591125266
C[T>A]A	0.008914374418847484	0.009689341342453814	0.007296933762790036	0.006156912547588678	0.004175146478423339	0.006035721137190987	0.0031417100397861807	0.00941103592474006	0.015310483715535702
C[T>A]C	0.0166592325473411	0.00044005161861821	0.014944547582860557	0.02463809020780071	0.0036818468799248703	0.011722819694612033	0.009109113920565643	0.025623410729748552	0.027482519655295558
C[T>A]G	0.001585432310468227	0.005082269621339687	0.0004367054232288141	0.008121931011142043	0.03976777184401101	0.008727117096208697	0.03299370210860819	0.011316407241156725	0.03017330619661441
C[T>A]T	0.010360027387543571	0.010943675085117573	0.007760263059284561	0.00833868400969378	0.0041887975775151964	0.005819984322682839	0.0034061984945090024	0.004059672126772209	0.0031514204629782988
C[T>C]A	0.014533105167129913	0.006776589061741521	0.030948062364551658	0.021489780768911164	0.0027997939430248423	0.030456471645433775	0.01933173557063612	0.024690857447553657	0.010923921660576824
C[T>C]C	0.0016863379852832053	0.006406328967065655	0.02598598017063119	0.009881653237286053	0.0034842949194223843	0.01607426494595316	0.048623891762727973	0.008685318616767638	0.005790415863881776
C[T>C]G	0.008621832430182788	0.009471406846292961	0.0069637958602339865	0.007157134525244937	0.005569547634949862	0.0056829806356149815	0.002393173558962035	0.006115491833847355	0.020060903604000854
C[T>C]T	0.023379926910958408	0.00748613772007177	0.0017030698167132736	0.01625789013520293	0.01287713104463954	0.006865987898985531	0.009067797003163316	0.0029994799026037368	0.013370755775305169
C[T>G]A	0.009794862152225432	0.01064071791606118	0.0066186927124745765	0.007242434779427006	0.006467764711238225	0.006996226321526515	0.0016282291631322288	0.005721353533508994	0.002649350600667946
C[T>G]C	0.010583050404715303	0.01231373548060333	0.004592459001619003	0.002791797604754787	0.020512539445147054	0.005499790872814141	0.009390298840666169	0.0023582719571743115	0.0014624012260813994
C[T>G]G	0.009298888411052114	0.009134891798128833	0.007192610605821182	0.005940152606384766	0.0070752044597158035	0.0074915731015726735	0.005520824751070787	0.009645423084669692	0.005253026111050978
C[T>G]T	0.009575492437044739	0.010829573598761372	0.006983137132590609	0.007678121476992208	0.005863405090234697	0.006508806626378545	0.0030053408456200297	0.005352355446125039	0.002529163061034166
G[C>A]A	0.008724719970184761	0.009486091378456341	0.00816112795848152	0.006096795881364789	0.0072724220034357445	0.004055718617419661	0.0015061588793532131	0.007329947427256261	0.020403693914682698
G[C>A]C	0.005544135889108934	0.020359339701229544	0.006498417412759065	0.01266887234707762	0.003722764590346177	0.012791555892629057	0.0007368702042549029	0.00683984760819671	0.006536380572035221
G[C>A]G	0.00981805652289574	0.010157864842575779	0.0074970062560733	0.006833605598434213	0.006605211288638107	0.0056956028068422555	0.002305060649440349	0.006423863398484589	0.00224243369203111
G[C>A]T	0.01835419541900235	0.005426715600957182	0.006850337894041417	0.046563810551099205	0.0020335940417045835	0.024787090513566673	0.003168891949113337	0.045522815085593624	0.0008084797889334749
G[C>G]A	0.008144693287701694	0.008974377130320847	0.006598722299086366	0.007521180109867021	0.005250337404872711	0.0051548435730854525	0.0026623814235212768	0.010471187602192265	0.020065154909504855
G[C>G]C	0.023848321643115795	0.004518681090260091	0.016864268881602616	0.0076331987563192	0.015967688855833693	0.01013160073321364	0.0035810914624002242	0.016199971795286698	0.003985405460822299
G[C>G]G	0.009073046527747534	0.010384088215855456	0.006439822463059144	0.005935817649826231	0.005804417933056886	0.007968734954831472	0.001555697053739947	0.006163848018637289	0.009134030079134109
G[C>G]T	0.02619614658905483	0.0061842818035609416	0.02035132405402344	0.004552084394244221	0.019322333767496994	0.006097920015070388	0.002059450374101	0.0018116576492188752	0.008409516293811089
G[C>T]A	0.00660091774540585	0.009778276776805338	0.0061730453188598025	0.005691946619053162	0.006468072272426622	0.008458657700430632	0.023255203643481024	0.007051468944688673	0.019649602809480582
G[C>T]C	0.006891304999772767	0.023976044956097977	0.006138892319844237	0.004320498019864137	0.003914330156744354	0.009021689385803094	0.003429366537321536	0.002370218492532526	0.008759458879789303
G[C>T]G	0.010125405318428336	0.010104822017723555	0.006851352562550931	0.005921778377035244	0.006033375094862473	0.006715232357829057	0.002827640278268666	0.00592468390464247	0.002771327369893186
G[C>T]T	0.0025543501140369365	0.008815933344835845	0.00639995469498398	0.0024284475272610987	0.006927521415136341	0.015335001465032291	0.06345570015097962	0.008142241026111625	0.010067247826869897
G[T>A]A	0.009377583942004043	0.010808477844615635	0.006605540238945328	0.007916777046306823	0.007244199453440381	0.005451722727860847	0.0029542315239696674	0.005521080148467521	0.002304092281354456
G[T>A]C	0.008305184794337433	0.008668527366152552	0.008314646856831427	0.007022775018769974	0.003122338446102106	0.006649422749561979	0.007145432826052847	0.01565618537578331	0.005010668073093909
G[T>A]G	0.009593555810507168	0.010472469495450923	0.007348097563616828	0.008209874526684213	0.004883046387634005	0.0060023195726589115	0.0018799082273648067	0.006240540178584388	0.003953827944222638
G[T>A]T	0.00905022298977623	0.00988878400582004	0.00756883389216121	0.007120300883934047	0.0062425132805740986	0.005919793270949164	0.0031308079898734794	0.0059039518271641325	0.008415021776426872
G[T>C]A	0.0051985919274603835	0.0319962428150383	0.0015794786731865998	0.006987029257776237	0.021531312490714445	0.006735399234635624	0.001787678334631372	0.008503923775576398	7.265239744096758e-05
G[T>C]C	0.004360756581418279	0.01004810462968423	0.008146151097032376	0.00815682139368897	0.016561521645472782	0.007989307191749135	0.024223534733098063	0.007366473209432898	0.00727815212983445
G[T>C]G	0.00471594127882956	0.005993564573492679	0.00616230105462073	0.007978002928146311	0.006170182859698468	0.013022287619764317	0.039282743160372745	0.011623801816449396	0.0004148395019432353
G[T>C]T	0.02553105804131772	0.015795151211229423	0.003255333458659625	0.006381667892904688	0.00012383770027794442	0.01767875956812983	0.008596171662528124	0.0021509292470972795	0.0035533822702096727
G[T>G]A	0.00960801770891389	0.011008375561662318	0.007556859639807496	0.007189346646280323	0.0069214196241171744	0.005307841172865924	0.002437923059305	0.0048925169977376915	0.001866396310146321
G[T>G]C	0.0070691960767755024	0.00815228987973453	0.0051117026335838625	0.005256021099598655	0.011658871276593506	0.013092036236811714	0.02756253196243421	0.00018103283888958944	0.001224050613147376
G[T>G]G	0.00977225744414543	0.010827649985742909	0.0072752041135892166	0.005791625864741453	0.006320066989604783	0.0061391963424030456	0.002454279014324582	0.006116654605794027	0.0023310400995868257
G[T>G]T	0.009115525492052069	0.011554745399830311	0.007729390855705339	0.005681868801935736	0.004898918012976241	0.005257233263731275	0.003734050596254796	0.0043538043905116414	0.010894189044119025
T[C>A]A	0.026508005461529083	0.004394248954390221	0.0010191001681497261	0.009975543125858433	0.011529969863395695	0.006873381658853572	0.004812177262391696	0.00606371397163499	0.03445797316247218
T[C>A]C	0.019953238624601015	0.004874206314190621	0.020037049823910125	0.012052204508701866	0.01599112306109251	0.0059924405605765235	0.005459792059321866	0.005807216249640525	0.01903258337834483
T[C>A]G	0.009479921379295323	0.011031942270597877	0.0077522179272556365	0.006923013050379972	0.005664171009177186	0.006516384626609129	0.00203531583241935	0.005203828440362459	0.002844095429223924
T[C>A]T	0.008492552850338007	0.01039558877173755	0.007718767978129651	0.009255680541881472	0.004742831310533343	0.0053889964937278104	0.00725627084264039	0.008258710285033874	0.006029619063465948
T[C>G]A	0.009454259027306244	0.011240875036534308	0.007022067389554746	0.008224491525050703	0.006922729905109689	0.006593209480917829	0.0037304145813051165	0.0038233926131697182	0.001626626566201965
T[C>G]C	0.009540774560787675	0.010862350944550899	0.007716397738798576	0.006612082824103502	0.008656055508073478	0.00799192697724114	0.0012304105966218946	0.0075149225456492795	0.001323197066376374
T[C>G]G	0.009629314543558674	0.010506753990491054	0.0075337316177316906	0.006994486409192877	0.006836387769826596	0.005267355991414362	0.0012900277973917622	0.006811298327029711	0.0024387457937821095
T[C>G]T	0.006986946859632038	0.008456190059986936	0.005393138024321778	0.008452929326256227	0.010337761875944797	0.009043936334583282	0.021686947699633433	0.006248709931410329	0.0003397103771816305
T[C>T]A	0.04202551227669087	0.0007605405928730284	0.019223059249405393	0.01557255811323847	0.040100506739520494	0.028673821502159857	0.07011216409497927	0.03389372884530376	0.017661584403938217
T[C>T]C	0.002035125508751027	0.010357917691539514	0.02444882987653479	0.015141948774476385	0.01684945574319921	0.0159817072129601	0.019794428909050803	0.010115737945290422	0.007435037965556734
T[C>T]G	0.009982954534985643	0.01049480327803444	0.007524018072036098	0.004961125482448538	0.0060065650094844655	0.0069551727497748125	0.002301418406571958	0.006975201659112364	0.00213395734140104
T[C>T]T	0.0038042661925500824	0.007270644983379296	0.005481728521956388	0.0038351681194508684	0.004499232731317426	0.012802119238426274	0.01274946326458299	0.0009355596560593844	0.09171510330048284
T[T>A]A	0.006834689190165841	0.00930737649529729	0.007027947984154405	0.009382291519492266	0.003569975138088587	0.0039471810691247295	0.006577281177489271	0.01603506336021636	0.024127066104457782
T[T>A]C	0.0058848802991732785	0.007627086621845551	0.02547294886539423	0.008829609990963815	0.005269180911973328	0.007295137441585811	0.00181358441525638	0.014667366122694675	0.022406733446290693
T[T>A]G	0.007973635864849057	0.012401992207671264	0.005425293550922054	0.003620469760727482	0.006116075773921911	0.004505129398921273	0.0016521337056780293	0.006136062634166046	0.03109636164366876
T[T>A]T	0.007800083658965144	0.009404891085925488	0.005884409704297721	0.00779784623871428	0.007067511358944465	0.005932521093287306	0.0019422431150321567	0.0078531570181896	0.026880876514139444
T[T>C]A	0.020599361860407527	0.0005585613519186235	0.049373411857111665	0.0065967991929986695	0.0031430685068137257	0.024039041379708484	0.027639619041342926	0.0048755380269052545	0.0005451373121902236
T[T>C]C	0.007437831749654296	0.007043731139244391	0.003912678116589721	0.0255221412949212	0.0037219401984984932	0.004989311956187844	0.002951519664838484	0.004938026990321443	0.037701303818759566
T[T>C]G	0.009493574254174984	0.010742395693751981	0.007962085799973328	0.00672784826554019	0.005900456766891438	0.006734446643430562	0.0025562735315931735	0.0063586894399784	0.003550094438997171
T[T>C]T	0.020858506662971642	0.026418761014823183	6.727173229033368e-38	0.023363921288223163	0.005161650568627002	0.02303534072801437	0.017344129234623334	3.75559593248465e-31	0.006726332817619146
T[T>G]A	0.009115828016226922	0.0110415737795959	0.006581788367889757	0.008803142616076523	0.00875778832935732	0.005620620141821151	0.0017278290172976236	0.008216777501095188	0.0021289296208491263
T[T>G]C	0.008409161915400294	0.021202771909828298	0.0068620163847019034	0.0017300267980859122	0.0050628511477403635	0.014129029354904508	0.0007194883408383234	0.009387765545973231	0.006816781505241735
T[T>G]G	0.009810516719338861	0.010583523575792453	0.007940056315631296	0.0054157321495819305	0.005775862981010019	0.007088993414915168	0.002453602716722016	0.0052171159222211905	0.0029564391940049718
T[T>G]T	0.00950585276820453	0.010867275816452275	0.00760728055298211	0.006294897301953527	0.0065346080964880085	0.005560441532605598	0.0019789189154790663	0.005678381855223558	0.010010285672094854
