MutationType	Signature A	Signature B	Signature C	Signature D	Signature E	Signature F	Signature G	Signature H	Signature I
A[C>A]A	5.14E-03	2.68E-03	2.95E-03	1.40E-03	1.41E-17	4.67E-05	2.96E-03	2.41E-03	1.13E-03
A[C>A]C	3.00E-03	1.58E-03	3.12E-03	1.79E-03	5.66E-04	3.80E-03	1.01E-03	1.66E-03	1.26E-03
A[C>A]G	1.05E-03	5.57E-04	8.34E-04	6.37E-04	2.39E-04	1.03E-03	6.31E-04	4.20E-04	2.82E-04
A[C>A]T	1.04E-03	1.45E-03	1.42E-03	1.23E-03	2.33E-04	5.56E-04	6.19E-04	8.66E-04	2.40E-04
A[C>G]A	1.94E-03	1.89E-03	1.91E-03	1.46E-03	5.62E-04	2.02E-03	7.57E-04	1.01E-03	6.58E-04
A[C>G]C	9.22E-04	1.06E-03	6.66E-04	4.98E-04	1.45E-04	8.39E-04	7.72E-04	5.31E-04	3.10E-04
A[C>G]G	8.80E-04	9.78E-04	8.03E-04	5.83E-04	2.88E-04	1.15E-03	5.44E-04	2.69E-04	2.31E-04
A[C>G]T	1.11E-03	7.64E-04	1.17E-03	8.75E-04	2.00E-04	7.99E-04	7.79E-04	7.53E-04	4.44E-04
A[C>T]A	2.77E-02	5.44E-03	1.44E-02	7.94E-03	4.71E-03	7.23E-03	4.67E-03	1.32E-02	1.12E-03
A[C>T]C	1.22E-03	1.67E-03	1.62E-03	1.06E-03	2.02E-04	4.46E-04	8.42E-04	9.51E-04	4.74E-04
A[C>T]G	1.52E-03	1.48E-03	2.62E-03	1.37E-03	6.74E-04	1.32E-03	7.03E-04	1.06E-03	9.10E-04
A[C>T]T	7.64E-03	4.84E-03	4.31E-03	7.56E-03	1.30E-03	8.10E-03	3.27E-03	2.46E-03	5.65E-04
A[T>A]A	1.56E-03	1.33E-03	1.63E-03	3.16E-03	2.71E-04	2.20E-03	6.45E-04	1.35E-03	5.23E-04
A[T>A]C	3.37E-03	4.23E-03	4.67E-03	1.84E-03	6.59E-04	1.18E-03	1.24E-03	2.69E-04	1.38E-03
A[T>A]G	2.87E-03	3.31E-03	5.09E-03	3.61E-03	6.99E-04	1.64E-03	2.25E-03	1.93E-03	1.23E-03
A[T>A]T	9.95E-04	6.98E-04	7.88E-04	3.64E-04	2.92E-04	9.79E-04	6.99E-04	3.21E-04	3.69E-04
A[T>C]A	1.33E-02	7.38E-03	1.98E-02	1.02E-02	1.66E-03	1.09E-03	3.68E-03	1.03E-02	3.13E-03
A[T>C]C	7.15E-04	1.26E-02	8.13E-03	4.07E-04	1.42E-04	1.69E-03	7.27E-03	3.28E-03	2.27E-03
A[T>C]G	5.46E-03	6.28E-04	7.12E-03	3.17E-03	6.13E-04	2.24E-03	1.16E-03	3.69E-03	1.42E-03
A[T>C]T	6.91E-03	6.40E-09	3.71E-03	1.19E-02	1.79E-06	3.78E-03	3.26E-03	1.08E-02	7.35E-04
A[T>G]A	6.38E-04	1.28E-03	8.13E-04	8.22E-04	2.29E-04	1.13E-03	7.42E-04	4.27E-04	4.18E-04
A[T>G]C	2.05E-03	3.18E-03	2.77E-03	1.95E-03	4.70E-04	1.71E-03	1.85E-03	8.78E-04	7.58E-04
A[T>G]G	1.11E-03	6.43E-04	7.96E-04	8.68E-04	2.18E-04	1.09E-03	3.99E-04	5.75E-04	2.59E-04
A[T>G]T	1.40E-03	1.48E-03	7.20E-04	5.56E-04	2.29E-04	1.31E-03	1.76E-04	3.62E-04	3.63E-04
C[C>A]A	7.27E-04	1.30E-03	5.59E-04	6.54E-04	2.37E-04	8.27E-04	7.05E-04	4.20E-04	3.48E-04
C[C>A]C	9.65E-04	1.02E-03	6.71E-04	4.02E-04	1.34E-04	8.65E-04	8.68E-04	6.23E-04	3.17E-04
C[C>A]G	1.64E-03	9.33E-04	7.36E-04	4.82E-04	1.92E-04	1.22E-03	6.20E-04	7.25E-04	2.76E-04
C[C>A]T	1.95E-03	1.14E-03	1.90E-03	1.09E-03	3.36E-04	1.31E-03	8.37E-04	6.25E-04	4.21E-04
C[C>G]A	8.39E-04	1.05E-03	9.27E-04	1.14E-03	8.25E-05	1.11E-03	5.89E-04	3.71E-04	3.72E-04
C[C>G]C	7.40E-04	1.07E-03	9.72E-04	7.14E-04	1.12E-04	1.19E-03	4.34E-04	4.68E-04	2.60E-04
C[C>G]G	1.33E-03	9.49E-04	9.98E-04	7.99E-04	2.90E-04	1.36E-03	5.14E-04	5.13E-04	3.95E-04
C[C>G]T	1.22E-03	7.35E-04	4.72E-04	6.41E-04	2.55E-04	1.36E-03	5.06E-04	5.08E-04	2.09E-04
C[C>T]A	2.50E-03	1.95E-03	2.76E-03	2.01E-03	7.39E-04	1.94E-03	2.35E-03	1.59E-03	1.41E-03
C[C>T]C	1.60E-03	6.14E-04	1.76E-03	1.74E-03	1.47E-04	8.89E-04	7.87E-04	1.08E-03	2.28E-04
C[C>T]G	1.25E-03	1.03E-03	1.10E-03	1.07E-03	4.47E-04	2.05E-03	8.40E-04	3.89E-04	6.35E-04
C[C>T]T	1.81E-03	2.92E-03	2.89E-03	1.90E-03	7.65E-04	1.92E-03	7.60E-04	1.23E-03	1.24E-03
C[T>A]A	1.23E-03	1.16E-03	1.16E-03	9.00E-04	2.68E-04	1.07E-03	7.59E-04	8.94E-04	3.19E-04
C[T>A]C	2.57E-03	1.74E-03	3.09E-03	1.91E-03	3.12E-04	1.29E-03	1.72E-03	1.56E-03	2.90E-04
C[T>A]G	3.24E-03	2.74E-03	2.49E-03	7.13E-03	7.08E-04	8.62E-03	2.16E-03	3.04E-04	6.16E-04
C[T>A]T	9.71E-04	7.97E-04	8.33E-04	1.22E-03	2.42E-04	1.26E-03	4.02E-04	4.16E-04	2.34E-04
C[T>C]A	5.86E-03	2.28E-03	5.38E-03	3.26E-03	6.56E-04	1.62E-03	1.40E-03	2.35E-03	1.13E-03
C[T>C]C	5.10E-03	2.21E-03	4.94E-03	3.95E-03	6.79E-04	1.59E-03	2.30E-03	2.18E-03	1.98E-03
C[T>C]G	1.71E-03	1.21E-03	8.95E-04	7.19E-04	2.76E-04	6.32E-04	4.98E-04	6.81E-04	4.24E-04
C[T>C]T	3.97E-03	1.37E-03	2.84E-03	2.15E-03	5.95E-04	7.04E-04	1.76E-03	1.35E-03	6.65E-04
C[T>G]A	9.65E-04	9.90E-04	8.77E-04	4.75E-04	2.76E-04	1.01E-03	7.44E-04	2.68E-04	2.81E-04
C[T>G]C	1.83E-03	1.17E-03	1.79E-03	1.50E-03	3.84E-04	8.60E-04	4.28E-04	1.20E-03	3.95E-04
C[T>G]G	1.22E-03	1.07E-03	1.27E-03	6.31E-04	2.49E-04	6.72E-04	6.02E-04	4.72E-04	1.71E-04
C[T>G]T	6.45E-04	7.56E-04	1.50E-03	9.38E-04	1.74E-04	1.08E-03	3.91E-04	2.66E-04	2.30E-04
G[C>A]A	1.17E-03	1.88E-03	1.12E-03	5.32E-04	3.36E-04	9.74E-04	3.82E-04	7.78E-04	6.52E-04
G[C>A]C	1.30E-03	2.06E-03	2.23E-03	5.71E-04	3.78E-04	1.55E-03	4.54E-04	9.92E-04	6.51E-04
G[C>A]G	9.16E-04	6.26E-04	1.20E-03	1.10E-03	2.21E-04	1.10E-03	5.87E-04	2.86E-04	2.12E-04
G[C>A]T	6.71E-03	7.24E-03	5.78E-03	2.11E-03	2.89E-03	2.03E-03	8.08E-04	2.72E-03	1.33E-03
G[C>G]A	1.20E-03	9.61E-04	1.09E-03	5.09E-04	2.55E-04	7.47E-04	5.03E-04	8.16E-04	7.58E-04
G[C>G]C	1.69E-03	1.18E-03	2.76E-03	7.73E-04	7.89E-04	1.28E-03	1.12E-03	6.46E-04	9.62E-04
G[C>G]G	1.21E-03	7.93E-04	5.78E-04	8.29E-04	1.75E-04	1.25E-03	3.96E-04	4.53E-04	3.06E-04
G[C>G]T	2.40E-03	1.19E-03	3.27E-03	1.14E-03	1.83E-03	1.00E-03	1.66E-03	1.33E-03	8.24E-04
G[C>T]A	1.40E-03	1.32E-03	2.20E-03	9.20E-04	4.05E-04	1.82E-03	1.73E-03	1.39E-03	9.88E-04
G[C>T]C	1.32E-03	1.01E-03	1.72E-03	7.99E-04	1.71E-04	1.40E-03	1.05E-03	8.89E-04	6.18E-04
G[C>T]G	1.19E-03	8.30E-04	1.20E-03	8.67E-04	2.41E-04	1.60E-03	6.51E-04	3.37E-04	3.70E-04
G[C>T]T	2.30E-03	2.72E-03	6.04E-03	2.01E-03	7.10E-04	3.40E-03	2.61E-03	2.39E-03	2.64E-03
G[T>A]A	1.34E-03	6.70E-04	1.50E-03	1.07E-03	2.64E-04	1.44E-03	5.67E-04	5.44E-04	3.10E-04
G[T>A]C	1.30E-03	9.88E-04	1.81E-03	1.03E-03	1.40E-04	8.48E-04	8.46E-04	1.04E-03	2.63E-04
G[T>A]G	7.09E-04	1.01E-03	8.34E-04	6.10E-04	1.41E-04	1.04E-03	3.89E-04	4.01E-04	3.87E-04
G[T>A]T	1.15E-03	7.13E-04	1.20E-03	5.86E-04	2.04E-04	6.43E-04	4.66E-04	5.42E-04	3.88E-04
G[T>C]A	1.93E-03	2.02E-03	3.02E-03	8.87E-04	8.90E-04	2.63E-03	7.27E-05	9.53E-04	9.62E-04
G[T>C]C	1.57E-03	1.29E-03	2.36E-03	1.17E-03	3.72E-04	1.58E-03	1.51E-03	7.30E-04	8.95E-04
G[T>C]G	2.20E-03	2.00E-03	3.64E-03	1.49E-03	4.19E-04	2.42E-03	3.99E-04	1.52E-03	1.45E-03
G[T>C]T	2.85E-03	6.94E-04	4.00E-03	2.22E-03	1.22E-03	1.24E-04	1.53E-03	7.70E-04	1.03E-03
G[T>G]A	1.10E-03	1.04E-03	9.26E-04	6.12E-04	1.98E-04	1.13E-03	5.70E-04	3.77E-04	3.88E-04
G[T>G]C	1.29E-03	1.64E-04	2.01E-03	1.18E-03	3.52E-04	2.32E-03	4.75E-04	6.50E-04	8.57E-04
G[T>G]G	1.19E-03	6.91E-04	1.18E-03	1.33E-03	3.74E-04	1.28E-03	6.41E-04	5.88E-04	3.54E-04
G[T>G]T	6.74E-04	6.39E-04	8.32E-04	6.37E-04	2.29E-04	8.25E-04	5.10E-04	5.50E-04	4.43E-04
T[C>A]A	3.08E-03	8.80E-04	3.50E-03	1.80E-03	8.99E-04	2.14E-03	2.80E-03	5.95E-04	8.64E-04
T[C>A]C	2.67E-03	2.02E-03	2.31E-03	8.23E-04	6.86E-04	1.28E-03	1.86E-03	1.00E-03	1.06E-03
T[C>A]G	9.45E-04	7.09E-04	7.41E-04	4.39E-04	2.53E-04	1.15E-03	2.69E-04	3.36E-04	1.60E-04
T[C>A]T	1.09E-03	1.40E-03	2.02E-03	1.42E-03	4.70E-04	8.51E-04	6.52E-04	8.34E-04	2.51E-04
T[C>G]A	1.48E-03	9.35E-04	1.12E-03	1.24E-03	4.10E-04	1.30E-03	4.29E-04	4.96E-04	3.11E-04
T[C>G]C	1.53E-03	1.25E-03	1.05E-03	4.77E-04	1.97E-04	1.55E-03	4.37E-04	7.40E-04	4.83E-04
T[C>G]G	9.51E-04	8.00E-04	9.66E-04	6.81E-04	2.05E-04	8.53E-04	6.62E-04	4.43E-04	2.48E-04
T[C>G]T	1.44E-03	6.44E-04	1.26E-03	4.38E-04	3.00E-04	1.57E-03	2.26E-04	5.31E-04	7.14E-04
T[C>T]A	5.36E-03	6.51E-03	5.59E-03	6.49E-03	8.17E-04	8.77E-03	3.33E-03	6.67E-04	7.61E-04
T[C>T]C	4.95E-03	5.23E-03	1.05E-02	7.05E-03	9.13E-04	4.42E-03	3.14E-03	4.91E-03	1.83E-03
T[C>T]G	9.28E-04	6.62E-04	7.26E-04	9.51E-04	2.28E-04	1.16E-03	6.28E-04	5.94E-04	2.66E-04
T[C>T]T	2.55E-03	9.36E-04	5.19E-03	3.28E-03	6.87E-04	2.48E-03	6.57E-03	2.35E-03	1.68E-03
T[T>A]A	1.39E-03	1.24E-03	1.75E-03	1.70E-03	2.61E-04	9.29E-04	9.07E-04	1.36E-03	3.78E-04
T[T>A]C	4.51E-03	2.67E-03	1.93E-03	1.03E-03	5.39E-04	1.80E-03	1.38E-03	1.16E-03	8.86E-04
T[T>A]G	1.09E-03	1.61E-03	1.40E-03	6.83E-04	1.39E-04	8.32E-04	6.54E-04	8.87E-04	7.75E-04
T[T>A]T	9.38E-04	9.90E-04	1.43E-03	5.93E-04	1.60E-04	3.46E-04	7.81E-04	5.07E-04	7.56E-04
T[T>C]A	4.32E-03	2.97E-03	7.06E-03	4.29E-03	1.89E-03	1.62E-03	5.45E-04	2.36E-03	4.48E-04
T[T>C]C	3.75E-03	3.33E-03	2.52E-03	1.88E-03	8.06E-04	1.53E-03	5.71E-03	1.70E-03	9.74E-04
T[T>C]G	8.45E-04	6.32E-04	1.08E-03	9.60E-04	1.54E-04	1.00E-03	7.17E-04	4.00E-04	3.24E-04
T[T>C]T	1.07E-02	3.76E-31	8.88E-03	3.68E-03	2.59E-03	2.86E-03	2.39E-03	6.73E-38	1.84E-03
T[T>G]A	2.25E-03	1.05E-03	2.04E-03	8.43E-04	4.36E-04	1.84E-03	7.77E-04	7.94E-04	1.81E-04
T[T>G]C	6.97E-04	1.45E-03	3.21E-03	3.71E-04	3.34E-04	1.07E-03	1.12E-03	1.11E-03	1.11E-03
T[T>G]G	1.39E-03	9.85E-04	9.65E-04	7.08E-04	1.81E-04	1.21E-03	5.98E-04	5.34E-04	4.37E-04
T[T>G]T	1.10E-03	1.09E-03	7.97E-04	4.05E-04	3.02E-04	1.15E-03	7.99E-04	3.10E-04	3.25E-04
