MutationType	Signature A	Signature B	Signature C	Signature D	Signature E	Signature F	Signature G	Signature H
A[C>A]A	4.32E-07	1.81E-03	1.08E-03	9.11E-03	1.79E-02	9.80E-03	3.22E-03	4.83E-03
A[C>A]C	5.27E-07	8.67E-07	6.11E-07	1.96E-03	5.83E-07	2.25E-03	5.45E-03	7.33E-03
A[C>A]G	1.22E-07	6.11E-07	1.38E-07	2.21E-07	1.39E-07	3.91E-07	2.56E-07	5.18E-07
A[C>A]T	1.22E-07	6.11E-07	1.38E-07	2.21E-07	1.39E-07	3.91E-07	2.56E-07	5.18E-07
A[C>G]A	1.29E-02	1.46E-02	6.64E-03	1.07E-02	7.98E-03	1.14E-02	3.72E-03	1.98E-02
A[C>G]C	1.22E-07	6.11E-07	1.38E-07	2.21E-07	1.39E-07	3.91E-07	2.56E-07	5.18E-07
A[C>G]G	1.22E-07	6.11E-07	1.38E-07	2.21E-07	1.39E-07	3.91E-07	2.56E-07	5.18E-07
A[C>G]T	6.30E-07	1.23E-03	4.69E-07	6.03E-04	5.53E-07	4.03E-04	2.20E-03	5.50E-03
A[C>T]A	2.87E-02	7.68E-03	2.31E-02	1.33E-02	5.17E-02	2.97E-02	1.09E-02	8.90E-03
A[C>T]C	5.05E-07	6.48E-07	5.97E-07	7.72E-04	7.48E-07	6.18E-04	1.20E-03	7.33E-07
A[C>T]G	1.30E-02	2.68E-02	5.02E-03	6.84E-03	1.22E-02	1.85E-02	6.96E-03	1.62E-02
A[C>T]T	1.74E-02	1.82E-02	1.88E-02	8.39E-03	1.97E-02	7.27E-03	1.40E-02	1.83E-02
A[T>A]A	1.16E-03	1.17E-03	7.63E-04	6.40E-07	9.03E-04	8.23E-07	7.03E-03	2.99E-03
A[T>A]C	1.54E-02	1.58E-03	1.96E-02	1.21E-03	8.56E-03	5.34E-03	1.28E-03	1.18E-02
A[T>A]G	1.13E-03	1.96E-03	5.77E-07	7.63E-03	2.44E-03	6.77E-03	5.61E-03	4.29E-03
A[T>A]T	3.59E-07	5.88E-03	2.45E-07	6.25E-04	8.79E-04	2.42E-03	2.20E-03	5.09E-07
A[T>C]A	1.51E-02	4.97E-03	1.45E-02	2.64E-02	1.42E-02	1.88E-02	8.36E-03	2.15E-02
A[T>C]C	1.02E-06	7.71E-03	3.45E-03	7.23E-03	6.40E-03	3.06E-02	6.33E-03	5.91E-03
A[T>C]G	2.42E-03	1.90E-03	5.96E-03	8.98E-03	1.77E-02	1.05E-02	7.75E-03	2.51E-03
A[T>C]T	5.46E-03	1.46E-02	1.42E-02	3.86E-02	3.22E-02	1.67E-02	1.10E-02	9.23E-03
A[T>G]A	1.22E-07	6.11E-07	1.38E-07	2.21E-07	1.39E-07	3.91E-07	2.56E-07	5.18E-07
A[T>G]C	7.17E-07	6.68E-07	2.45E-03	5.42E-03	6.37E-03	7.91E-03	1.13E-07	5.18E-05
A[T>G]G	7.32E-04	1.69E-03	6.68E-07	1.41E-03	1.82E-03	7.07E-07	9.58E-04	1.52E-03
A[T>G]T	1.22E-07	6.11E-07	1.38E-07	2.21E-07	1.39E-07	3.91E-07	2.56E-07	5.18E-07
C[C>A]A	6.80E-07	6.02E-07	5.90E-07	7.72E-04	6.12E-07	6.47E-07	9.71E-04	5.87E-04
C[C>A]C	1.22E-07	6.11E-07	1.38E-07	2.21E-07	1.39E-07	3.91E-07	2.56E-07	5.18E-07
C[C>A]G	1.22E-07	6.11E-07	1.38E-07	2.21E-07	1.39E-07	3.91E-07	2.56E-07	5.18E-07
C[C>A]T	1.00E-06	2.51E-02	5.72E-04	1.43E-03	6.11E-07	7.34E-04	2.82E-03	3.75E-03
C[C>G]A	1.22E-07	6.11E-07	1.38E-07	2.21E-07	1.39E-07	3.91E-07	2.56E-07	5.18E-07
C[C>G]C	1.22E-07	6.11E-07	1.38E-07	2.21E-07	1.39E-07	3.91E-07	2.56E-07	5.18E-07
C[C>G]G	1.22E-07	6.11E-07	1.38E-07	2.21E-07	1.39E-07	3.91E-07	2.56E-07	5.18E-07
C[C>G]T	1.22E-07	6.11E-07	1.38E-07	2.21E-07	1.39E-07	3.91E-07	2.56E-07	5.18E-07
C[C>T]A	2.63E-03	1.84E-03	5.54E-07	2.99E-03	3.88E-03	2.95E-03	4.91E-03	2.75E-03
C[C>T]C	5.27E-07	6.13E-07	4.26E-07	2.64E-03	2.62E-07	1.76E-03	2.98E-03	5.63E-04
C[C>T]G	7.50E-03	1.03E-02	1.18E-02	9.50E-03	1.04E-02	2.62E-02	3.46E-03	5.78E-03
C[C>T]T	1.45E-02	2.06E-06	2.34E-02	1.19E-02	1.91E-02	2.07E-02	4.04E-03	1.45E-02
C[T>A]A	8.68E-04	2.62E-03	4.57E-07	2.40E-03	1.95E-03	3.96E-03	1.53E-03	2.05E-03
C[T>A]C	1.32E-02	5.56E-03	1.10E-02	1.04E-02	1.64E-02	1.22E-02	8.13E-03	4.77E-03
C[T>A]G	3.35E-07	3.36E-03	1.19E-05	2.92E-07	2.67E-05	1.05E-03	5.61E-03	6.71E-03
C[T>A]T	1.22E-07	6.11E-07	1.38E-07	2.21E-07	1.39E-07	3.91E-07	2.56E-07	5.18E-07
C[T>C]A	1.65E-02	9.11E-03	4.83E-03	1.18E-02	1.48E-02	1.12E-02	8.12E-03	2.23E-02
C[T>C]C	1.49E-06	1.30E-02	6.32E-04	7.04E-03	9.28E-03	4.67E-03	5.06E-03	4.94E-03
C[T>C]G	1.46E-07	2.09E-03	2.47E-07	2.29E-07	2.61E-07	3.92E-07	8.37E-04	4.75E-07
C[T>C]T	2.10E-02	2.87E-02	9.43E-03	2.01E-07	7.91E-03	4.93E-03	2.45E-03	1.26E-02
C[T>G]A	1.22E-07	6.11E-07	1.38E-07	2.21E-07	1.39E-07	3.91E-07	2.56E-07	5.18E-07
C[T>G]C	4.92E-03	1.65E-03	2.86E-03	9.30E-04	1.96E-03	2.06E-03	8.91E-03	1.15E-03
C[T>G]G	1.50E-03	9.81E-04	2.31E-06	3.53E-06	5.11E-03	5.52E-07	1.72E-03	7.19E-03
C[T>G]T	1.22E-07	6.11E-07	1.38E-07	2.21E-07	1.39E-07	3.91E-07	2.56E-07	5.18E-07
G[C>A]A	2.06E-07	3.80E-03	2.80E-07	1.73E-07	4.22E-07	4.65E-07	1.47E-03	4.45E-07
G[C>A]C	8.01E-07	2.33E-03	2.30E-03	3.58E-07	6.54E-07	2.32E-03	1.90E-07	1.95E-03
G[C>A]G	1.22E-07	6.11E-07	1.38E-07	2.21E-07	1.39E-07	3.91E-07	2.56E-07	5.18E-07
G[C>A]T	1.69E-02	2.23E-03	1.30E-02	9.65E-07	2.91E-02	1.21E-02	3.62E-03	2.61E-02
G[C>G]A	3.92E-07	3.51E-03	3.70E-07	3.70E-04	3.00E-07	2.05E-06	2.11E-03	5.63E-04
G[C>G]C	9.95E-03	5.50E-03	5.29E-03	3.50E-03	1.30E-02	1.46E-02	2.31E-03	1.19E-02
G[C>G]G	1.87E-07	1.75E-03	2.07E-07	2.97E-07	2.96E-07	3.47E-07	1.25E-03	5.62E-07
G[C>G]T	1.24E-02	5.20E-03	1.33E-02	5.31E-03	1.12E-02	6.18E-03	1.64E-03	1.73E-02
G[C>T]A	2.43E-03	9.40E-07	3.25E-03	2.48E-03	4.27E-03	4.31E-03	5.49E-03	4.80E-03
G[C>T]C	4.02E-07	1.14E-02	1.99E-03	1.97E-03	1.98E-03	1.95E-06	1.11E-03	2.27E-03
G[C>T]G	1.22E-07	6.11E-07	1.38E-07	2.21E-07	1.39E-07	3.91E-07	2.56E-07	5.18E-07
G[C>T]T	6.17E-03	9.95E-03	1.69E-03	1.57E-03	2.53E-03	6.79E-03	9.21E-03	5.15E-03
G[T>A]A	1.22E-07	6.11E-07	1.38E-07	2.21E-07	1.39E-07	3.91E-07	2.56E-07	5.18E-07
G[T>A]C	3.58E-07	6.01E-07	2.79E-07	1.14E-03	2.91E-07	5.94E-04	6.17E-04	1.13E-03
G[T>A]G	1.22E-07	6.11E-07	1.38E-07	2.21E-07	1.39E-07	3.91E-07	2.56E-07	5.18E-07
G[T>A]T	3.98E-07	5.91E-07	4.39E-07	8.48E-04	4.53E-07	5.55E-04	2.52E-03	1.11E-03
G[T>C]A	5.43E-07	4.13E-02	1.64E-02	1.03E-06	3.28E-06	5.47E-03	1.56E-03	7.79E-03
G[T>C]C	6.50E-07	5.85E-07	6.10E-07	4.59E-03	5.49E-07	3.53E-03	6.71E-03	4.99E-03
G[T>C]G	4.35E-07	6.80E-07	3.92E-07	1.01E-03	4.57E-07	2.93E-03	6.33E-03	2.77E-03
G[T>C]T	9.69E-03	1.49E-03	1.58E-02	9.33E-07	6.73E-03	3.43E-03	5.55E-03	2.25E-02
G[T>G]A	1.22E-07	6.11E-07	1.38E-07	2.21E-07	1.39E-07	3.91E-07	2.56E-07	5.18E-07
G[T>G]C	3.36E-07	9.00E-07	5.74E-07	4.23E-05	4.87E-07	3.02E-03	4.48E-03	3.98E-03
G[T>G]G	1.22E-07	6.11E-07	1.38E-07	2.21E-07	1.39E-07	3.91E-07	2.56E-07	5.18E-07
G[T>G]T	1.42E-07	2.70E-03	1.84E-07	2.56E-07	1.95E-07	4.48E-07	9.81E-04	5.28E-07
T[C>A]A	1.61E-02	6.65E-04	1.97E-02	2.29E-03	6.13E-03	2.39E-06	1.12E-02	1.04E-02
T[C>A]C	1.21E-02	2.71E-03	2.01E-02	1.96E-02	1.03E-02	7.27E-03	8.56E-03	1.09E-02
T[C>A]G	1.22E-07	6.11E-07	1.38E-07	2.21E-07	1.39E-07	3.91E-07	2.56E-07	5.18E-07
T[C>A]T	2.87E-03	2.20E-03	8.79E-07	3.26E-07	3.62E-07	4.59E-07	2.78E-07	2.81E-03
T[C>G]A	1.22E-07	6.11E-07	1.38E-07	2.21E-07	1.39E-07	3.91E-07	2.56E-07	5.18E-07
T[C>G]C	3.33E-03	7.34E-03	1.19E-06	2.65E-06	9.92E-03	9.04E-04	4.99E-04	4.10E-03
T[C>G]G	1.22E-07	6.11E-07	1.38E-07	2.21E-07	1.39E-07	3.91E-07	2.56E-07	5.18E-07
T[C>G]T	4.09E-07	8.88E-07	4.37E-07	1.79E-03	5.78E-07	3.29E-03	5.56E-03	3.91E-03
T[C>T]A	1.06E-02	3.19E-02	1.73E-02	2.22E-02	1.69E-02	1.52E-02	6.05E-03	2.79E-02
T[C>T]C	1.34E-02	1.27E-02	1.51E-06	1.92E-02	1.03E-02	9.38E-03	4.52E-03	5.10E-03
T[C>T]G	1.22E-07	6.11E-07	1.38E-07	2.21E-07	1.39E-07	3.91E-07	2.56E-07	5.18E-07
T[C>T]T	4.36E-07	9.11E-03	4.23E-07	1.26E-02	1.86E-02	5.48E-03	7.49E-03	3.07E-03
T[T>A]A	7.39E-07	2.22E-03	4.38E-07	2.08E-03	3.32E-03	2.13E-03	2.51E-03	7.53E-04
T[T>A]C	5.68E-07	1.94E-03	4.66E-07	6.82E-03	9.70E-03	1.67E-02	5.46E-07	6.22E-04
T[T>A]G	4.46E-07	1.43E-02	3.93E-07	2.10E-07	5.45E-07	4.93E-07	1.47E-03	1.30E-05
T[T>A]T	1.06E-03	1.66E-03	1.74E-03	2.59E-03	4.99E-07	7.17E-04	1.49E-03	3.15E-03
T[T>C]A	1.10E-02	8.69E-07	1.29E-02	9.92E-03	6.86E-03	9.13E-03	4.32E-03	9.33E-03
T[T>C]C	8.61E-03	9.06E-03	5.77E-03	8.62E-07	2.95E-06	6.01E-03	3.81E-03	3.47E-03
T[T>C]G	1.22E-07	6.11E-07	1.38E-07	2.21E-07	1.39E-07	3.91E-07	2.56E-07	5.18E-07
T[T>C]T	9.99E-03	3.40E-02	1.26E-02	5.17E-03	7.47E-03	2.21E-02	1.65E-02	1.27E-02
T[T>G]A	1.21E-03	7.15E-07	3.75E-07	5.45E-07	9.47E-03	9.50E-04	2.79E-07	1.07E-03
T[T>G]C	2.16E-03	6.47E-07	1.02E-02	3.54E-07	3.78E-03	8.22E-03	2.99E-04	7.06E-03
T[T>G]G	1.22E-07	6.11E-07	1.38E-07	2.21E-07	1.39E-07	3.91E-07	2.56E-07	5.18E-07
T[T>G]T	4.78E-07	3.37E-03	3.84E-07	4.27E-07	2.88E-07	5.40E-07	1.00E-03	3.77E-07
