MutationType	Signature A	Signature B	Signature C	Signature D	Signature E	Signature F	Signature G	Signature H	Signature I	Signature J
A[C>A]A	2.56E-03	1.23E-02	1.22E-02	8.64E-07	1.04E-02	5.13E-03	9.31E-03	1.88E-03	4.29E-07	9.35E-03
A[C>A]C	5.98E-03	2.12E-03	5.02E-07	5.53E-07	3.82E-03	6.13E-03	2.58E-03	5.59E-07	5.72E-07	2.50E-03
A[C>A]G	4.31E-07	2.96E-07	1.46E-07	4.80E-07	5.67E-07	5.18E-07	8.71E-07	4.42E-07	1.37E-07	3.06E-07
A[C>A]T	4.31E-07	2.96E-07	1.46E-07	4.80E-07	5.67E-07	5.18E-07	8.71E-07	4.42E-07	1.37E-07	3.06E-07
A[C>G]A	2.19E-02	5.85E-03	4.41E-03	1.62E-02	1.35E-02	2.94E-03	1.75E-02	1.06E-02	1.45E-02	1.33E-02
A[C>G]C	4.31E-07	2.96E-07	1.46E-07	4.80E-07	5.67E-07	5.18E-07	8.71E-07	4.42E-07	1.37E-07	3.06E-07
A[C>G]G	4.31E-07	2.96E-07	1.46E-07	4.80E-07	5.67E-07	5.18E-07	8.71E-07	4.42E-07	1.37E-07	3.06E-07
A[C>G]T	2.92E-03	5.05E-04	5.19E-07	1.23E-06	6.22E-07	4.85E-03	1.97E-03	3.56E-06	5.19E-07	1.56E-03
A[C>T]A	9.20E-03	1.58E-02	4.23E-02	2.21E-02	3.05E-02	1.03E-02	2.23E-02	1.01E-02	1.76E-02	1.86E-02
A[C>T]C	1.19E-03	8.19E-07	8.97E-07	4.60E-07	5.55E-07	1.40E-03	8.56E-07	4.40E-07	3.64E-07	4.66E-07
A[C>T]G	1.26E-02	7.90E-04	9.01E-03	2.59E-02	3.66E-02	2.41E-03	1.97E-02	1.51E-02	3.40E-03	2.01E-02
A[C>T]T	2.99E-02	9.33E-03	1.42E-02	2.34E-02	1.48E-02	1.01E-02	2.52E-02	1.18E-02	6.81E-03	1.83E-02
A[T>A]A	1.09E-02	6.68E-07	6.47E-07	1.08E-03	4.43E-03	4.35E-03	2.44E-03	2.14E-05	1.49E-06	2.03E-03
A[T>A]C	3.02E-03	1.84E-03	1.29E-02	2.65E-02	4.35E-06	5.47E-03	1.05E-02	7.13E-03	1.29E-02	1.32E-02
A[T>A]G	3.89E-03	6.85E-03	2.77E-03	4.88E-03	5.94E-03	8.97E-03	1.75E-03	4.19E-03	6.34E-07	4.09E-03
A[T>A]T	2.59E-03	1.21E-03	2.55E-07	1.05E-06	2.47E-03	1.29E-03	6.98E-03	8.82E-07	5.66E-07	2.16E-03
A[T>C]A	1.17E-02	1.44E-02	3.01E-02	2.91E-02	2.30E-02	9.25E-03	1.55E-02	1.24E-02	1.35E-02	3.01E-02
A[T>C]C	5.78E-03	1.17E-02	5.75E-03	1.66E-06	4.49E-02	6.75E-03	9.66E-03	8.66E-03	2.53E-03	6.72E-03
A[T>C]G	3.21E-03	1.07E-02	1.58E-02	1.99E-03	1.56E-02	1.48E-02	7.18E-03	9.08E-07	5.53E-07	2.19E-03
A[T>C]T	2.70E-02	3.54E-02	3.14E-03	2.62E-06	1.14E-02	9.19E-03	1.54E-02	1.12E-02	1.42E-02	1.78E-02
A[T>G]A	4.31E-07	2.96E-07	1.46E-07	4.80E-07	5.67E-07	5.18E-07	8.71E-07	4.42E-07	1.37E-07	3.06E-07
A[T>G]C	6.27E-03	7.43E-03	3.97E-03	1.09E-06	1.22E-02	6.55E-18	2.81E-03	3.98E-03	1.08E-06	9.32E-07
A[T>G]G	1.46E-03	6.02E-04	3.15E-06	1.10E-03	7.11E-07	1.87E-03	9.69E-07	2.35E-03	3.55E-07	9.43E-07
A[T>G]T	4.31E-07	2.96E-07	1.46E-07	4.80E-07	5.67E-07	5.18E-07	8.71E-07	4.42E-07	1.37E-07	3.06E-07
C[C>A]A	1.19E-03	9.30E-07	8.08E-07	6.09E-07	7.49E-04	1.09E-03	8.68E-07	4.75E-07	4.96E-07	4.93E-07
C[C>A]C	4.31E-07	2.96E-07	1.46E-07	4.80E-07	5.67E-07	5.18E-07	8.71E-07	4.42E-07	1.37E-07	3.06E-07
C[C>A]G	4.31E-07	2.96E-07	1.46E-07	4.80E-07	5.67E-07	5.18E-07	8.71E-07	4.42E-07	1.37E-07	3.06E-07
C[C>A]T	4.92E-04	4.82E-03	5.96E-07	2.32E-03	4.45E-03	3.56E-03	2.74E-02	9.54E-04	9.53E-07	1.56E-03
C[C>G]A	4.31E-07	2.96E-07	1.46E-07	4.80E-07	5.67E-07	5.18E-07	8.71E-07	4.42E-07	1.37E-07	3.06E-07
C[C>G]C	4.31E-07	2.96E-07	1.46E-07	4.80E-07	5.67E-07	5.18E-07	8.71E-07	4.42E-07	1.37E-07	3.06E-07
C[C>G]G	4.31E-07	2.96E-07	1.46E-07	4.80E-07	5.67E-07	5.18E-07	8.71E-07	4.42E-07	1.37E-07	3.06E-07
C[C>G]T	4.31E-07	2.96E-07	1.46E-07	4.80E-07	5.67E-07	5.18E-07	8.71E-07	4.42E-07	1.37E-07	3.06E-07
C[C>T]A	2.55E-03	3.85E-03	1.34E-06	1.84E-03	7.45E-04	3.36E-03	1.06E-03	5.29E-03	1.60E-06	1.32E-03
C[C>T]C	5.27E-07	3.88E-03	5.32E-07	5.05E-07	1.01E-06	2.58E-03	9.03E-07	4.08E-07	4.09E-07	5.01E-07
C[C>T]G	8.38E-03	8.73E-03	9.49E-03	6.46E-03	1.49E-02	3.25E-03	9.21E-03	2.40E-02	2.23E-02	6.67E-03
C[C>T]T	1.15E-02	1.89E-02	2.62E-02	1.31E-02	1.51E-02	5.19E-03	4.44E-03	1.23E-02	2.06E-02	1.66E-02
C[T>A]A	1.77E-03	3.28E-03	7.18E-07	5.23E-07	2.49E-03	1.48E-03	2.96E-03	7.68E-03	1.19E-03	1.40E-03
C[T>A]C	8.25E-03	8.65E-03	9.61E-03	1.60E-02	9.08E-03	1.10E-02	2.79E-03	6.22E-03	1.48E-02	1.35E-02
C[T>A]G	1.09E-02	3.07E-03	5.75E-07	1.03E-06	7.54E-03	6.35E-03	2.48E-03	5.24E-07	6.84E-07	1.32E-02
C[T>A]T	4.31E-07	2.96E-07	1.46E-07	4.80E-07	5.67E-07	5.18E-07	8.71E-07	4.42E-07	1.37E-07	3.06E-07
C[T>C]A	1.11E-02	1.06E-02	1.35E-02	1.84E-02	1.16E-02	9.40E-03	5.63E-03	1.76E-02	7.78E-03	2.31E-02
C[T>C]C	7.05E-07	1.10E-02	9.10E-03	1.20E-02	5.80E-03	1.04E-02	7.43E-03	8.82E-04	3.61E-07	1.36E-06
C[T>C]G	7.75E-04	4.07E-07	1.33E-07	8.79E-07	6.85E-04	1.29E-03	2.11E-03	4.45E-07	2.35E-07	7.82E-04
C[T>C]T	6.96E-03	2.20E-06	3.25E-03	4.83E-02	7.42E-04	5.70E-04	8.87E-03	1.77E-02	8.60E-03	4.31E-03
C[T>G]A	4.31E-07	2.96E-07	1.46E-07	4.80E-07	5.67E-07	5.18E-07	8.71E-07	4.42E-07	1.37E-07	3.06E-07
C[T>G]C	1.68E-02	6.02E-04	4.13E-07	1.85E-06	2.88E-03	2.87E-03	3.64E-03	8.57E-03	7.74E-07	1.07E-06
C[T>G]G	1.73E-03	1.52E-03	2.13E-03	1.64E-06	1.82E-03	3.49E-03	1.17E-06	5.51E-03	2.74E-03	1.25E-03
C[T>G]T	4.31E-07	2.96E-07	1.46E-07	4.80E-07	5.67E-07	5.18E-07	8.71E-07	4.42E-07	1.37E-07	3.06E-07
G[C>A]A	1.57E-03	3.66E-07	1.76E-07	1.05E-06	1.37E-03	1.29E-03	3.98E-03	5.31E-07	3.66E-07	7.82E-04
G[C>A]C	3.58E-07	4.13E-07	1.20E-03	7.22E-07	9.31E-07	5.44E-07	3.57E-03	4.98E-03	1.66E-03	3.57E-03
G[C>A]G	4.31E-07	2.96E-07	1.46E-07	4.80E-07	5.67E-07	5.18E-07	8.71E-07	4.42E-07	1.37E-07	3.06E-07
G[C>A]T	1.73E-02	6.02E-03	2.94E-02	2.69E-02	8.43E-03	6.30E-03	1.85E-02	9.01E-03	2.38E-02	6.09E-03
G[C>G]A	7.75E-04	6.80E-04	2.74E-07	1.23E-06	2.74E-03	8.50E-04	3.66E-03	2.24E-06	4.33E-07	2.39E-03
G[C>G]C	9.93E-03	3.17E-03	1.47E-02	1.63E-02	1.26E-02	1.15E-02	3.22E-03	1.06E-02	1.30E-02	1.17E-02
G[C>G]G	1.24E-03	3.12E-07	1.58E-07	4.67E-07	1.37E-03	4.89E-07	1.91E-03	5.53E-07	2.28E-07	3.25E-07
G[C>G]T	3.22E-03	3.18E-03	1.63E-02	1.29E-02	7.43E-03	2.79E-03	9.08E-03	3.16E-02	2.04E-02	1.78E-02
G[C>T]A	1.13E-03	4.63E-03	3.50E-03	2.58E-03	7.89E-07	7.65E-03	1.23E-06	4.84E-03	2.41E-03	4.55E-07
G[C>T]C	4.43E-04	3.29E-03	5.41E-07	9.45E-04	3.85E-03	8.89E-07	1.22E-02	3.01E-03	4.59E-07	1.79E-03
G[C>T]G	4.31E-07	2.96E-07	1.46E-07	4.80E-07	5.67E-07	5.18E-07	8.71E-07	4.42E-07	1.37E-07	3.06E-07
G[C>T]T	1.81E-02	2.12E-03	3.14E-03	5.06E-03	7.41E-03	1.08E-02	5.02E-03	5.35E-07	1.28E-06	5.22E-03
G[T>A]A	4.31E-07	2.96E-07	1.46E-07	4.80E-07	5.67E-07	5.18E-07	8.71E-07	4.42E-07	1.37E-07	3.06E-07
G[T>A]C	8.82E-07	6.02E-04	3.55E-07	6.39E-07	1.24E-06	2.17E-03	7.30E-07	5.70E-07	2.19E-07	5.66E-07
G[T>A]G	4.31E-07	2.96E-07	1.46E-07	4.80E-07	5.67E-07	5.18E-07	8.71E-07	4.42E-07	1.37E-07	3.06E-07
G[T>A]T	1.49E-06	7.80E-07	4.66E-07	1.03E-06	4.88E-07	2.73E-03	8.52E-07	6.64E-07	5.49E-07	4.73E-07
G[T>C]A	2.99E-03	8.96E-07	4.95E-03	1.03E-02	4.35E-03	2.58E-06	4.03E-02	9.05E-04	1.38E-06	3.11E-03
G[T>C]C	1.33E-03	6.31E-03	6.09E-07	8.18E-07	1.76E-03	5.57E-03	5.90E-07	4.81E-07	5.77E-07	4.59E-07
G[T>C]G	2.16E-03	4.71E-03	4.85E-07	5.70E-07	1.06E-06	6.81E-03	8.02E-07	4.84E-07	3.75E-07	6.17E-07
G[T>C]T	4.76E-03	7.09E-06	1.62E-02	1.76E-02	2.19E-03	3.23E-03	7.48E-03	2.46E-02	1.59E-02	1.29E-02
G[T>G]A	4.31E-07	2.96E-07	1.46E-07	4.80E-07	5.67E-07	5.18E-07	8.71E-07	4.42E-07	1.37E-07	3.06E-07
G[T>G]C	2.32E-03	5.44E-07	5.32E-07	5.08E-07	4.24E-07	4.61E-03	8.21E-07	5.17E-07	4.44E-07	6.30E-07
G[T>G]G	4.31E-07	2.96E-07	1.46E-07	4.80E-07	5.67E-07	5.18E-07	8.71E-07	4.42E-07	1.37E-07	3.06E-07
G[T>G]T	9.45E-07	3.13E-07	1.52E-07	9.17E-07	1.37E-03	5.21E-07	2.89E-03	5.39E-07	2.91E-07	4.88E-07
T[C>A]A	1.48E-02	2.77E-06	1.07E-02	2.28E-02	4.89E-03	5.39E-03	2.06E-03	1.30E-02	1.10E-02	6.37E-03
T[C>A]C	3.83E-03	4.39E-02	9.34E-03	1.12E-02	1.39E-02	1.23E-03	8.21E-03	1.44E-02	8.46E-03	1.56E-02
T[C>A]G	4.31E-07	2.96E-07	1.46E-07	4.80E-07	5.67E-07	5.18E-07	8.71E-07	4.42E-07	1.37E-07	3.06E-07
T[C>A]T	4.93E-03	4.74E-07	4.99E-07	3.33E-03	5.05E-07	5.30E-07	1.09E-06	5.97E-07	1.69E-03	1.05E-03
T[C>G]A	4.31E-07	2.96E-07	1.46E-07	4.80E-07	5.67E-07	5.18E-07	8.71E-07	4.42E-07	1.37E-07	3.06E-07
T[C>G]C	3.35E-03	6.65E-07	8.62E-04	5.03E-03	2.29E-06	4.03E-03	1.02E-06	5.30E-03	2.51E-03	2.44E-07
T[C>G]G	4.31E-07	2.96E-07	1.46E-07	4.80E-07	5.67E-07	5.18E-07	8.71E-07	4.42E-07	1.37E-07	3.06E-07
T[C>G]T	4.44E-07	2.20E-03	5.79E-07	5.72E-07	5.77E-07	5.71E-03	8.98E-07	6.35E-07	2.38E-07	3.50E-04
T[C>T]A	1.18E-02	1.81E-02	1.83E-02	2.96E-02	2.33E-02	1.16E-02	2.70E-02	3.37E-02	2.09E-02	2.53E-02
T[C>T]C	3.23E-02	1.56E-02	6.82E-07	2.29E-02	1.34E-02	4.74E-03	2.51E-05	3.61E-02	1.86E-03	2.84E-03
T[C>T]G	4.31E-07	2.96E-07	1.46E-07	4.80E-07	5.67E-07	5.18E-07	8.71E-07	4.42E-07	1.37E-07	3.06E-07
T[C>T]T	1.03E-02	9.87E-03	2.23E-06	1.63E-02	5.75E-03	2.41E-02	7.56E-03	2.14E-03	1.70E-03	3.20E-03
T[T>A]A	1.12E-03	4.74E-03	1.26E-06	6.32E-07	1.50E-03	3.27E-03	9.18E-03	3.13E-03	5.26E-07	4.53E-03
T[T>A]C	3.71E-03	8.55E-03	8.64E-03	2.66E-03	2.00E-02	3.55E-03	1.48E-02	5.91E-07	3.84E-07	3.99E-03
T[T>A]G	1.26E-03	3.79E-07	5.81E-07	3.85E-03	7.52E-03	2.90E-03	1.60E-02	2.57E-03	3.36E-07	2.48E-07
T[T>A]T	1.70E-03	3.02E-03	6.00E-07	1.01E-03	1.37E-03	1.35E-03	5.95E-03	4.65E-07	2.53E-03	1.11E-03
T[T>C]A	8.11E-03	1.15E-02	9.99E-03	1.32E-02	5.94E-03	6.46E-03	6.58E-07	4.37E-03	1.68E-02	2.55E-02
T[T>C]C	1.80E-02	5.00E-04	2.05E-06	5.39E-03	1.69E-03	3.89E-03	1.03E-02	3.51E-03	6.65E-03	1.58E-03
T[T>C]G	4.31E-07	2.96E-07	1.46E-07	4.80E-07	5.67E-07	5.18E-07	8.71E-07	4.42E-07	1.37E-07	3.06E-07
T[T>C]T	1.70E-02	5.95E-03	1.39E-02	1.54E-02	1.21E-02	8.67E-03	3.29E-02	2.44E-02	1.73E-02	2.12E-02
T[T>G]A	2.16E-03	3.85E-07	5.49E-07	5.64E-07	2.16E-06	3.64E-07	1.08E-06	9.95E-03	6.77E-04	3.71E-07
T[T>G]C	2.56E-03	6.74E-07	5.98E-04	9.15E-04	3.01E-03	6.60E-07	1.17E-02	1.98E-02	1.63E-03	4.31E-03
T[T>G]G	4.31E-07	2.96E-07	1.46E-07	4.80E-07	5.67E-07	5.18E-07	8.71E-07	4.42E-07	1.37E-07	3.06E-07
T[T>G]T	1.02E-06	5.96E-07	5.43E-07	1.29E-06	7.16E-07	1.29E-03	4.07E-03	5.77E-07	4.16E-07	9.72E-04
