MutationType	Signature A	Signature B	Signature C	Signature D	Signature E	Signature F	Signature G	Signature H	Signature I	Signature J
A[C>A]A	0.010388158679275483	0.017819798487008643	0.035101560539898	9.699000420461874e-07	0.01628802174125672	0.003904957818181033	0.0018836205967478453	1.7126496460485562e-06	0.02747510807726241	0.010470973765472638
A[C>A]C	0.028170772960915826	1.83355036033232e-06	0.003230148335603555	3.0044523954998494e-06	0.0024999618416466206	0.008981291069357376	2.36322387644073e-06	3.4867386485373675e-06	0.003829349387129676	0.0025860205792646042
A[C>A]G	7.185385779586378e-07	3.636851559111185e-06	2.218019801093764e-06	3.66428085742037e-06	3.2257446229982823e-06	2.2716884748270253e-06	3.6326518543540174e-06	4.088974652079341e-06	3.755636255564086e-06	4.580692072357284e-06
A[C>A]T	7.185385781046497e-07	3.6368515590512544e-06	2.218019801061438e-06	3.664280857423465e-06	3.225744622992556e-06	2.27168847483017e-06	3.6326518543022824e-06	4.088974652109419e-06	3.7556362555773787e-06	4.580692072376304e-06
A[C>G]A	0.0044940798746061356	0.008569187869719278	0.022137228240464497	0.04798230515796725	0.041475341420471185	0.03404471613301109	0.04864833222855189	0.03988600439094978	0.025738194789314883	0.04442076998068155
A[C>G]C	7.185385770048671e-07	3.636851559502659e-06	2.2180198013049208e-06	3.6642808574001495e-06	3.2257446230356856e-06	2.271688474806482e-06	3.632651854691958e-06	4.088974651882865e-06	3.755636255477247e-06	4.580692072233041e-06
A[C>G]G	7.185385781629905e-07	3.6368515590273083e-06	2.218019801048522e-06	3.664280857424702e-06	3.2257446229902677e-06	2.2716884748314265e-06	3.632651854281612e-06	4.088974652121437e-06	3.7556362555826913e-06	4.580692072383903e-06
A[C>G]T	0.020626188156441128	2.7577238655871073e-06	0.0005069439300595969	2.6676185620979067e-06	0.0015667293856560238	0.0043333412165140195	7.466884367514716e-06	3.9886838030613136e-06	2.7486667429435217e-06	0.0019730585491797028
A[C>T]A	0.035170280952076916	0.2741873648072799	0.12549229178356877	0.049439687379769365	0.05472642011021857	0.02783110932071307	0.03276452432041294	0.04397806513930147	0.08976206329843098	0.04526510244175484
A[C>T]C	0.002961210621116164	4.897919113468724e-06	3.4740202892742184e-06	3.5509915333796826e-06	2.6212034403183075e-06	0.001188878750098211	2.9176587985272143e-06	4.462272676863969e-06	3.0649939978005897e-06	4.139146763707982e-06
A[C>T]G	0.005199322543591904	0.016836452541338094	0.0007971084014060871	0.005092612811402834	0.05104599338080783	0.038363286237247315	0.035372869106611436	0.06006570907530749	0.06357208284658017	0.05193350463440552
A[C>T]T	0.03867881933670469	0.019813609748373328	0.015195543401945337	0.010376661626788233	0.03059628420202004	0.13092342508831337	0.030710944877233515	0.04441496299265327	0.02149486750273436	0.03322365100094851
A[T>A]A	0.012702706633258431	1.8842276424401901e-06	2.075233773627782e-06	4.245997098031283e-06	0.002033504824258953	0.018877918585095292	2.383424668451798e-05	0.0010896245347209472	0.00443730113234366	0.0024537620095053322
A[T>A]C	0.01750822542931443	0.03200283307141057	0.0018528804531744156	0.030546377727521407	0.034358981436285914	0.005976593132142875	0.009884926273028501	0.05367539076469022	4.5585951714466365e-06	0.013047957183080355
A[T>A]G	0.029208535033006734	0.002773027964583252	0.031719678684705765	6.341944041094531e-07	0.006019533030089316	0.007760828218281595	0.004194109575908197	0.00488133816627717	0.00594500459106527	0.0017509493817571755
A[T>A]T	0.0012909175609421863	2.808782205885045e-06	0.00184739740623374	2.368477748996614e-06	0.002156909351277549	0.0038395459103440334	3.830509732901167e-06	4.042910447001366e-06	0.005391299545826581	0.013319341024515123
A[T>C]A	0.034481280446686566	0.04860258135530802	0.04897687993224581	0.027584516229303642	0.15436718212888817	0.01922684167730331	0.01699091792689869	0.037866125834342214	0.03726228958365535	0.02359706662549041
A[T>C]C	0.016976301358561548	0.008573256371242876	0.016234602415693022	0.0025291543824353894	0.013582079768832689	0.007923223850250545	0.012502621897375252	4.851021282046927e-06	0.20031104457319726	0.012911868303861443
A[T>C]G	0.02574590476357641	0.017259140617060534	0.027256649280466824	9.934889493084845e-07	0.0021978955712745694	0.005789510603608194	1.5226639592921358e-06	0.0019992831631525077	0.04990334339353081	0.010883224456674582
A[T>C]T	0.0651290089921178	0.003935974610501842	0.19342167510780445	0.0347605320747772	0.02593268263462907	0.13854815579155977	0.021500351868921727	2.6213937600518467e-06	0.027724163007404146	0.02290713211355256
A[T>G]A	7.185385780811941e-07	3.6368515590608813e-06	2.218019801066631e-06	3.664280857422968e-06	3.225744622993476e-06	2.2716884748296655e-06	3.6326518543105918e-06	4.0889746521045875e-06	3.7556362555752468e-06	4.580692072373247e-06
A[T>G]C	6.545896731017921e-18	0.005928921212239055	0.01898648242875147	2.336243879548608e-06	1.5866666211694143e-06	0.006268018551535128	0.003982816800404708	4.163802963217712e-06	0.02371566507270414	0.0028103655088529407
A[T>G]G	0.00508050226154517	5.223664766569705e-06	0.000607453783710771	1.7321421607018008e-06	2.944407830961511e-06	0.0014606080307520816	0.004557851196395666	0.0015441993465002868	4.278633298081987e-06	4.18935963150297e-06
A[T>G]T	7.185385781429915e-07	3.636851559035517e-06	2.21801980105295e-06	3.664280857424278e-06	3.225744622991052e-06	2.2716884748309953e-06	3.6326518542886972e-06	4.088974652117317e-06	3.7556362555808706e-06	4.580692072381298e-06
C[C>A]A	0.003251490816100168	5.36739287100659e-06	3.0346618119639476e-06	3.684119874794634e-06	2.389003678108358e-06	0.0011887889051182944	3.0109100328485146e-06	4.549479175247949e-06	0.0007526986435684329	3.943125555217254e-06
C[C>A]C	7.185385781114548e-07	3.6368515590484613e-06	2.2180198010599317e-06	3.6642808574236098e-06	3.225744622992289e-06	2.271688474830316e-06	3.6326518542998717e-06	4.08897465211082e-06	3.755636255577999e-06	4.58069207237719e-06
C[C>A]G	7.185385781765334e-07	3.6368515590217497e-06	2.218019801045524e-06	3.664280857424989e-06	3.2257446229897366e-06	2.2716884748317183e-06	3.6326518542768125e-06	4.088974652124227e-06	3.755636255583924e-06	4.580692072385668e-06
C[C>A]T	0.0070546682083185925	1.8504476078949607e-06	0.0073239825216760346	2.674858680324354e-06	0.0015653922331150378	0.0007537622666205063	0.0009573361067408185	0.002325204887315695	0.006721933621872237	0.04527455769639365
C[C>G]A	7.185385781657338e-07	3.6368515590261826e-06	2.218019801047915e-06	3.66428085742476e-06	3.2257446229901605e-06	2.271688474831485e-06	3.6326518542806394e-06	4.088974652122002e-06	3.7556362555829408e-06	4.580692072384261e-06
C[C>G]C	7.185385781818226e-07	3.6368515590195787e-06	2.2180198010443527e-06	3.6642808574251014e-06	3.2257446229895295e-06	2.2716884748318326e-06	3.6326518542749384e-06	4.088974652125316e-06	3.755636255584406e-06	4.580692072386356e-06
C[C>G]G	7.18538578081341e-07	3.636851559060821e-06	2.2180198010665987e-06	3.664280857422971e-06	3.22574462299347e-06	2.271688474829668e-06	3.632651854310541e-06	4.088974652104617e-06	3.7556362555752578e-06	4.580692072373267e-06
C[C>G]T	7.185385781424993e-07	3.636851559035719e-06	2.218019801053059e-06	3.664280857424268e-06	3.225744622991071e-06	2.271688474830985e-06	3.6326518542888713e-06	4.088974652117215e-06	3.7556362555808257e-06	4.580692072381234e-06
C[C>T]A	0.02143950168508047	2.6796357137013475e-06	0.00580336869065386	3.912164421428532e-06	0.001319149053431401	0.0038670217225413015	0.005295152267653438	0.0018439993352223423	0.0007491567252098852	0.001065544907418301
C[C>T]C	0.009181698422205916	3.7117001848553476e-06	0.005920105067620548	3.129311449051254e-06	3.521749499662294e-06	1.967698973914902e-06	3.1535288621320718e-06	3.5055901691638443e-06	3.840697199261188e-06	3.8601758422337685e-06
C[C>T]G	0.004306473662703435	0.030597316842975307	0.010334290222074091	0.0736329145230894	0.015483782605479595	0.018164302174466025	0.040759186165995144	0.006464389657310442	0.03670502123185898	0.013156440962848627
C[C>T]T	0.034924446294880965	0.053556246048176194	0.03756318167242717	0.1575492189779926	0.03773915925252949	0.03200388345057434	0.02671133680799769	0.024772457695611677	0.027091556248756678	0.005315157748746733
C[T>A]A	0.0014824698509243006	2.75684317782289e-06	0.004793669352242254	0.0011929169949143044	0.0014035580152959193	0.0017765193630681158	0.01452304338228841	2.207148007339511e-06	0.0033900764504247367	0.004459090642005839
C[T>A]C	0.02776474763286831	0.05391843652758706	0.024778057194689458	0.0369999349951041	0.016220220666223428	0.01540905782232637	0.01271110972882959	0.020558307485958736	0.018292832205769577	0.003721448865392671
C[T>A]G	0.021832584518205335	1.9620569328341384e-06	0.003070423847643666	2.389959311802989e-06	0.01321463994813731	0.019733794247245348	2.3169083780060913e-06	3.3930438485925637e-06	0.007541802624165134	0.004002947973524055
C[T>A]T	7.185385781399359e-07	3.6368515590367714e-06	2.2180198010536264e-06	3.664280857424213e-06	3.2257446229911723e-06	2.2716884748309293e-06	3.6326518542897797e-06	4.088974652116687e-06	3.755636255580592e-06	4.5806920723809e-06
C[T>C]A	0.034876224334686214	0.056437670630598374	0.03882517069944662	0.011651199534406872	0.038009382749186936	0.025008253658449858	0.04188914778724335	0.04754416499176825	0.021975433221841603	0.01223144212938424
C[T>C]C	0.026039693449957147	0.012410682901300481	0.028316739292547292	7.023310903770172e-07	1.9408570160317513e-06	1.5421585647698715e-06	0.0008837381466543898	0.014449215658920775	0.008399673482816337	0.01080379181209523
C[T>C]G	0.0012915931687214523	3.6255275284056205e-06	1.9385523037704237e-06	2.98203948797288e-06	0.0007850032475929594	0.0007773418660747899	3.1898254143512498e-06	4.526885736514277e-06	0.0006893601956037821	0.0031341040877692376
C[T>C]T	0.0008543447219341947	0.004876783205072784	2.8885050710788717e-06	0.008612683761818828	0.004311538079080673	0.009464477831109475	0.043932688674237205	0.16220948520974082	0.0007432057462419098	0.008880026155671052
C[T>G]A	7.18538577950364e-07	3.6368515591145807e-06	2.218019801095596e-06	3.664280857420194e-06	3.2257446229986067e-06	2.2716884748268466e-06	3.632651854356949e-06	4.088974652077636e-06	3.755636255563332e-06	4.580692072356205e-06
C[T>G]C	0.004995538396329023	1.4470622369200725e-06	0.0006051343215955545	2.001988137947826e-06	3.389032759168193e-06	0.029272294619368887	0.015004680580788337	6.312533335435475e-06	0.0028818653301300604	0.005544791249962713
C[T>G]G	0.004807490665797665	0.003254269692067353	0.0015242103082929418	0.0027478159593088748	0.001250160470503819	0.0017270843603728542	0.007323519206698185	6.649675072289809e-06	0.0018242533996342082	4.9577731402113285e-06
C[T>G]T	7.185385780958192e-07	3.6368515590548784e-06	2.2180198010633927e-06	3.6642808574232777e-06	3.225744622992902e-06	2.27168847482998e-06	3.6326518543054096e-06	4.0889746521076e-06	3.7556362555765783e-06	4.580692072375152e-06
G[C>A]A	0.0012916026480534843	3.3395976395080124e-06	1.6474410294969832e-06	3.0580422952648426e-06	0.000784489046452845	0.002094999932692008	3.5268139100280166e-06	4.652197996915681e-06	0.001373933116417118	0.007552342999951498
G[C>A]C	6.455259732779156e-07	0.0012010148084267524	1.3139849623495882e-06	0.0016602781421789627	0.0035783224928100255	1.9722361380493697e-06	0.0049830818070609574	2.9313550692616713e-06	4.2827255899635255e-06	0.007262563243190696
G[C>A]G	7.185385741260871e-07	3.6368515606842513e-06	2.218019801942258e-06	3.664280857339119e-06	3.2257446231485815e-06	2.271688474744476e-06	3.6326518557119696e-06	4.08897465128984e-06	3.7556362552151434e-06	4.5806920718580365e-06
G[C>A]T	0.011524355110632989	0.0893904763186871	0.007323226884453105	0.04889849742648644	0.012989068115564793	0.03423820704312347	0.016610637819838542	0.058559568600816174	0.011271598228723607	0.029988789164221184
G[C>G]A	0.0017268677177991849	3.3988266859918346e-06	0.0010187448060867501	2.6273805019103033e-06	0.0023892549614597993	0.0007779799144428927	5.684964680257053e-06	4.414130812317864e-06	0.00274465023160014	0.0046583195189226455
G[C>G]C	0.02001472865016378	0.028893151918060994	0.004891374943199341	0.032152648850447225	0.04228925233743513	0.012207316973632528	0.020317299663961674	0.06062008043103979	0.02220699493450247	0.0048320395240615795
G[C>G]G	6.09056151977589e-07	3.4805032046755818e-06	2.249853116334548e-06	3.1633114743498337e-06	2.808152118624561e-06	0.0018614136928744862	3.890852938597709e-06	3.892294450574884e-06	0.0013744716954336312	0.0019113826912339088
G[C>G]T	0.004602862462101762	0.024642522028301275	0.004725461712598205	0.037170041899502064	0.03694913355452919	0.00592156067196691	0.044035899388033525	0.02965290357779565	0.01817101546910191	0.013061818146521569
G[C>T]A	0.024842079289383003	0.004427829256760461	0.006738858640555541	0.0041008695395420725	9.106591864694574e-07	0.0011286626194607437	0.005877722761228569	0.0025886103481210154	1.4884643126845519e-06	3.0431685576355154e-06
G[C>T]C	9.97707984831355e-07	1.639706523823429e-06	0.004817732135221888	1.6332878617527205e-06	0.0017887292530055063	0.0006608636780294241	0.0045971684620644765	0.0009487259526488214	0.00516994818668562	0.02887148551295523
G[C>T]G	7.185385780959436e-07	3.636851559054828e-06	2.2180198010633656e-06	3.6642808574232807e-06	3.225744622992897e-06	2.2716884748299823e-06	3.6326518543053673e-06	4.088974652107625e-06	3.7556362555765868e-06	4.5806920723751705e-06
G[C>T]T	0.05702664344614018	0.004206829831318254	0.0032397782030307784	2.6182429276001632e-06	0.006330384039365025	0.03174685791846525	1.1819702669936207e-06	0.005060329589087833	0.010248710744328027	0.007667744286417152
G[T>A]A	7.185385781822031e-07	3.6368515590194195e-06	2.2180198010442625e-06	3.6642808574251137e-06	3.2257446229895163e-06	2.2716884748318475e-06	3.63265185427478e-06	4.088974652125399e-06	3.755636255584475e-06	4.580692072386384e-06
G[T>A]C	0.00428828913750133	2.828913215448379e-06	0.0006050834534877659	3.318213659536684e-06	3.8791712802620915e-06	2.619912618717406e-06	3.925815936913038e-06	3.359927453073373e-06	4.589307342531106e-06	4.161492064842103e-06
G[T>A]G	7.185385773699134e-07	3.636851559352826e-06	2.218019801224103e-06	3.664280857407889e-06	3.2257446230213694e-06	2.2716884748143444e-06	3.6326518545626145e-06	4.088974651958064e-06	3.755636255510484e-06	4.580692072280594e-06
G[T>A]T	0.008494949542287269	2.8541418101725586e-06	2.508538412331489e-06	3.4218098496785276e-06	3.494265867290332e-06	3.786314988722538e-06	3.9427281267258405e-06	4.043459138319683e-06	3.3341984139969665e-06	4.183533891664994e-06
G[T>C]A	2.6744411444610315e-06	0.004947754589953727	2.5177608083593537e-06	1.976692973413865e-06	0.0031137337644849676	0.0029895913380054576	0.0009136312453592214	0.01027558088235618	0.004353627666944486	0.1615328938617005
G[T>C]C	0.023518549708224725	2.642408017132162e-06	0.009607916138643167	2.600326731861662e-06	3.7943427983476743e-06	0.0013897036909473123	2.6768366257712905e-06	2.8235297584840665e-06	0.0026946267115325875	2.4516188972771752e-06
G[T>C]G	0.026562950633470094	2.5624234439297566e-06	0.005654795307550824	3.0986379875944373e-06	3.31788828606021e-06	0.0021660063874042925	3.1110918942067355e-06	3.1542672437882204e-06	3.353473222598952e-06	3.4325597473837556e-06
G[T>C]T	0.006642730462419755	0.02702038794898017	8.470388508235237e-06	0.03908041770576667	0.041439564107069934	0.0062846690753768026	0.05375105230886043	0.025608794371679004	0.002186849241002009	0.01094038880521205
G[T>G]A	7.185385781091581e-07	3.636851559049404e-06	2.2180198010604404e-06	3.6642808574235607e-06	3.2257446229923793e-06	2.271688474830267e-06	3.632651854300685e-06	4.088974652110347e-06	3.7556362555777904e-06	4.580692072376891e-06
G[T>G]C	0.020441881593906967	2.62545595193951e-06	2.20452626884605e-06	4.019802118291511e-06	2.7438482062111412e-06	0.0023216151834931317	2.9302558273105135e-06	3.9156192477039575e-06	3.5059342307526075e-06	3.5875854000074015e-06
G[T>G]G	7.185385775764216e-07	3.6368515592680648e-06	2.2180198011783834e-06	3.6642808574122663e-06	3.2257446230132714e-06	2.271688474818792e-06	3.6326518544894453e-06	4.088974652000604e-06	3.7556362555292863e-06	4.580692072307494e-06
G[T>G]T	7.089776407235314e-07	3.39892967653986e-06	2.0548134619976153e-06	3.6541600758237952e-06	2.5218889032589744e-06	3.2147708939161994e-06	3.3187968563860627e-06	4.369440322727525e-06	0.0013739544664760162	0.0038514385255654362
T[C>A]A	0.00822574736081165	0.020587862881189987	3.361892376914106e-06	0.03371657273145245	0.009544255449804733	0.028938498634828776	0.03928239942530973	0.03281093360647981	0.004887174234492316	0.002062608490274531
T[C>A]C	0.0022970090457914735	0.017963775713721482	0.06059970202422575	0.012869852536547297	0.04995079536295081	0.003832554669074444	0.014430281834046476	0.01121680730163903	0.015622585758372946	0.012537730866912213
T[C>A]G	7.185385781082714e-07	3.636851559049768e-06	2.218019801060637e-06	3.664280857423542e-06	3.225744622992414e-06	2.2716884748302474e-06	3.632651854300999e-06	4.088974652110164e-06	3.7556362555777095e-06	4.580692072376776e-06
T[C>A]T	6.38250091740248e-07	3.2165740857394044e-06	1.0206318783174184e-06	0.001693508790219506	0.0010474984950756506	0.0049324515826725404	3.023282025217837e-06	0.0033329991100177515	3.285946228753627e-06	4.499212290788029e-06
T[C>G]A	7.185385780501231e-07	3.6368515590736343e-06	2.21801980107351e-06	3.6642808574223096e-06	3.2257446229946943e-06	2.2716884748289955e-06	3.6326518543216023e-06	4.0889746520981865e-06	3.755636255572415e-06	4.5806920723692006e-06
T[C>G]C	0.004691097254502062	0.0008701897599699703	2.2918888866024087e-06	0.0025149483572143795	7.884605463248119e-07	0.003374870437318287	0.010400293478664717	0.007615571675430763	5.520101261183466e-06	3.6529746052035883e-06
T[C>G]G	7.185385782608873e-07	3.636851558987127e-06	2.2180198010268487e-06	3.6642808574267777e-06	3.225744622986429e-06	2.2716884748335347e-06	3.6326518542469245e-06	4.088974652141603e-06	3.7556362555916042e-06	4.580692072396656e-06
T[C>G]T	0.019231037598957064	2.9715340160419366e-06	0.0032549811861392114	2.9873401858283886e-06	0.0003528162255527564	1.7224175249813474e-06	4.163755807062763e-06	3.430936626553109e-06	3.462734239201339e-06	3.4489729755201e-06
T[C>T]A	0.04666696404311313	0.04057202973835172	0.0396562054129057	0.16211731047714642	0.07641075829414327	0.04142258521342739	0.2009190719421218	0.05235728874903704	0.06085482348061667	0.06539530781077893
T[C>T]C	0.017194836712568842	1.5746670590738172e-06	0.03552661351779021	0.0018622209374219763	0.0028463872875784998	0.05994867685072609	0.04502420631551609	0.02294233531902532	0.025181612936486904	3.0114264476524834e-05
T[C>T]G	7.185385777447051e-07	3.6368515591989935e-06	2.2180198011411266e-06	3.664280857415835e-06	3.2257446230066717e-06	2.271688474822417e-06	3.632651854429819e-06	4.0889746520352706e-06	3.7556362555446075e-06	4.580692072329416e-06
T[C>T]T	0.05769606350871892	3.0139688263708205e-06	0.02213089347031218	0.0016977539835597716	0.003202254588909518	0.017049376117025734	0.002140377605383219	0.01633155637900106	0.009423435892912202	0.012677467864198568
T[T>A]A	0.007075328016870011	3.9703345678230615e-06	0.004740395887837709	2.741588752680733e-06	0.004538562219539716	0.0011193981217908773	0.003134935603149814	2.1600866606416844e-06	0.001507637676020374	0.012073884090982265
T[T>A]C	0.004248702756180196	0.012824020364348186	0.0195022326306636	9.31477601969835e-07	0.005982785973463956	0.0037189641108139534	1.868311599170517e-06	0.002660476410219711	0.030450982642958667	0.018965259371092082
T[T>A]G	0.0029001613253263774	1.9439549926718027e-06	2.03639911741818e-06	1.86809815165858e-06	2.2973189758385045e-06	0.001909672555912209	0.0025760905056325173	0.0038503772955136148	0.008279885206261783	0.02926292990192268
T[T>A]T	0.0018179071823324659	1.6910457416419324e-06	0.003021952822107639	0.0025337539577009634	0.0016964718379577164	0.0017009082487512528	2.895150680953236e-06	0.0010150756806077941	0.0013740067104625088	0.007602589611090431
T[T>C]A	0.023821344946083133	0.0219105453725687	0.04416111880369382	0.05691970542152246	0.04992617175890291	0.02659140758796317	0.008746969321244588	0.04229423931191455	0.007823940433990791	1.242127909953849e-06
T[T>C]C	0.005907271517665213	3.275877860868534e-06	0.0005015516774224867	0.006650445826315552	0.0015824171767788706	0.03673201491836981	0.005258670995161943	0.010895458311517687	0.001694038137382979	0.016680473387563503
T[T>C]G	7.185385781730739e-07	3.6368515590231697e-06	2.21801980104629e-06	3.664280857424916e-06	3.225744622989872e-06	2.2716884748316433e-06	3.632651854278038e-06	4.088974652123514e-06	3.755636255583609e-06	4.580692072385217e-06
T[T>C]T	0.02801394295994939	0.028389315395627175	0.005948372591608657	0.051164721162020615	0.06371298888664406	0.03053473018422265	0.030226999659891604	0.028656167378294274	0.02223220353938923	0.1084662595876012
T[T>G]A	4.5279698427085064e-07	2.101219235102947e-06	1.497544235550378e-06	0.0006790363596402694	2.541935796545255e-06	0.004018887734995311	0.01344338389917257	3.1538903378840385e-06	6.150339686364026e-06	3.928583821762672e-06
T[T>G]C	1.2144948668359474e-06	0.000602300265871675	1.914335762690501e-06	0.0016293024269534797	0.006295045376722604	0.003915925403891363	0.04014419504684874	0.0009166756796843006	0.003014842257087207	0.011997425368781059
T[T>G]G	7.185385781415105e-07	3.6368515590361247e-06	2.218019801053278e-06	3.6642808574242467e-06	3.22574462299111e-06	2.271688474830964e-06	3.632651854289222e-06	4.088974652117012e-06	3.755636255580736e-06	4.580692072381105e-06
T[T>G]T	0.0012915721441543462	2.9076951605279602e-06	1.7629271189044571e-06	2.9470562342990966e-06	0.0009747662879764097	2.6361381333969885e-06	2.976800481106601e-06	4.338429033311369e-06	2.9374819068197115e-06	0.008790251217114747
