MutationType	Signature A	Signature B	Signature C	Signature D	Signature E	Signature F	Signature G	Signature H	Signature I	Signature J
A[C>A]A	7.18E-03	5.43E-03	6.30E-03	7.51E-03	5.78E-03	9.84E-03	1.18E-02	5.91E-03	5.62E-03	1.14E-02
A[C>A]C	8.38E-03	6.54E-03	5.76E-03	4.57E-03	3.60E-03	8.41E-03	9.35E-03	7.31E-03	5.41E-03	7.95E-03
A[C>A]G	1.65E-08	1.43E-08	1.84E-08	1.20E-08	2.40E-08	1.35E-08	2.02E-08	1.19E-08	1.96E-08	1.85E-08
A[C>A]T	4.13E-07	2.55E-03	1.76E-03	4.30E-03	5.62E-03	8.03E-03	5.79E-03	3.31E-03	1.89E-03	1.07E-03
A[C>G]A	2.85E-03	5.92E-03	6.22E-03	4.48E-03	3.25E-03	5.22E-03	7.76E-03	6.56E-03	5.45E-03	4.63E-03
A[C>G]C	3.04E-07	4.29E-04	1.85E-07	1.61E-03	3.27E-03	4.79E-07	3.60E-04	2.06E-07	1.46E-03	3.90E-07
A[C>G]G	1.65E-08	1.43E-08	1.84E-08	1.20E-08	2.40E-08	1.35E-08	2.02E-08	1.19E-08	1.96E-08	1.85E-08
A[C>G]T	4.06E-03	1.65E-03	1.31E-03	4.50E-04	7.90E-04	2.24E-03	3.65E-04	2.27E-03	1.81E-03	3.60E-03
A[C>T]A	1.27E-02	9.82E-03	1.01E-02	9.20E-03	1.69E-02	1.81E-02	1.72E-02	1.65E-02	1.03E-02	1.28E-02
A[C>T]C	8.86E-08	2.70E-03	9.63E-05	6.43E-03	1.89E-03	4.47E-03	5.61E-03	5.24E-06	3.94E-03	6.13E-03
A[C>T]G	9.14E-03	4.91E-03	4.40E-03	2.66E-03	4.48E-03	1.44E-02	1.01E-02	5.58E-03	3.30E-03	2.28E-03
A[C>T]T	1.08E-02	1.42E-02	8.89E-03	8.62E-03	7.40E-03	9.87E-03	6.79E-03	9.42E-03	6.47E-03	1.67E-02
A[T>A]A	3.39E-03	2.23E-03	2.28E-07	2.67E-07	2.82E-07	2.94E-03	1.21E-03	1.61E-07	2.09E-07	3.23E-03
A[T>A]C	3.32E-03	1.58E-03	5.54E-03	1.03E-03	1.20E-03	6.64E-08	1.08E-02	2.07E-03	5.84E-03	3.21E-03
A[T>A]G	6.84E-03	7.09E-03	7.89E-03	9.23E-03	5.14E-03	9.11E-03	7.85E-03	3.72E-03	5.11E-03	1.21E-02
A[T>A]T	1.86E-07	1.90E-03	3.18E-03	2.37E-07	4.13E-07	1.29E-03	2.05E-03	3.47E-07	1.43E-06	7.16E-04
A[T>C]A	5.60E-03	1.13E-02	1.61E-02	6.54E-03	1.45E-02	5.76E-03	9.31E-03	1.09E-02	8.31E-03	6.52E-03
A[T>C]C	1.05E-02	9.05E-03	4.89E-03	7.69E-03	8.53E-03	1.50E-02	1.14E-02	7.17E-03	1.57E-02	5.35E-03
A[T>C]G	1.14E-02	4.15E-03	3.82E-03	6.43E-04	5.42E-03	8.08E-03	1.04E-02	4.62E-03	4.67E-03	4.97E-03
A[T>C]T	2.34E-02	1.60E-02	1.72E-02	1.93E-02	1.15E-02	1.27E-02	7.59E-03	9.02E-03	1.03E-02	1.25E-02
A[T>G]A	1.65E-08	1.43E-08	1.84E-08	1.20E-08	2.40E-08	1.35E-08	2.02E-08	1.19E-08	1.96E-08	1.85E-08
A[T>G]C	9.68E-03	2.98E-03	6.85E-03	6.65E-03	1.31E-02	5.09E-03	9.44E-03	5.47E-03	1.02E-02	7.63E-03
A[T>G]G	1.69E-03	4.69E-07	1.07E-03	1.62E-03	1.64E-07	2.37E-07	6.29E-04	2.04E-07	9.18E-04	3.50E-04
A[T>G]T	1.65E-08	1.43E-08	1.84E-08	1.20E-08	2.40E-08	1.35E-08	2.02E-08	1.19E-08	1.96E-08	1.85E-08
C[C>A]A	1.86E-03	1.83E-07	4.46E-07	1.08E-03	1.68E-03	7.87E-04	7.46E-04	3.54E-07	9.77E-04	2.09E-07
C[C>A]C	1.65E-08	1.43E-08	1.84E-08	1.20E-08	2.40E-08	1.35E-08	2.02E-08	1.19E-08	1.96E-08	1.85E-08
C[C>A]G	1.65E-08	1.43E-08	1.84E-08	1.20E-08	2.40E-08	1.35E-08	2.02E-08	1.19E-08	1.96E-08	1.85E-08
C[C>A]T	5.02E-03	2.17E-03	9.52E-04	2.67E-03	2.57E-03	1.50E-03	2.83E-03	4.29E-04	2.15E-03	3.68E-03
C[C>G]A	2.20E-07	2.72E-04	1.60E-07	1.34E-03	1.16E-06	6.51E-04	2.21E-07	1.21E-07	4.76E-04	7.13E-04
C[C>G]C	1.65E-08	1.43E-08	1.84E-08	1.20E-08	2.40E-08	1.35E-08	2.02E-08	1.19E-08	1.96E-08	1.85E-08
C[C>G]G	1.65E-08	1.43E-08	1.84E-08	1.20E-08	2.40E-08	1.35E-08	2.02E-08	1.19E-08	1.96E-08	1.85E-08
C[C>G]T	1.79E-03	6.02E-04	2.03E-07	2.35E-07	5.79E-04	5.98E-07	2.10E-07	1.65E-07	9.47E-08	1.35E-06
C[C>T]A	5.48E-03	8.25E-03	3.89E-03	7.16E-03	2.13E-03	2.61E-03	5.30E-03	6.88E-03	3.79E-03	9.20E-03
C[C>T]C	5.05E-03	5.34E-03	4.08E-03	6.43E-03	3.68E-03	4.16E-03	7.13E-03	1.95E-03	2.76E-03	7.33E-03
C[C>T]G	7.37E-03	9.03E-03	3.08E-03	2.31E-03	9.00E-03	7.43E-03	3.54E-03	3.35E-03	2.44E-03	3.61E-03
C[C>T]T	8.24E-03	1.10E-02	9.78E-03	5.35E-03	4.83E-03	7.70E-03	3.01E-03	8.40E-03	5.68E-03	9.48E-03
C[T>A]A	8.68E-04	4.75E-03	7.76E-04	8.11E-04	6.34E-03	7.24E-03	1.20E-03	2.75E-03	4.80E-03	3.14E-03
C[T>A]C	6.70E-03	9.67E-03	8.65E-03	5.58E-03	5.33E-03	8.81E-03	8.83E-03	6.90E-03	6.44E-03	5.62E-03
C[T>A]G	5.82E-03	3.60E-03	7.39E-03	7.16E-03	1.16E-02	5.09E-03	1.14E-02	7.50E-03	5.96E-03	5.26E-03
C[T>A]T	2.23E-03	1.93E-03	1.62E-03	5.96E-04	1.18E-07	1.90E-03	6.65E-04	4.55E-04	1.06E-07	2.39E-07
C[T>C]A	9.88E-03	1.07E-02	4.82E-03	8.31E-03	1.13E-02	1.26E-02	8.96E-03	8.59E-03	6.74E-03	1.04E-02
C[T>C]C	1.09E-02	6.34E-03	1.25E-02	9.22E-03	1.06E-02	7.78E-03	7.41E-03	5.37E-03	1.32E-02	8.54E-03
C[T>C]G	5.43E-07	4.59E-07	4.72E-04	1.36E-03	7.13E-04	1.60E-03	1.01E-03	2.91E-07	9.80E-04	4.46E-07
C[T>C]T	2.54E-06	1.11E-03	7.07E-03	4.99E-03	5.54E-03	2.68E-03	1.91E-03	1.99E-07	5.76E-07	3.39E-03
C[T>G]A	1.61E-07	2.43E-07	1.03E-03	6.20E-07	1.73E-07	4.77E-04	5.35E-04	2.82E-07	1.37E-07	4.69E-04
C[T>G]C	3.82E-04	2.52E-03	1.12E-03	9.20E-04	7.05E-03	4.39E-04	6.26E-04	7.93E-04	2.13E-03	9.89E-04
C[T>G]G	1.22E-03	1.63E-03	7.64E-06	1.90E-03	4.37E-03	3.89E-03	2.47E-07	3.23E-03	3.27E-03	7.73E-04
C[T>G]T	1.65E-08	1.43E-08	1.84E-08	1.20E-08	2.40E-08	1.35E-08	2.02E-08	1.19E-08	1.96E-08	1.85E-08
G[C>A]A	1.88E-03	2.16E-03	2.10E-03	3.09E-03	6.29E-04	3.67E-03	2.66E-03	2.06E-03	3.58E-07	2.37E-03
G[C>A]C	8.93E-04	5.07E-04	3.88E-04	1.42E-04	1.07E-03	5.50E-04	2.19E-07	9.04E-04	2.25E-03	8.27E-04
G[C>A]G	1.65E-08	1.43E-08	1.84E-08	1.20E-08	2.40E-08	1.35E-08	2.02E-08	1.19E-08	1.96E-08	1.85E-08
G[C>A]T	9.12E-03	5.86E-03	5.64E-03	7.44E-03	8.06E-03	8.85E-03	1.15E-02	4.17E-03	4.66E-03	9.48E-03
G[C>G]A	6.25E-03	5.36E-03	2.52E-03	4.80E-03	1.68E-05	1.43E-03	2.10E-03	1.03E-03	4.50E-03	1.07E-06
G[C>G]C	7.86E-03	6.68E-03	3.59E-03	6.64E-03	4.33E-03	4.85E-03	4.40E-03	1.62E-03	4.38E-03	4.71E-03
G[C>G]G	1.65E-08	1.43E-08	1.84E-08	1.20E-08	2.40E-08	1.35E-08	2.02E-08	1.19E-08	1.96E-08	1.85E-08
G[C>G]T	1.13E-02	3.81E-03	7.59E-03	5.06E-03	2.06E-03	3.46E-03	3.48E-03	3.10E-03	8.94E-03	4.72E-03
G[C>T]A	5.04E-04	9.16E-04	5.73E-03	2.65E-03	9.70E-03	3.66E-03	1.14E-02	2.18E-03	6.84E-03	2.27E-03
G[C>T]C	1.13E-03	1.88E-07	2.25E-07	3.92E-07	1.23E-03	1.49E-03	3.92E-04	1.93E-07	7.91E-04	1.54E-07
G[C>T]G	1.65E-08	1.43E-08	1.84E-08	1.20E-08	2.40E-08	1.35E-08	2.02E-08	1.19E-08	1.96E-08	1.85E-08
G[C>T]T	8.75E-03	6.78E-03	8.82E-03	6.63E-03	9.08E-03	1.25E-02	6.04E-03	1.88E-02	8.03E-03	5.92E-03
G[T>A]A	1.65E-08	1.43E-08	1.84E-08	1.20E-08	2.40E-08	1.35E-08	2.02E-08	1.19E-08	1.96E-08	1.85E-08
G[T>A]C	5.56E-03	4.67E-03	2.63E-03	5.62E-03	1.23E-02	7.37E-03	5.89E-03	5.30E-03	6.19E-03	2.37E-04
G[T>A]G	1.65E-08	1.43E-08	1.84E-08	1.20E-08	2.40E-08	1.35E-08	2.02E-08	1.19E-08	1.96E-08	1.85E-08
G[T>A]T	3.27E-03	3.55E-07	3.21E-03	4.71E-03	1.90E-03	9.04E-03	5.82E-03	1.95E-07	5.49E-07	3.21E-07
G[T>C]A	9.01E-04	1.62E-03	1.79E-03	1.40E-03	2.70E-06	5.32E-03	3.26E-03	1.21E-03	2.16E-07	8.07E-03
G[T>C]C	7.43E-03	4.74E-03	2.72E-03	3.96E-03	5.31E-03	4.99E-03	6.15E-03	1.04E-02	4.90E-03	1.00E-02
G[T>C]G	7.70E-03	7.50E-03	6.29E-03	5.51E-03	5.61E-03	1.40E-02	5.19E-03	7.25E-03	7.03E-03	5.08E-03
G[T>C]T	1.13E-03	4.15E-07	2.80E-03	8.84E-04	3.91E-03	2.97E-03	2.54E-03	3.42E-03	2.93E-03	1.75E-06
G[T>G]A	1.65E-08	1.43E-08	1.84E-08	1.20E-08	2.40E-08	1.35E-08	2.02E-08	1.19E-08	1.96E-08	1.85E-08
G[T>G]C	8.93E-04	1.34E-03	1.54E-03	7.41E-04	1.45E-03	1.50E-03	1.80E-07	2.75E-03	8.82E-04	9.08E-04
G[T>G]G	1.65E-08	1.43E-08	1.84E-08	1.20E-08	2.40E-08	1.35E-08	2.02E-08	1.19E-08	1.96E-08	1.85E-08
G[T>G]T	5.02E-04	7.97E-04	3.09E-03	2.42E-07	1.01E-06	3.23E-07	6.48E-04	3.44E-03	3.15E-07	1.05E-03
T[C>A]A	1.10E-03	1.29E-03	1.54E-03	3.33E-04	1.39E-03	5.92E-04	6.72E-04	1.42E-03	5.92E-04	1.39E-03
T[C>A]C	4.41E-03	6.23E-03	9.10E-03	5.71E-03	3.05E-03	6.09E-03	2.80E-03	1.57E-03	3.71E-03	6.48E-03
T[C>A]G	1.65E-08	1.43E-08	1.84E-08	1.20E-08	2.40E-08	1.35E-08	2.02E-08	1.19E-08	1.96E-08	1.85E-08
T[C>A]T	6.80E-03	4.22E-03	2.47E-03	1.24E-06	2.73E-03	2.68E-03	4.72E-03	2.20E-03	2.94E-07	2.91E-03
T[C>G]A	1.61E-07	2.08E-07	1.89E-07	1.60E-07	1.20E-03	8.63E-04	7.38E-04	2.85E-07	1.27E-03	8.65E-08
T[C>G]C	3.55E-03	1.69E-06	1.59E-03	8.24E-07	8.41E-04	8.63E-04	2.14E-03	2.09E-03	1.57E-03	3.44E-07
T[C>G]G	1.65E-08	1.43E-08	1.84E-08	1.20E-08	2.40E-08	1.35E-08	2.02E-08	1.19E-08	1.96E-08	1.85E-08
T[C>G]T	2.05E-03	4.17E-03	8.13E-03	2.57E-03	1.37E-03	4.32E-03	4.18E-03	2.37E-03	6.17E-03	3.03E-03
T[C>T]A	8.42E-03	1.37E-02	1.24E-02	1.14E-02	1.13E-02	8.43E-03	2.02E-02	1.29E-02	1.23E-02	1.40E-02
T[C>T]C	9.23E-03	1.01E-02	1.08E-02	6.18E-03	8.94E-03	6.22E-03	1.45E-02	9.82E-03	4.79E-03	7.47E-03
T[C>T]G	1.65E-08	1.43E-08	1.84E-08	1.20E-08	2.40E-08	1.35E-08	2.02E-08	1.19E-08	1.96E-08	1.85E-08
T[C>T]T	5.61E-07	2.55E-03	1.75E-03	2.70E-03	8.84E-03	3.75E-03	1.35E-02	2.12E-02	5.15E-03	1.07E-03
T[T>A]A	4.54E-03	3.53E-03	5.60E-03	4.86E-03	3.13E-03	4.16E-03	3.99E-03	2.86E-03	4.67E-03	5.74E-03
T[T>A]C	9.60E-03	2.57E-03	5.75E-03	4.16E-03	7.07E-03	9.17E-03	5.94E-03	7.08E-03	7.78E-03	3.74E-03
T[T>A]G	1.20E-07	1.10E-07	1.32E-07	2.44E-07	2.10E-07	1.80E-07	5.50E-04	1.59E-03	1.32E-03	4.84E-04
T[T>A]T	3.86E-06	4.76E-04	1.09E-03	5.20E-04	5.63E-03	1.58E-03	4.55E-03	4.97E-03	3.37E-03	5.58E-03
T[T>C]A	7.73E-03	1.77E-02	1.47E-02	1.29E-02	7.23E-03	1.56E-02	5.86E-03	8.83E-03	8.98E-03	8.56E-03
T[T>C]C	2.32E-03	2.09E-07	6.11E-03	3.20E-03	3.41E-03	1.89E-03	3.99E-03	1.51E-07	2.75E-03	1.30E-02
T[T>C]G	3.06E-07	1.25E-03	3.68E-03	1.09E-03	3.69E-07	2.19E-03	2.49E-07	5.83E-07	1.26E-03	3.29E-04
T[T>C]T	1.96E-03	4.69E-03	1.10E-02	9.37E-07	1.15E-02	2.34E-03	7.41E-03	6.51E-03	3.59E-03	6.63E-07
T[T>G]A	4.30E-04	3.38E-04	1.54E-03	2.16E-07	1.60E-07	1.49E-07	4.42E-04	6.92E-04	7.88E-07	1.43E-03
T[T>G]C	6.22E-03	1.45E-03	7.06E-03	2.05E-03	1.54E-03	3.19E-03	1.34E-03	2.53E-07	6.07E-04	1.22E-03
T[T>G]G	1.65E-08	1.43E-08	1.84E-08	1.20E-08	2.40E-08	1.35E-08	2.02E-08	1.19E-08	1.96E-08	1.85E-08
T[T>G]T	1.34E-03	1.28E-03	1.02E-03	3.84E-07	1.92E-07	1.67E-03	2.32E-07	1.55E-03	5.15E-04	1.07E-07
