MutationType	Signature A	Signature B	Signature C	Signature D	Signature E	Signature F	Signature G	Signature H	Signature I	Signature J
A[C>A]A	0.026336887327255296	0.017944827471394163	0.018894268975507528	0.03404372399949814	0.040749786062831334	0.01488706891535656	0.042953024547459064	0.011439429699417226	0.03428942158050132	0.03486993660327175
A[C>A]C	0.026302024575976756	0.012520310480265265	0.028368129782730983	0.02586318245628058	0.024881524746260073	0.015431247304011231	0.03439899845167093	0.010222058170793049	0.0314729427291111	0.02058781511271771
A[C>A]G	1.2607414047947154e-06	1.2674123028683594e-06	1.333723294260836e-06	1.3073998152982232e-06	1.3310162308411895e-06	1.2414009600988765e-06	1.3153791457857626e-06	1.2432826397862141e-06	1.2961278954150248e-06	1.2714451588334047e-06
A[C>A]T	0.008534716022744946	0.002904752790128143	9.141853747744689e-07	0.007226330176510064	0.0030872112242719624	0.005893119609005534	0.0010693864460891377	0.010659235586937911	0.002681314658502414	0.009652224347338275
A[C>G]A	0.006976868089154399	0.009847608865743169	0.010508575946906162	0.018171581443634257	0.020174289956866452	0.02145315528932895	0.018759731425002032	0.007245249475934792	0.011625221695136568	0.008966363500856273
A[C>G]C	0.001607761456047285	0.002762778771710939	1.2393177772223819e-06	0.0003615878920413399	0.0004303788425388237	8.927421254991599e-07	1.00152096777435e-06	0.004672602363604563	1.0002901741837148e-06	1.3293328826307371e-06
A[C>G]G	1.2607414047947154e-06	1.2674123028683594e-06	1.333723294260836e-06	1.3073998152982232e-06	1.3310162308411895e-06	1.2414009600988765e-06	1.3153791457857626e-06	1.2432826397862141e-06	1.2961278954150248e-06	1.2714451588334047e-06
A[C>G]T	0.0004513192853929125	0.0018083002387305506	0.004732212938981989	0.0003650527846101643	0.0024270027351567134	0.0030678997093587243	0.006069613743820443	0.00079058148666529	0.002554067932872157	0.004335086935574512
A[C>T]A	0.08391262537090508	0.0855790092250572	0.06179394614896734	0.08345094103595349	0.03881676751815952	0.07945792411070457	0.07739568159159121	0.13473079197378685	0.029737338170509078	0.08062422170781344
A[C>T]C	0.011943703633481111	0.009583786381974673	8.861706154531833e-08	0.009458839951588563	0.0039180140353491585	5.640408895196266e-06	0.013553617853582167	0.0018865064826558628	9.82802500913484e-05	0.006278044094826424
A[C>T]G	0.008615574046852821	0.0066984615353077245	0.02148778706351709	0.02441677620907929	0.014211232029907891	0.011009521930000167	0.012050370105746694	0.009176026883557648	0.010167018399802559	0.019388886471269188
A[C>T]T	0.024749558030665187	0.02688161297021917	0.04654142685008478	0.031165622362428588	0.06864440367093663	0.02676592544494321	0.05312283774433892	0.024673346977059932	0.025523993151429822	0.03876629341249537
A[T>A]A	7.146216657419237e-07	8.920651133606907e-07	0.003392953320298712	0.0012080929395448963	0.004425583959787604	1.1610835568759111e-06	0.00459080410201381	8.236116037209259e-07	6.024898878866166e-07	0.0029426172867349307
A[T>A]C	0.0010338905995040868	0.01530809377873607	0.004003877646148726	0.016073009034712867	0.003803885661341074	0.005103834900069203	0.0032082759311105554	0.0011994434427149796	0.00964278763924278	6.644455925765104e-08
A[T>A]G	0.02244892884500716	0.015204514558486537	0.018969130146179958	0.018719695100279116	0.052852020052995455	0.011172943266195882	0.04047651338264972	0.012121711390256085	0.028142021304581377	0.030134641061730177
A[T>A]T	1.2286422882697078e-06	2.3510139799597828e-06	7.228463957490741e-07	0.0030581576591861698	0.001905633809385033	1.4066120543444037e-06	0.0009901950512329599	1.1860682884845758e-06	0.00317780381538045	0.0012970851078779914
A[T>C]A	0.07448003825114961	0.059318276123583244	0.014577753132318742	0.03181356480009685	0.050371004615533066	0.059871530352653135	0.02558809792882698	0.056603126616971526	0.09783522490634146	0.018939087446546748
A[T>C]C	0.043859291180701074	0.10855981512044664	0.030846697665806118	0.04440936835402563	0.019867860908130634	0.032292891229232915	0.01638357592819681	0.034931529977720394	0.01876961530089344	0.05175888343587508
A[T>C]G	0.0009292731874728763	0.015030239208271566	0.019829766034342118	0.019263136835652884	0.010760826535559357	0.0160499169753447	0.01759830311557696	0.010512519373419476	0.00892367182640176	0.01967219229233884
A[T>C]T	0.047014804274200246	0.06391086303649254	0.13561645758272722	0.05391227159556926	0.08978889264599864	0.08736359447210709	0.05830905664940779	0.05077373982133316	0.061410252573738625	0.04282831654356531
A[T>G]A	1.2607414047947154e-06	1.2674123028683594e-06	1.333723294260836e-06	1.3073998152982232e-06	1.3310162308411895e-06	1.2414009600988765e-06	1.3153791457857626e-06	1.2432826397862141e-06	1.2961278954150248e-06	1.2714451588334047e-06
A[T>G]C	0.015559031181524546	0.023573430266997774	0.023619393371883804	0.018220627940249128	0.012638195121234768	0.008851425979997293	0.023681150693238225	0.036191548485825654	0.011881139687845042	0.017692224219538866
A[T>G]G	0.001621306202630672	0.0009187731128511789	0.002118487820267516	0.0006316247363410788	1.590585065000309e-06	8.095013769738442e-07	0.0003510112253325788	8.096715460940152e-07	0.001074140578015405	9.114477490256252e-07
A[T>G]T	1.2607414047947154e-06	1.2674123028683594e-06	1.333723294260836e-06	1.3073998152982232e-06	1.3310162308411895e-06	1.2414009600988765e-06	1.3153791457857626e-06	1.2432826397862141e-06	1.2961278954150248e-06	1.2714451588334047e-06
C[C>A]A	0.0014037784357679144	0.0014033003206050877	0.0018623430643513327	0.0007467941593404739	7.485318691313097e-07	1.5667358935898348e-06	6.829464594480624e-07	0.0023014678742304486	1.72991786188984e-06	0.0007872393545580724
C[C>A]C	1.2607414047947154e-06	1.2674123028683594e-06	1.333723294260836e-06	1.3073998152982232e-06	1.3310162308411895e-06	1.2414009600988765e-06	1.3153791457857626e-06	1.2432826397862141e-06	1.2961278954150248e-06	1.2714451588334047e-06
C[C>A]G	1.2607414047947154e-06	1.2674123028683594e-06	1.333723294260836e-06	1.3073998152982232e-06	1.3310162308411895e-06	1.2414009600988765e-06	1.3153791457857626e-06	1.2432826397862141e-06	1.2961278954150248e-06	1.2714451588334047e-06
C[C>A]T	0.0033795218117579694	0.003016649174575784	0.0050196683988406945	0.004526244838480552	0.0030783287245833607	0.0004301165112336085	0.00368290025294545	0.003128157162462433	0.0009528455386789376	0.0029270579623818056
C[C>G]A	0.0013389639242843236	0.000479097390440731	7.326975541439162e-07	1.1663937205057215e-06	0.0002729998059947559	9.133922390734887e-07	0.0007142263870688703	2.194807338109445e-06	1.0546974676233545e-06	0.0009741929099233494
C[C>G]C	1.2607414047947154e-06	1.2674123028683594e-06	1.333723294260836e-06	1.3073998152982232e-06	1.3310162308411895e-06	1.2414009600988765e-06	1.3153791457857626e-06	1.2432826397862141e-06	1.2961278954150248e-06	1.2714451588334047e-06
C[C>G]G	1.2607414047947154e-06	1.2674123028683594e-06	1.333723294260836e-06	1.3073998152982232e-06	1.3310162308411895e-06	1.2414009600988765e-06	1.3153791457857626e-06	1.2432826397862141e-06	1.2961278954150248e-06	1.2714451588334047e-06
C[C>G]T	7.971667329283953e-07	1.2011189908482862e-06	0.002734178091691453	5.890876296455473e-07	0.0006083471346264441	1.014041525086933e-06	2.144749750151484e-06	0.0005794811151595319	9.289916918070847e-07	1.3628100383400243e-06
C[C>T]A	0.025547324256135318	0.006379287387527461	0.010601751201263545	0.01606845397735783	0.01559786150276909	0.01899785605382346	0.024327065255705792	0.004268610308431905	0.005455452871658977	0.006152392985600891
C[C>T]C	0.011298501044109961	0.00722847823823764	0.0148209475406537	0.014699704448697112	0.017670993877884365	0.004459025961813819	0.02099900696156766	0.008649991174021102	0.005501243049202551	0.011519699130066507
C[C>T]G	0.004343065456387409	0.005644931891131357	0.020861243309928428	0.009657512682285853	0.026300467953560627	0.012681279202157976	0.01379029031164555	0.016808792375859985	0.005542912432130205	0.01087333543347075
C[C>T]T	0.04899455764109881	0.014753878632405034	0.03862818476525561	0.00891103740789551	0.02616037883589611	0.026868138718896484	0.030611912756864354	0.012270216933442886	0.04487880922228566	0.022411734253370987
C[T>A]A	0.0008129990678547273	0.009538890452946747	0.0008690986495973942	0.0018007697063736501	0.006266720888939798	0.00506022942540491	0.0031392285487098297	0.008990536565688118	0.0007765660142152453	0.007237275995831639
C[T>A]C	0.03777968417326541	0.017155099491590005	0.012356807645413356	0.021323599687126934	0.03213719013673049	0.03336609662250391	0.013048479718182062	0.012224466899280965	0.017636397447329654	0.014935292815531239
C[T>A]G	0.017142080842945835	0.01747937465603457	0.013053532620647026	0.020268532383562254	0.006387990209316907	0.01698944873815841	0.012599432481375131	0.035040965686600034	0.020265963930470532	0.011529965415464805
C[T>A]T	0.0008901216343698578	6.399045665195548e-07	0.0022346221491083267	0.0009693269365377798	0.0019270291350174204	0.0004567282976113754	1.190229400489711e-06	7.501044541568561e-07	0.0016258092459598057	0.0023389489400141815
C[T>C]A	0.041425727756350034	0.030526905400943223	0.02770643297126052	0.03000941561303295	0.036907095443654614	0.012616206184444131	0.046945775193794656	0.04295255148105047	0.032725680533055454	0.05648612445605745
C[T>C]C	0.032781219930401076	0.06189190456159378	0.052355005512120356	0.02715108517951622	0.01843680067370286	0.03189306699429667	0.03517980118631882	0.05475154789321449	0.042880539421629796	0.04342836076455821
C[T>C]G	0.0013591133048396632	0.0014738761978749112	1.1836698715323164e-06	0.0013175368365763065	1.1996788182968935e-06	1.0501695642899773e-06	1.2387478833687023e-06	0.001088464834598613	0.0004721328201453857	0.0024385136089536703
C[T>C]T	0.008183316800630003	9.595671675937196e-07	6.723455452299209e-06	0.002862014600373101	0.001408469642746106	3.9951305952234207e-07	0.0053277269424405835	0.00679451194459137	0.009170277230799705	0.005206394818761547
C[T>G]A	1.9614811654160668e-06	9.337081489519934e-07	1.1617650147690292e-06	0.0005356843240026756	1.3611221844918966e-06	1.1751902798934817e-06	0.000474239069155648	9.138326420534739e-07	0.0010278151097170441	0.00047750627331138345
C[T>G]C	0.0016951027346958354	0.0029119466266870012	0.0003835966406875488	0.0006268961517516677	0.0025181214272279712	0.0007936059210487345	0.0010454700346455889	0.009742354692770372	0.0011165241066024955	0.0004395281584137239
C[T>G]G	0.00207948178181035	0.00497636382411952	0.001217678381284885	6.159684111255274e-07	0.001627657159131661	0.004315430421011296	0.001794971337159566	0.008224544011649775	8.58733682900381e-06	0.00623203967929433
C[T>G]T	1.2607414047947154e-06	1.2674123028683594e-06	1.333723294260836e-06	1.3073998152982232e-06	1.3310162308411895e-06	1.2414009600988765e-06	1.3153791457857626e-06	1.2432826397862141e-06	1.2961278954150248e-06	1.2714451588334047e-06
G[C>A]A	0.0030937176480807425	1.0572553456312896e-06	0.0025250012816815806	0.0026581676426590635	0.003307130267783774	0.0028013680891626706	0.0023743779397705964	0.0006294350013750335	0.004827767091488784	0.004195225834842379
G[C>A]C	0.00014339362515334496	0.00283152998555147	0.0008941920559696265	7.256250870503973e-07	0.0007675703018624779	0.0012844193274468552	0.0012378741590489879	0.0016423877882414894	0.00038928225323535886	0.0005522721529897507
G[C>A]G	1.2607414047947154e-06	1.2674123028683594e-06	1.333723294260836e-06	1.3073998152982232e-06	1.3310162308411895e-06	1.2414009600988765e-06	1.3153791457857626e-06	1.2432826397862141e-06	1.2961278954150248e-06	1.2714451588334047e-06
G[C>A]T	0.01893231575483511	0.00892389622598828	0.0161928051753432	0.03749048536099978	0.011966442486853478	0.007532750699759472	0.035783209465586246	0.03254709021078657	0.016460042902920538	0.019477445807666027
G[C>G]A	0.006448050406700237	0.008560422107137932	0.010646217798131224	0.002097862314535202	0.005814985635923682	0.0010328750815571167	2.809010867487399e-06	1.773074011813586e-05	0.0031691596215140507	0.0014326503399529726
G[C>G]C	0.017320823228557967	0.0095455347909006	0.024371151640632846	0.013052765538081776	0.016577614375152983	0.002714095849734581	0.01151105916709214	0.006721434232303784	0.010405370263651527	0.013953335775992247
G[C>G]G	1.2607414047947154e-06	1.2674123028683594e-06	1.333723294260836e-06	1.3073998152982232e-06	1.3310162308411895e-06	1.2414009600988765e-06	1.3153791457857626e-06	1.2432826397862141e-06	1.2961278954150248e-06	1.2714451588334047e-06
G[C>G]T	0.007759051478983229	0.014776782567088404	0.02729346318742673	0.007437071971686547	0.006233576391272145	0.005983320931438552	0.00830027576104499	0.003146143635373507	0.010240516146516263	0.006962407136316958
G[C>T]A	0.006506123238793739	0.018516599002843883	0.0005039602681882905	0.019849109996861472	0.0018295388187198392	0.0029794176309704953	0.0030019117406363195	0.016708485821090156	0.009477083559143314	0.006096559816407461
G[C>T]C	1.3335811260238312e-06	0.0012079658944706257	0.0017217208272020665	0.0003936128379134616	9.961723313894177e-07	6.695851873953858e-07	8.535583585594916e-07	0.0017181732686489424	8.442691477879135e-07	0.002220638397634746
G[C>T]G	1.2607414047947154e-06	1.2674123028683594e-06	1.333723294260836e-06	1.3073998152982232e-06	1.3310162308411895e-06	1.2414009600988765e-06	1.3153791457857626e-06	1.2432826397862141e-06	1.2961278954150248e-06	1.2714451588334047e-06
G[C>T]T	0.02063821119442998	0.03234743186182494	0.024440619301842704	0.01565618783286837	0.021655548444326305	0.061088336765560435	0.019774414571394554	0.025543455829410967	0.03127754003963645	0.020322583521543182
G[T>A]A	1.2607414047947154e-06	1.2674123028683594e-06	1.333723294260836e-06	1.3073998152982232e-06	1.3310162308411895e-06	1.2414009600988765e-06	1.3153791457857626e-06	1.2432826397862141e-06	1.2961278954150248e-06	1.2714451588334047e-06
G[T>A]C	0.012556646319296077	0.01575860811907778	0.014401866897000749	0.008424327105960285	0.00998552994216275	0.008076761904585762	0.00023761725842207004	0.021144079382745252	0.007157009272854798	0.02171899137228737
G[T>A]G	1.2607414047947154e-06	1.2674123028683594e-06	1.333723294260836e-06	1.3073998152982232e-06	1.3310162308411895e-06	1.2414009600988765e-06	1.3153791457857626e-06	1.2432826397862141e-06	1.2961278954150248e-06	1.2714451588334047e-06
G[T>A]T	0.00519596502639786	2.0688955442289095e-06	0.0038176184706649437	0.005817243527914326	1.5377559425414798e-06	6.579891593920725e-07	8.108658279451013e-07	0.00277393682875112	0.004153627815149956	0.009367808055860417
G[T>C]A	0.0014012657025452588	7.369640276471278e-07	0.0009030911060954479	0.005334814496726844	0.0020493684850241343	0.00281201259656308	0.019185667491384964	3.232673109337436e-06	0.002275102250305187	0.0053168763963376145
G[T>C]C	0.010083557066713702	0.014927062592396304	0.014400020112580701	0.013194524150844949	0.010154707255674985	0.031626950790731266	0.023858396629533693	0.0175899233846483	0.007525576527503025	0.007567607178843908
G[T>C]G	0.016452899777069423	0.022607345647431012	0.03261847289707301	0.01862510327955866	0.01945847734866272	0.035473344371474425	0.010424392192762774	0.024966383154996878	0.025368634628270714	0.05461717972293417
G[T>C]T	0.0008843051457092438	0.003351420436674285	0.0011296484066520957	0.0029563036299084765	1.128499880676146e-06	0.003421928850312452	2.556182761537724e-06	0.003922315643850461	0.005644482217476531	0.002967628514445554
G[T>G]A	1.2607414047947154e-06	1.2674123028683594e-06	1.333723294260836e-06	1.3073998152982232e-06	1.3310162308411895e-06	1.2414009600988765e-06	1.3153791457857626e-06	1.2432826397862141e-06	1.2961278954150248e-06	1.2714451588334047e-06
G[T>G]C	0.0011121693116281665	0.001177739171081582	0.0008941013961659305	1.3730293945914343e-06	0.0019097606295172154	0.0027478642965344043	0.0009095405883614936	0.0014849090282864506	0.0015393142772827412	0.002889316694323191
G[T>G]G	1.2607414047947154e-06	1.2674123028683594e-06	1.333723294260836e-06	1.3073998152982232e-06	1.3310162308411895e-06	1.2414009600988765e-06	1.3153791457857626e-06	1.2432826397862141e-06	1.2961278954150248e-06	1.2714451588334047e-06
G[T>G]T	7.638387015191188e-07	1.7101883885438879e-06	0.0005031802447424321	0.000648800650347906	0.0011036137258472183	0.004301831941876258	0.0021974828068020862	2.440308992459506e-06	0.003507330582518405	1.0265469545946522e-06
T[C>A]A	0.00033371783907111855	0.0005927491300341735	0.0021249120880001463	0.0010231321292181927	0.0012951292730437667	0.002039197784742945	0.003044513630949549	0.0021165482266317765	0.0020482678885090904	0.0008226565420896363
T[C>A]C	0.011654064842793334	0.009071959988560186	0.012854055666676929	0.006671723928199438	0.016538979980412254	0.001574487696162367	0.01263334620309354	0.016559677097272327	0.02795150409804964	0.020660909746085872
T[C>A]G	1.2607414047947154e-06	1.2674123028683594e-06	1.333723294260836e-06	1.3073998152982232e-06	1.3310162308411895e-06	1.2414009600988765e-06	1.3153791457857626e-06	1.2432826397862141e-06	1.2961278954150248e-06	1.2714451588334047e-06
T[C>A]T	2.3342990114036893e-06	6.012743394083751e-07	0.009229543560294172	0.007293274591824163	0.009443740183433526	0.005621075532429321	0.003388749306719018	0.006686310198626037	0.0025884944313008104	0.004123110893309441
T[C>G]A	1.0254260467443537e-06	0.001930321007644532	9.047519153888392e-07	0.0007395282470673767	9.252001038831613e-07	1.1364136440273015e-06	1.1545546870966964e-06	0.0016292159205218263	1.0587032336091335e-06	0.0008645533224431638
T[C>G]C	1.7482447871416078e-06	0.002017776519221347	0.0035541671500339887	0.0037483508628005703	2.6510517817113694e-06	0.002090231905475097	1.4323139957693074e-06	0.001225648050030308	0.002001948084742377	0.0008640531248180894
T[C>G]G	1.2607414047947154e-06	1.2674123028683594e-06	1.333723294260836e-06	1.3073998152982232e-06	1.3310162308411895e-06	1.2414009600988765e-06	1.3153791457857626e-06	1.2432826397862141e-06	1.2961278954150248e-06	1.2714451588334047e-06
T[C>G]T	0.004985207036479575	0.018090007625676485	0.003683045855663667	0.009966313314909752	0.009807655848352711	0.005840628293014759	0.009239399676133174	0.0013662987976737185	0.025376621037684063	0.007971366684691068
T[C>T]A	0.07980107778968658	0.0421360281660951	0.020792260705339953	0.10670295229729318	0.09678282273859878	0.06896322356940264	0.05545010632557659	0.03501704638679305	0.05114415437652713	0.032040940007238214
T[C>T]C	0.015678708379981025	0.01478139819459449	0.027819973891911758	0.028673070899117303	0.02589832732047772	0.03854695998218207	0.01578280694487669	0.03767863868797576	0.03649626741366099	0.025384323050932966
T[C>T]G	1.2607414047947154e-06	1.2674123028683594e-06	1.333723294260836e-06	1.3073998152982232e-06	1.3310162308411895e-06	1.2414009600988765e-06	1.3153791457857626e-06	1.2432826397862141e-06	1.2961278954150248e-06	1.2714451588334047e-06
T[C>T]T	0.0027028118129701546	0.007038824723541752	7.970262813399324e-07	0.014867582607315969	0.003311714224556203	0.05924284716227632	0.0010702039739575269	0.009618912667800553	0.0017559775762077852	0.004338517690037427
T[T>A]A	0.009814709129615757	0.012828912058145965	0.01238359897124103	0.00791931411591123	0.014586905191746893	0.009175443634850792	0.015816487398096324	0.010190098384973003	0.00906490935301506	0.012523721666403545
T[T>A]C	0.01550256424379401	0.016770361810128396	0.03147187922974545	0.01517557601826171	0.008202037177203967	0.01568547283114932	0.006287965969093669	0.01141758986753865	0.016082636459549195	0.02873127961001162
T[T>A]G	1.2136357088462222e-06	0.0013256918485554587	1.057097157840943e-06	0.0005512260706302164	1.126076233591936e-06	0.002348385926762681	0.00048527970480261246	8.602481744435015e-07	9.742104123132125e-07	8.827030766280796e-07
T[T>A]T	0.0005229175610011185	0.004964102106466974	4.2474930711992725e-06	0.00695409366474298	0.0006907914145277082	0.009258632208331227	0.008347667237145548	0.009972045676359823	0.00110108142408702	0.0028954878621679364
T[T>C]A	0.07357005813240114	0.035428734370374304	0.03220674664389561	0.014972417936057449	0.029746997772869342	0.022488894133549178	0.025581494531970117	0.02129237023111617	0.0408146499343633	0.049997995845478385
T[T>C]C	0.004761566593537773	0.005892649967694497	0.003661361515663303	0.005770097211245726	3.0622373907287565e-07	3.0527328552767774e-07	0.03680074913534084	0.004760833452400029	0.01037605200829211	0.0034586567252272342
T[T>C]G	0.0015581022429149319	0.0019145205201281327	8.483575047845812e-07	6.856969442306567e-07	0.0012522852156524032	1.8427481865330862e-06	0.00033003089062547857	1.643465387583122e-06	0.003679275375132362	0.0033025342421481303
T[T>C]T	1.6473157581443305e-06	0.006304645706324489	0.0019634048046502576	0.009979798525299169	0.0046945905897836085	0.012572926173571157	1.393163653810715e-06	0.021250089010699316	0.027166280178757527	0.002342511611571176
T[T>G]A	1.119180349345512e-06	2.090822559276412e-06	0.0004306542099142023	0.0006748866788917979	0.00033935802131499274	0.000693450010018783	0.0014314067627289894	9.120760813860536e-07	0.003163048557554504	8.61708962775006e-07
T[T>G]C	0.0037113705169923446	0.0006071167636174801	0.009171808221730186	0.0013404013005195467	0.002208722470948851	3.777958489578836e-07	0.0012380860264923916	0.0029748183720862843	0.01567237153939572	0.0031885961488521807
T[T>G]G	1.2607414047947154e-06	1.2674123028683594e-06	1.333723294260836e-06	1.3073998152982232e-06	1.3310162308411895e-06	1.2414009600988765e-06	1.3153791457857626e-06	1.2432826397862141e-06	1.2961278954150248e-06	1.2714451588334047e-06
T[T>G]T	1.364535059104776e-06	0.0005158318833905801	0.001342205302755071	7.792261410287297e-07	0.0012849205616999799	0.002335788272575308	1.1387285614967716e-06	1.233338753954248e-06	0.0010206921748115503	0.001668866074780436
