Iteration	L1	L1 %	L2	L2 %	KL Divergence
1	1.826	13.832	0.346	16.904	0.019
2	1.802	13.639	0.336	16.515	0.019
3	1.83	13.838	0.341	16.711	0.019
4	1.851	14.004	0.347	17.008	0.02
5	1.839	13.899	0.345	16.885	0.019
6	1.839	13.927	0.344	16.92	0.02
7	1.864	14.133	0.338	16.619	0.019
8	1.801	13.592	0.34	16.547	0.018
9	1.822	13.76	0.337	16.545	0.019
10	1.874	14.164	0.348	17.001	0.02
11	1.923	14.604	0.355	17.46	0.021
12	1.876	14.203	0.346	17.015	0.02
13	1.876	14.221	0.351	17.175	0.02
14	1.881	14.241	0.352	17.252	0.02
15	1.885	14.28	0.35	17.178	0.02
16	1.855	14.059	0.342	16.725	0.02
17	1.888	14.305	0.349	17.11	0.02
18	1.785	13.495	0.334	16.45	0.019
19	1.891	14.328	0.349	17.083	0.02
20	1.878	14.193	0.352	17.321	0.019
21	1.849	14.007	0.351	17.198	0.02
22	1.945	14.767	0.355	17.347	0.021
23	1.824	13.784	0.342	16.69	0.019
24	1.809	13.697	0.34	16.605	0.019
25	1.88	14.275	0.35	17.095	0.021
26	1.799	13.597	0.33	16.227	0.018
27	1.838	13.916	0.336	16.565	0.019
28	1.92	14.503	0.362	17.647	0.021
29	1.839	13.92	0.353	17.185	0.02
30	1.867	14.101	0.347	17.012	0.021
31	1.87	14.197	0.351	17.24	0.02
32	1.901	14.383	0.357	17.378	0.02
33	1.824	13.819	0.333	16.488	0.019
34	1.88	14.211	0.344	16.921	0.021
35	1.869	14.177	0.354	17.42	0.021
36	1.795	13.576	0.334	16.244	0.019
37	1.881	14.267	0.35	17.254	0.021
38	1.858	14.07	0.349	17.095	0.02
39	1.898	14.381	0.351	17.373	0.02
40	1.808	13.709	0.33	16.226	0.019
41	1.806	13.646	0.344	16.783	0.019
42	1.897	14.354	0.355	17.443	0.02
43	1.899	14.382	0.353	17.338	0.02
44	1.891	14.341	0.351	17.317	0.02
45	1.809	13.683	0.336	16.321	0.019
46	1.857	13.994	0.352	17.128	0.02
47	1.879	14.241	0.351	17.239	0.02
48	1.87	14.124	0.355	17.307	0.02
49	1.862	14.129	0.345	16.88	0.02
50	1.902	14.402	0.348	17.107	0.02
51	1.906	14.411	0.346	16.915	0.02
52	1.845	13.948	0.342	16.713	0.019
53	1.893	14.351	0.355	17.418	0.021
54	1.909	14.47	0.349	17.023	0.02
55	1.882	14.211	0.356	17.419	0.02
56	1.863	14.109	0.359	17.32	0.02
57	1.843	13.925	0.341	16.542	0.019
58	1.863	14.123	0.347	17.045	0.02
59	1.867	14.142	0.352	17.208	0.02
60	1.851	13.997	0.344	16.84	0.019
61	1.866	14.088	0.349	17.071	0.02
62	1.828	13.805	0.342	16.663	0.019
63	1.873	14.185	0.343	16.881	0.019
64	1.86	14.105	0.338	16.556	0.02
65	1.837	13.881	0.345	16.823	0.019
66	1.852	14.09	0.346	17.023	0.02
67	1.945	14.704	0.365	17.797	0.021
68	1.886	14.294	0.357	17.397	0.02
69	1.897	14.372	0.35	17.224	0.021
70	1.866	14.085	0.344	16.904	0.02
71	1.831	13.878	0.344	16.923	0.019
72	1.845	13.976	0.338	16.605	0.019
73	1.843	13.956	0.34	16.685	0.019
74	1.904	14.397	0.348	17.039	0.02
75	1.858	14.068	0.349	17.061	0.02
76	1.87	14.149	0.348	17.036	0.02
77	1.874	14.239	0.34	16.686	0.02
78	1.892	14.319	0.359	17.504	0.02
79	1.892	14.354	0.339	16.716	0.02
80	1.807	13.707	0.337	16.535	0.02
81	1.832	13.855	0.34	16.626	0.019
82	1.851	13.973	0.349	16.981	0.019
83	1.825	13.855	0.337	16.547	0.019
84	1.857	14.076	0.349	16.998	0.02
85	1.821	13.798	0.335	16.273	0.019
86	1.913	14.506	0.347	17.068	0.02
87	1.882	14.303	0.351	17.361	0.021
88	1.873	14.158	0.359	17.451	0.02
89	1.819	13.747	0.343	16.766	0.019
90	1.833	13.887	0.346	16.913	0.019
91	1.879	14.194	0.355	17.395	0.02
92	1.819	13.787	0.334	16.456	0.019
93	1.889	14.283	0.355	17.28	0.02
94	1.844	13.914	0.349	16.966	0.019
95	1.83	13.834	0.339	16.564	0.019
96	1.961	14.848	0.362	17.736	0.022
97	1.896	14.338	0.351	17.231	0.02
98	1.875	14.216	0.35	17.025	0.02
99	1.852	14.02	0.346	16.906	0.019
100	1.871	14.187	0.342	16.808	0.02
101	1.872	14.17	0.348	17.139	0.021
102	1.799	13.598	0.338	16.439	0.018
103	1.889	14.305	0.35	17.018	0.02
104	1.889	14.277	0.355	17.275	0.021
105	1.876	14.187	0.345	16.989	0.02
106	1.886	14.301	0.349	17.188	0.02
107	1.898	14.363	0.354	17.289	0.02
108	1.845	13.926	0.348	16.92	0.02
109	1.795	13.572	0.34	16.77	0.019
110	1.89	14.278	0.352	17.215	0.02
111	1.862	14.092	0.343	16.78	0.02
112	1.927	14.591	0.349	17.153	0.021
113	1.836	13.907	0.341	16.644	0.019
114	1.829	13.803	0.344	16.805	0.019
115	1.847	13.991	0.351	17.147	0.019
116	1.902	14.441	0.356	17.454	0.021
117	1.836	13.9	0.348	16.898	0.02
118	1.888	14.27	0.352	17.169	0.02
119	1.909	14.48	0.356	17.309	0.02
120	1.901	14.4	0.354	17.151	0.02
121	1.826	13.776	0.34	16.604	0.019
122	1.867	14.131	0.351	17.157	0.02
123	1.842	13.951	0.347	16.978	0.02
124	1.805	13.657	0.348	16.937	0.02
125	1.859	14.054	0.343	16.851	0.02
126	1.909	14.483	0.358	17.55	0.02
127	1.868	14.135	0.34	16.728	0.019
128	1.877	14.259	0.351	17.226	0.021
129	1.84	13.919	0.347	17.03	0.02
130	1.821	13.764	0.337	16.562	0.02
131	1.841	13.94	0.336	16.679	0.02
132	1.867	14.126	0.342	16.785	0.02
133	1.912	14.411	0.356	17.308	0.02
134	1.869	14.133	0.349	17.06	0.02
135	1.913	14.511	0.356	17.403	0.021
136	1.812	13.738	0.333	16.255	0.019
137	1.889	14.282	0.348	16.945	0.02
138	1.894	14.325	0.348	17.139	0.02
139	1.839	13.932	0.345	16.841	0.02
140	1.927	14.619	0.348	17.123	0.02
141	1.849	13.967	0.358	17.511	0.02
142	1.907	14.433	0.358	17.398	0.02
143	1.856	14.055	0.342	16.682	0.019
144	1.797	13.584	0.34	16.609	0.019
145	1.831	13.818	0.334	16.444	0.019
146	1.884	14.204	0.352	17.17	0.02
147	1.895	14.354	0.359	17.546	0.02
148	1.887	14.291	0.353	17.241	0.02
149	1.872	14.176	0.349	17.099	0.02
150	1.87	14.176	0.345	16.904	0.02
151	1.861	14.082	0.348	16.992	0.02
152	1.841	13.92	0.343	16.766	0.02
153	1.867	14.152	0.342	16.848	0.019
154	1.916	14.55	0.347	17.022	0.02
155	1.876	14.185	0.349	17.022	0.02
156	1.862	14.051	0.34	16.62	0.02
157	1.902	14.386	0.349	17.062	0.02
158	1.928	14.614	0.365	17.83	0.021
159	1.895	14.368	0.349	17.011	0.02
160	1.779	13.451	0.336	16.39	0.018
161	1.861	14.103	0.347	17.007	0.02
162	1.853	14.017	0.346	16.859	0.019
163	1.87	14.093	0.346	16.901	0.02
164	1.851	14.022	0.35	17.009	0.019
165	1.898	14.387	0.349	17.176	0.02
166	1.892	14.366	0.35	17.149	0.02
167	1.901	14.399	0.353	17.255	0.021
168	1.843	13.959	0.344	16.955	0.019
169	1.792	13.556	0.336	16.436	0.019
170	1.821	13.784	0.335	16.49	0.019
171	1.866	14.133	0.353	17.228	0.02
172	1.923	14.533	0.359	17.612	0.02
173	1.826	13.8	0.339	16.45	0.019
174	1.881	14.175	0.362	17.527	0.02
175	1.857	14.086	0.352	17.305	0.02
176	1.853	14.038	0.348	16.93	0.019
177	1.789	13.551	0.324	15.917	0.019
178	1.838	13.907	0.34	16.791	0.02
179	1.823	13.771	0.338	16.422	0.019
180	1.83	13.832	0.342	16.767	0.019
181	1.792	13.543	0.331	16.26	0.019
182	1.871	14.147	0.345	16.937	0.02
183	1.828	13.825	0.342	16.645	0.019
184	1.934	14.665	0.354	17.344	0.021
185	1.879	14.269	0.355	17.304	0.02
186	1.763	13.32	0.325	15.821	0.018
187	1.859	14.056	0.343	16.826	0.019
188	1.811	13.704	0.338	16.529	0.019
189	1.857	14.035	0.344	16.902	0.02
190	1.791	13.552	0.327	16.058	0.018
191	1.932	14.593	0.359	17.538	0.021
192	1.943	14.726	0.358	17.491	0.021
193	1.878	14.186	0.356	17.366	0.02
194	1.854	14.017	0.346	17.056	0.02
195	1.911	14.466	0.351	17.199	0.02
196	1.88	14.189	0.355	17.506	0.02
197	1.801	13.63	0.348	16.923	0.019
198	1.852	14.008	0.352	17.133	0.019
199	1.819	13.79	0.338	16.605	0.019
200	1.958	14.822	0.364	17.741	0.021
201	1.895	14.355	0.354	17.221	0.02
202	1.837	13.873	0.346	16.911	0.019
203	1.902	14.368	0.354	17.364	0.02
204	1.843	13.952	0.348	16.958	0.019
205	1.871	14.126	0.343	16.672	0.02
206	1.867	14.11	0.353	17.158	0.02
207	1.962	14.866	0.37	18.008	0.021
208	1.822	13.813	0.341	16.762	0.019
209	1.908	14.408	0.358	17.529	0.02
210	1.928	14.615	0.362	17.772	0.021
211	1.793	13.576	0.334	16.387	0.019
212	1.837	13.905	0.35	17.158	0.02
213	1.848	13.986	0.34	16.67	0.019
214	1.885	14.308	0.351	17.189	0.02
215	1.826	13.849	0.343	16.716	0.019
216	1.932	14.637	0.358	17.601	0.021
217	1.862	14.059	0.347	16.982	0.019
218	1.817	13.762	0.343	16.816	0.019
219	1.858	14.063	0.351	17.158	0.02
220	1.877	14.256	0.352	17.221	0.02
221	1.942	14.686	0.366	17.845	0.021
222	1.833	13.862	0.34	16.576	0.019
223	1.894	14.344	0.352	17.201	0.02
224	1.883	14.231	0.35	17.116	0.02
225	1.883	14.281	0.347	16.93	0.02
226	1.826	13.807	0.341	16.715	0.02
227	1.865	14.122	0.344	16.854	0.02
228	1.904	14.347	0.35	17.204	0.02
229	1.895	14.316	0.354	17.195	0.021
230	1.949	14.74	0.363	17.64	0.021
231	1.868	14.142	0.35	17.053	0.02
232	1.905	14.468	0.356	17.594	0.021
233	1.858	14.091	0.353	17.286	0.021
234	1.9	14.391	0.356	17.486	0.02
235	1.885	14.292	0.348	17.087	0.02
236	1.836	13.903	0.343	16.741	0.02
237	1.912	14.521	0.351	17.243	0.021
238	1.827	13.873	0.343	16.686	0.02
239	1.829	13.82	0.339	16.552	0.019
240	1.827	13.857	0.339	16.614	0.019
241	1.918	14.506	0.361	17.502	0.02
242	1.89	14.314	0.348	17.08	0.02
243	1.849	14.008	0.345	16.869	0.02
244	1.851	13.977	0.35	17.098	0.019
245	1.901	14.404	0.352	17.316	0.02
246	1.783	13.457	0.335	16.436	0.018
247	1.846	13.985	0.335	16.468	0.019
248	1.905	14.422	0.354	17.383	0.021
249	1.887	14.289	0.347	16.949	0.02
250	1.886	14.285	0.358	17.589	0.021
251	1.82	13.801	0.338	16.547	0.02
252	1.893	14.306	0.365	17.701	0.02
253	1.8	13.641	0.337	16.593	0.019
254	1.829	13.846	0.347	17.02	0.02
255	1.879	14.228	0.342	16.872	0.02
256	1.887	14.258	0.359	17.479	0.021
257	1.948	14.752	0.361	17.561	0.02
258	1.866	14.136	0.354	17.415	0.02
259	1.776	13.46	0.317	15.648	0.018
260	1.812	13.719	0.337	16.623	0.019
261	1.899	14.397	0.352	17.13	0.02
262	1.868	14.135	0.339	16.556	0.02
263	1.858	14.055	0.348	16.972	0.019
264	1.942	14.728	0.367	17.924	0.021
265	1.867	14.103	0.344	16.919	0.019
266	1.865	14.137	0.339	16.624	0.02
267	1.892	14.332	0.348	17.138	0.02
268	1.92	14.528	0.353	17.279	0.02
269	1.839	13.915	0.346	16.957	0.02
270	1.863	14.113	0.354	17.358	0.02
271	1.832	13.843	0.341	16.668	0.02
272	1.888	14.308	0.341	16.819	0.02
273	1.862	14.082	0.35	17.204	0.02
274	1.921	14.547	0.361	17.736	0.022
275	1.845	13.929	0.35	17.213	0.019
276	1.93	14.616	0.35	17.149	0.02
277	1.843	13.936	0.346	16.983	0.019
278	1.834	13.887	0.359	17.462	0.02
279	1.855	14.0	0.347	17.011	0.02
280	1.902	14.429	0.34	16.715	0.02
281	1.873	14.204	0.35	17.081	0.02
282	1.896	14.326	0.354	17.399	0.02
283	1.858	14.054	0.351	16.991	0.019
284	1.909	14.461	0.353	17.307	0.021
285	1.837	13.893	0.347	17.091	0.02
286	1.926	14.591	0.359	17.632	0.022
287	1.927	14.626	0.361	17.621	0.022
288	1.889	14.298	0.358	17.463	0.02
289	1.847	13.959	0.339	16.593	0.019
290	1.853	14.04	0.344	16.836	0.02
291	1.808	13.696	0.346	16.992	0.02
292	1.866	14.121	0.346	17.0	0.02
293	1.891	14.334	0.346	16.987	0.02
294	1.913	14.514	0.354	17.481	0.02
295	1.955	14.777	0.366	17.801	0.021
296	1.865	14.083	0.342	16.793	0.02
297	1.902	14.379	0.347	16.945	0.02
298	1.834	13.851	0.343	16.782	0.019
299	1.851	14.005	0.347	16.842	0.019
300	1.869	14.157	0.358	17.426	0.02
301	1.932	14.595	0.363	17.762	0.021
302	1.884	14.31	0.353	17.324	0.021
303	1.816	13.763	0.339	16.689	0.019
304	1.853	14.003	0.34	16.698	0.02
305	1.856	14.027	0.349	17.165	0.021
306	1.934	14.647	0.353	17.227	0.021
307	1.865	14.156	0.34	16.829	0.02
308	1.862	14.084	0.346	16.866	0.019
309	1.85	14.007	0.344	16.718	0.019
310	1.853	14.052	0.343	16.901	0.019
311	1.848	14.026	0.337	16.459	0.019
312	1.889	14.289	0.351	17.168	0.02
313	1.926	14.594	0.349	17.157	0.021
314	1.853	14.017	0.352	17.212	0.019
315	1.827	13.837	0.34	16.864	0.019
316	1.927	14.62	0.353	17.187	0.02
317	1.88	14.243	0.346	16.984	0.019
318	1.9	14.404	0.349	17.179	0.02
319	1.843	13.957	0.343	16.864	0.019
320	1.916	14.527	0.355	17.35	0.02
321	1.863	14.093	0.339	16.63	0.019
322	1.903	14.375	0.351	17.142	0.021
323	1.837	13.917	0.34	16.798	0.021
324	1.846	13.975	0.344	16.819	0.02
325	1.915	14.494	0.361	17.643	0.021
326	1.844	13.958	0.339	16.621	0.02
327	1.826	13.838	0.336	16.46	0.019
328	1.808	13.682	0.33	16.25	0.019
329	1.896	14.379	0.351	17.277	0.021
330	1.866	14.12	0.352	17.135	0.02
331	1.88	14.24	0.344	16.886	0.02
332	1.852	14.015	0.346	16.966	0.019
333	1.822	13.794	0.347	16.828	0.019
334	1.868	14.143	0.358	17.319	0.02
335	1.849	14.003	0.343	16.656	0.019
336	1.767	13.364	0.336	16.495	0.019
337	1.856	14.046	0.343	16.811	0.019
338	1.845	13.971	0.345	16.802	0.02
339	1.895	14.329	0.35	17.126	0.02
340	1.867	14.133	0.344	16.914	0.02
341	1.869	14.128	0.347	16.998	0.02
342	1.875	14.198	0.348	17.13	0.019
343	1.923	14.563	0.347	16.995	0.021
344	1.817	13.744	0.334	16.29	0.019
345	1.855	14.047	0.34	16.774	0.019
346	1.88	14.201	0.349	17.047	0.019
347	1.83	13.828	0.342	16.719	0.019
348	1.82	13.778	0.338	16.566	0.019
349	1.905	14.419	0.354	17.372	0.021
350	1.883	14.298	0.352	17.408	0.02
351	1.917	14.524	0.356	17.5	0.022
352	1.812	13.713	0.332	16.288	0.02
353	1.83	13.829	0.342	16.762	0.019
354	1.852	14.021	0.343	16.873	0.02
355	1.96	14.855	0.363	17.778	0.021
356	1.783	13.505	0.333	16.328	0.018
357	1.873	14.156	0.339	16.613	0.02
358	1.874	14.166	0.356	17.336	0.02
359	1.916	14.55	0.356	17.588	0.021
360	1.862	14.122	0.349	16.961	0.02
361	1.864	14.096	0.34	16.621	0.02
362	1.915	14.493	0.352	17.268	0.02
363	1.832	13.88	0.335	16.328	0.019
364	1.878	14.228	0.35	17.162	0.02
365	1.91	14.43	0.352	17.359	0.02
366	1.816	13.777	0.339	16.596	0.019
367	1.833	13.88	0.344	16.809	0.019
368	1.93	14.618	0.354	17.299	0.021
369	1.92	14.57	0.349	17.173	0.021
370	1.916	14.496	0.351	17.169	0.02
371	1.971	14.953	0.362	17.711	0.022
372	1.786	13.503	0.333	16.237	0.018
373	1.847	13.994	0.349	17.098	0.019
374	1.863	14.098	0.341	16.637	0.019
375	1.893	14.322	0.359	17.653	0.02
376	1.798	13.643	0.332	16.277	0.019
377	1.882	14.246	0.351	17.024	0.02
378	1.896	14.393	0.348	17.114	0.02
379	1.874	14.214	0.348	17.123	0.02
380	1.9	14.399	0.352	17.2	0.02
381	1.858	14.051	0.348	17.174	0.019
382	1.799	13.631	0.338	16.521	0.019
383	1.852	14.014	0.337	16.506	0.019
384	1.903	14.404	0.351	17.058	0.02
385	1.823	13.845	0.342	16.798	0.02
386	1.895	14.329	0.352	17.168	0.02
387	1.854	14.022	0.35	17.148	0.02
388	1.896	14.276	0.356	17.339	0.02
389	1.876	14.193	0.357	17.393	0.02
390	1.844	13.952	0.353	17.196	0.02
391	1.811	13.698	0.345	16.987	0.02
392	1.852	14.027	0.344	16.806	0.019
393	1.89	14.308	0.361	17.559	0.02
394	1.789	13.533	0.342	16.734	0.019
395	1.838	13.882	0.346	16.86	0.019
396	1.855	14.039	0.342	16.752	0.019
397	1.892	14.348	0.361	17.618	0.02
398	1.885	14.264	0.353	17.243	0.02
399	1.857	14.058	0.349	17.036	0.02
400	1.813	13.744	0.338	16.604	0.018
401	1.855	14.027	0.348	16.89	0.019
402	1.911	14.443	0.353	17.226	0.02
403	1.941	14.69	0.361	17.587	0.021
404	1.854	14.059	0.357	17.522	0.021
405	1.852	14.016	0.344	16.773	0.019
406	1.829	13.875	0.339	16.714	0.019
407	1.84	13.942	0.348	17.138	0.02
408	1.848	13.993	0.344	16.842	0.02
409	1.949	14.776	0.37	18.058	0.022
410	1.768	13.383	0.335	16.373	0.018
411	1.877	14.217	0.351	17.209	0.02
412	1.878	14.259	0.348	16.942	0.02
413	1.814	13.715	0.342	16.729	0.019
414	1.912	14.457	0.354	17.354	0.02
415	1.843	13.94	0.34	16.536	0.019
416	1.879	14.216	0.355	17.405	0.02
417	1.859	14.065	0.348	17.012	0.019
418	1.907	14.418	0.351	17.135	0.02
419	1.884	14.273	0.357	17.467	0.021
420	1.946	14.786	0.358	17.616	0.021
421	1.884	14.253	0.355	17.348	0.02
422	1.901	14.435	0.346	16.983	0.021
423	1.867	14.117	0.344	16.825	0.02
424	1.909	14.457	0.361	17.591	0.021
425	1.893	14.338	0.354	17.332	0.02
426	1.877	14.167	0.355	17.32	0.02
427	1.883	14.261	0.352	17.226	0.021
428	1.861	14.068	0.353	17.152	0.02
429	1.866	14.102	0.347	17.091	0.02
430	1.855	14.076	0.34	16.784	0.02
431	1.838	13.901	0.344	16.701	0.019
432	1.848	13.957	0.346	16.925	0.02
433	1.853	14.031	0.347	16.976	0.02
434	1.872	14.193	0.351	17.246	0.02
435	1.822	13.775	0.344	16.902	0.019
436	1.926	14.544	0.362	17.639	0.02
437	1.87	14.142	0.339	16.634	0.019
438	1.843	13.958	0.336	16.467	0.02
439	1.817	13.778	0.344	16.845	0.02
440	1.854	14.034	0.34	16.704	0.02
441	1.815	13.728	0.336	16.611	0.019
442	1.863	14.084	0.355	17.243	0.02
443	1.853	14.025	0.345	17.009	0.019
444	1.877	14.217	0.342	16.762	0.021
445	1.923	14.567	0.358	17.518	0.021
446	1.814	13.728	0.334	16.382	0.018
447	1.875	14.194	0.348	17.152	0.02
448	1.856	14.055	0.35	17.343	0.02
449	1.847	13.963	0.342	16.659	0.019
450	1.821	13.755	0.338	16.608	0.019
451	1.842	13.872	0.344	16.738	0.02
452	1.881	14.238	0.352	17.282	0.02
453	1.865	14.112	0.353	17.16	0.02
454	1.891	14.308	0.348	17.131	0.02
455	1.88	14.264	0.35	17.161	0.02
456	1.842	13.944	0.349	17.147	0.019
457	1.837	13.898	0.34	16.644	0.019
458	1.902	14.414	0.351	17.151	0.02
459	1.884	14.266	0.345	17.062	0.02
460	1.832	13.83	0.341	16.71	0.019
461	1.84	13.919	0.343	16.849	0.02
462	1.871	14.123	0.347	16.798	0.019
463	1.892	14.315	0.353	17.428	0.02
464	1.886	14.246	0.345	16.837	0.019
465	1.873	14.143	0.347	16.949	0.02
466	1.784	13.511	0.334	16.422	0.019
467	1.901	14.392	0.354	17.372	0.02
468	1.851	14.001	0.352	17.145	0.02
469	1.933	14.642	0.358	17.562	0.021
470	1.943	14.731	0.358	17.629	0.021
471	1.864	14.108	0.343	16.858	0.019
472	1.851	14.029	0.348	17.126	0.02
473	1.957	14.812	0.376	18.323	0.022
474	1.789	13.534	0.335	16.426	0.019
475	1.813	13.704	0.34	16.722	0.019
476	1.813	13.709	0.34	16.612	0.019
477	1.859	14.036	0.346	16.795	0.02
478	1.851	13.997	0.349	17.063	0.02
479	1.898	14.393	0.351	17.198	0.02
480	1.896	14.363	0.352	17.207	0.02
481	1.805	13.646	0.341	16.795	0.019
482	1.842	13.94	0.346	17.055	0.02
483	1.809	13.675	0.34	16.709	0.019
484	1.94	14.663	0.358	17.598	0.021
485	1.871	14.172	0.347	16.976	0.02
486	1.828	13.833	0.341	16.711	0.019
487	1.852	14.027	0.346	16.912	0.02
488	1.881	14.218	0.356	17.368	0.021
489	1.809	13.695	0.34	16.632	0.019
490	1.903	14.381	0.358	17.484	0.019
491	1.821	13.727	0.339	16.594	0.019
492	1.874	14.161	0.351	17.048	0.02
493	1.862	14.082	0.347	17.144	0.021
494	1.831	13.871	0.345	16.971	0.02
495	1.8	13.642	0.341	16.672	0.019
496	1.833	13.901	0.344	16.82	0.019
497	1.842	13.966	0.349	16.958	0.02
498	1.87	14.165	0.354	17.351	0.02
499	1.857	14.048	0.341	16.853	0.02
500	1.888	14.294	0.346	16.942	0.02
501	1.905	14.418	0.353	17.164	0.02
502	1.876	14.189	0.341	16.726	0.02
503	1.852	14.029	0.352	17.093	0.02
504	1.802	13.643	0.336	16.334	0.018
505	1.9	14.387	0.354	17.382	0.02
506	1.887	14.259	0.354	17.312	0.021
507	1.811	13.733	0.337	16.58	0.019
508	1.829	13.82	0.345	16.841	0.019
509	1.888	14.303	0.348	17.031	0.02
510	1.869	14.128	0.345	16.989	0.02
511	1.862	14.133	0.345	16.988	0.02
512	1.781	13.444	0.34	16.654	0.018
513	1.894	14.321	0.344	16.881	0.02
514	1.865	14.151	0.355	17.344	0.02
515	1.917	14.503	0.349	17.086	0.02
516	1.899	14.37	0.351	17.209	0.02
517	1.881	14.186	0.351	17.22	0.02
518	1.921	14.536	0.366	17.825	0.021
519	1.857	14.082	0.344	16.758	0.02
520	1.913	14.488	0.352	17.196	0.021
521	1.937	14.651	0.364	17.76	0.021
522	1.905	14.446	0.352	17.207	0.02
523	1.878	14.24	0.345	16.943	0.02
524	1.89	14.334	0.356	17.464	0.02
525	1.883	14.299	0.344	16.914	0.02
526	1.985	15.027	0.37	18.0	0.021
527	1.885	14.268	0.342	16.879	0.02
528	1.842	13.949	0.345	17.043	0.019
529	1.891	14.357	0.347	17.093	0.02
530	1.838	13.89	0.344	16.727	0.019
531	1.919	14.523	0.361	17.519	0.02
532	1.792	13.545	0.346	16.921	0.019
533	1.824	13.794	0.339	16.578	0.019
534	1.793	13.576	0.342	16.639	0.019
535	1.91	14.481	0.361	17.533	0.019
536	1.867	14.109	0.351	17.084	0.02
537	1.888	14.262	0.345	16.942	0.02
538	1.863	14.13	0.347	17.069	0.019
539	1.847	13.973	0.333	16.436	0.019
540	1.828	13.824	0.345	16.91	0.02
541	1.852	14.021	0.343	16.825	0.02
542	1.952	14.746	0.355	17.331	0.021
543	1.823	13.799	0.345	16.863	0.019
544	1.921	14.542	0.358	17.506	0.021
545	1.844	13.974	0.34	16.577	0.019
546	1.825	13.771	0.349	17.027	0.02
547	1.897	14.376	0.359	17.476	0.02
548	1.906	14.431	0.352	17.396	0.021
549	1.977	14.941	0.366	17.91	0.021
550	1.906	14.446	0.348	17.133	0.021
551	1.84	13.941	0.344	16.823	0.02
552	1.894	14.345	0.356	17.454	0.021
553	1.904	14.423	0.345	17.016	0.02
554	1.922	14.542	0.356	17.341	0.021
555	1.855	14.037	0.342	16.76	0.019
556	1.791	13.57	0.334	16.491	0.019
557	1.856	14.045	0.346	16.939	0.02
558	1.862	14.089	0.352	17.239	0.02
559	1.887	14.271	0.35	17.216	0.021
560	1.843	13.966	0.344	16.895	0.019
561	1.871	14.15	0.347	16.798	0.02
562	1.891	14.276	0.35	17.069	0.02
563	1.877	14.237	0.342	16.788	0.02
564	1.83	13.864	0.337	16.545	0.019
565	1.882	14.213	0.353	17.252	0.02
566	1.892	14.284	0.353	17.233	0.021
567	1.83	13.849	0.343	16.817	0.019
568	1.863	14.117	0.346	16.937	0.02
569	1.858	14.052	0.34	16.596	0.019
570	1.86	14.099	0.342	16.782	0.02
571	1.856	14.105	0.341	16.773	0.02
572	1.876	14.225	0.349	17.097	0.02
573	1.822	13.78	0.339	16.724	0.019
574	1.909	14.39	0.353	17.227	0.02
575	1.924	14.599	0.356	17.417	0.021
576	1.904	14.406	0.357	17.457	0.02
577	1.82	13.772	0.347	16.925	0.019
578	1.862	14.106	0.349	16.97	0.02
579	1.895	14.343	0.353	17.273	0.02
580	1.924	14.557	0.361	17.602	0.021
581	1.875	14.188	0.349	17.106	0.02
582	1.869	14.133	0.346	17.014	0.02
583	1.857	14.045	0.346	16.837	0.02
584	1.85	14.011	0.347	16.909	0.02
585	1.853	14.034	0.345	16.89	0.02
586	1.804	13.627	0.338	16.5	0.019
587	1.903	14.39	0.353	17.262	0.02
588	1.844	13.995	0.344	16.903	0.02
589	1.832	13.864	0.342	16.817	0.019
590	1.902	14.413	0.352	17.238	0.02
591	1.847	13.968	0.344	16.799	0.02
592	1.865	14.081	0.347	16.973	0.019
593	1.751	13.253	0.336	16.423	0.018
594	1.922	14.564	0.365	17.804	0.021
595	1.872	14.179	0.343	16.91	0.02
596	1.925	14.611	0.353	17.388	0.021
597	1.871	14.179	0.353	17.224	0.02
598	1.85	14.006	0.352	17.135	0.019
599	1.87	14.168	0.344	16.863	0.02
600	1.854	14.038	0.351	17.083	0.02
601	1.888	14.294	0.344	16.93	0.019
602	1.864	14.134	0.346	17.012	0.02
603	1.858	14.07	0.345	16.895	0.02
604	1.959	14.845	0.359	17.491	0.021
605	1.816	13.727	0.334	16.435	0.019
606	1.898	14.361	0.355	17.347	0.02
607	1.91	14.476	0.349	17.262	0.02
608	1.86	14.043	0.339	16.562	0.019
609	1.882	14.243	0.355	17.402	0.021
610	1.896	14.355	0.353	17.251	0.02
611	1.885	14.281	0.352	17.159	0.02
612	1.868	14.139	0.355	17.456	0.02
613	1.851	13.979	0.347	16.851	0.02
614	1.819	13.777	0.334	16.389	0.019
615	1.819	13.754	0.337	16.475	0.019
616	1.869	14.155	0.347	16.993	0.02
617	1.84	13.933	0.34	16.619	0.02
618	1.863	14.087	0.348	17.068	0.019
619	1.901	14.372	0.359	17.435	0.02
620	1.894	14.33	0.347	16.893	0.02
621	1.879	14.2	0.349	16.994	0.02
622	1.839	13.944	0.341	16.823	0.02
623	1.867	14.12	0.34	16.68	0.02
624	1.87	14.177	0.355	17.349	0.02
625	1.817	13.761	0.34	16.709	0.019
626	1.783	13.46	0.333	16.233	0.019
627	1.891	14.296	0.351	17.204	0.02
628	1.845	13.99	0.34	16.681	0.02
629	1.956	14.826	0.375	18.238	0.022
630	1.877	14.254	0.354	17.419	0.02
631	1.8	13.648	0.329	16.133	0.019
632	1.866	14.115	0.346	16.879	0.02
633	1.799	13.638	0.338	16.523	0.019
634	1.898	14.361	0.345	16.845	0.02
635	1.846	13.986	0.346	17.017	0.019
636	1.887	14.313	0.356	17.397	0.02
637	1.848	13.951	0.35	17.259	0.02
638	1.866	14.08	0.349	16.949	0.02
639	1.862	14.109	0.34	16.66	0.02
640	1.842	13.931	0.349	17.039	0.02
641	1.926	14.595	0.359	17.688	0.021
642	1.831	13.849	0.335	16.509	0.019
643	1.825	13.787	0.334	16.437	0.019
644	1.823	13.734	0.347	16.833	0.019
645	1.837	13.901	0.342	16.632	0.019
646	1.833	13.896	0.34	16.696	0.02
647	1.892	14.344	0.34	16.768	0.019
648	1.844	13.963	0.342	16.821	0.02
649	1.846	14.004	0.344	16.925	0.019
650	1.938	14.721	0.348	17.189	0.021
651	1.892	14.317	0.351	17.267	0.02
652	1.878	14.224	0.349	17.069	0.02
653	1.874	14.208	0.346	16.939	0.02
654	1.838	13.901	0.342	16.704	0.019
655	1.898	14.351	0.354	17.461	0.02
656	1.871	14.179	0.349	17.214	0.02
657	1.895	14.33	0.359	17.606	0.02
658	1.844	13.93	0.329	16.179	0.019
659	1.917	14.52	0.353	17.288	0.021
660	1.804	13.673	0.339	16.651	0.019
661	1.927	14.561	0.35	17.223	0.021
662	1.882	14.252	0.345	17.001	0.02
663	1.852	14.034	0.34	16.6	0.019
664	1.859	14.082	0.352	17.223	0.02
665	1.889	14.272	0.348	17.186	0.019
666	1.887	14.332	0.349	17.11	0.02
667	1.84	13.904	0.339	16.542	0.019
668	1.85	13.992	0.347	16.918	0.02
669	1.927	14.614	0.359	17.492	0.021
670	1.876	14.234	0.35	17.104	0.02
671	1.912	14.506	0.355	17.459	0.021
672	1.894	14.35	0.354	17.245	0.02
673	1.846	13.963	0.347	16.994	0.02
674	1.885	14.252	0.364	17.747	0.02
675	1.855	14.061	0.341	16.766	0.02
676	1.872	14.161	0.357	17.298	0.02
677	1.919	14.546	0.367	17.836	0.021
678	1.931	14.629	0.366	17.929	0.022
679	1.908	14.425	0.352	17.367	0.02
680	1.788	13.522	0.341	16.769	0.019
681	1.866	14.141	0.344	16.954	0.02
682	1.874	14.169	0.354	17.333	0.02
683	1.899	14.411	0.351	17.194	0.02
684	1.837	13.921	0.351	17.131	0.019
685	1.888	14.314	0.354	17.355	0.02
686	1.822	13.764	0.359	17.418	0.019
687	1.808	13.672	0.329	16.178	0.019
688	1.932	14.656	0.36	17.682	0.021
689	1.876	14.172	0.343	16.73	0.019
690	1.847	13.99	0.345	16.882	0.019
691	1.755	13.28	0.324	15.91	0.018
692	1.886	14.316	0.357	17.334	0.021
693	1.835	13.881	0.349	17.031	0.02
694	1.91	14.493	0.354	17.426	0.021
695	1.845	13.955	0.347	16.941	0.018
696	1.886	14.274	0.347	17.116	0.02
697	1.913	14.494	0.349	17.086	0.02
698	1.909	14.473	0.35	17.173	0.021
699	1.92	14.536	0.358	17.539	0.021
700	1.884	14.244	0.353	17.203	0.02
701	1.822	13.77	0.342	16.812	0.019
702	1.834	13.872	0.345	16.863	0.02
703	1.836	13.901	0.338	16.547	0.019
704	1.87	14.153	0.347	16.858	0.02
705	1.854	14.03	0.341	16.707	0.019
706	1.828	13.856	0.34	16.786	0.019
707	1.902	14.393	0.353	17.267	0.02
708	1.904	14.447	0.355	17.511	0.02
709	1.862	14.078	0.347	16.96	0.019
710	1.876	14.193	0.35	17.133	0.02
711	1.872	14.171	0.344	16.742	0.02
712	1.873	14.187	0.359	17.489	0.02
713	1.846	13.94	0.336	16.454	0.019
714	1.853	13.985	0.344	16.906	0.019
715	1.859	14.087	0.351	17.077	0.02
716	1.833	13.856	0.356	17.306	0.02
717	1.842	13.921	0.343	16.836	0.02
718	1.902	14.379	0.355	17.318	0.021
719	1.826	13.799	0.343	16.855	0.019
720	1.888	14.34	0.36	17.577	0.021
721	1.805	13.686	0.341	16.796	0.02
722	1.864	14.12	0.354	17.299	0.02
723	1.857	14.023	0.356	17.267	0.02
724	1.85	14.009	0.347	16.898	0.019
725	1.841	13.923	0.339	16.526	0.019
726	1.845	13.964	0.348	17.013	0.02
727	1.865	14.131	0.341	16.736	0.02
728	1.845	13.991	0.345	16.786	0.019
729	1.931	14.609	0.361	17.601	0.021
730	1.784	13.536	0.328	16.094	0.019
731	1.851	14.037	0.342	16.685	0.02
732	1.869	14.152	0.342	16.71	0.019
733	1.8	13.665	0.347	16.814	0.019
734	1.868	14.097	0.357	17.331	0.02
735	1.903	14.36	0.372	18.091	0.021
736	1.934	14.645	0.364	17.838	0.021
737	1.908	14.518	0.35	17.279	0.021
738	1.844	13.941	0.348	17.036	0.019
739	1.891	14.314	0.351	17.16	0.02
740	1.831	13.838	0.329	16.305	0.019
741	1.934	14.638	0.357	17.589	0.02
742	1.836	13.911	0.346	16.978	0.02
743	1.86	14.068	0.34	16.63	0.019
744	1.848	13.972	0.345	16.753	0.019
745	1.842	13.945	0.342	16.804	0.019
746	1.908	14.421	0.354	17.324	0.02
747	1.871	14.178	0.344	16.867	0.019
748	1.819	13.761	0.339	16.613	0.02
749	1.871	14.176	0.356	17.34	0.02
750	1.916	14.521	0.356	17.439	0.02
751	1.837	13.912	0.339	16.628	0.019
752	1.902	14.4	0.353	17.282	0.021
753	1.888	14.296	0.352	17.276	0.021
754	1.911	14.505	0.355	17.396	0.02
755	1.831	13.837	0.343	16.825	0.019
756	1.946	14.708	0.368	17.939	0.022
757	1.798	13.629	0.34	16.543	0.019
758	1.895	14.333	0.355	17.309	0.021
759	1.909	14.445	0.348	17.044	0.02
760	1.873	14.175	0.345	16.944	0.02
761	1.775	13.441	0.327	16.057	0.018
762	1.879	14.263	0.354	17.239	0.02
763	1.919	14.558	0.357	17.452	0.021
764	1.786	13.505	0.34	16.647	0.019
765	1.841	13.907	0.34	16.717	0.02
766	1.803	13.666	0.334	16.32	0.019
767	1.883	14.289	0.352	17.292	0.021
768	1.906	14.412	0.355	17.312	0.02
769	1.89	14.293	0.356	17.31	0.02
770	1.908	14.452	0.345	16.907	0.02
771	1.901	14.382	0.354	17.25	0.02
772	1.826	13.802	0.354	17.233	0.02
773	1.959	14.854	0.367	17.824	0.022
774	1.861	14.012	0.347	16.87	0.02
775	1.924	14.571	0.356	17.344	0.021
776	1.953	14.822	0.359	17.64	0.021
777	1.805	13.644	0.34	16.638	0.019
778	1.911	14.466	0.354	17.369	0.02
779	1.841	13.932	0.338	16.453	0.019
780	1.88	14.225	0.347	17.046	0.02
781	1.841	13.967	0.339	16.639	0.02
782	1.892	14.301	0.342	16.827	0.02
783	1.849	13.997	0.339	16.491	0.019
784	1.915	14.509	0.354	17.411	0.02
785	1.874	14.181	0.357	17.519	0.02
786	1.894	14.318	0.36	17.611	0.021
787	1.898	14.4	0.347	17.111	0.02
788	1.813	13.697	0.335	16.411	0.019
789	1.863	14.104	0.344	16.711	0.019
790	1.902	14.423	0.355	17.353	0.021
791	1.871	14.17	0.352	17.215	0.02
792	1.84	13.909	0.339	16.696	0.019
793	1.88	14.248	0.352	17.108	0.02
794	1.864	14.124	0.354	17.336	0.02
795	1.862	14.08	0.347	16.971	0.02
796	1.867	14.121	0.353	17.322	0.021
797	1.865	14.139	0.353	17.336	0.02
798	1.895	14.346	0.35	17.266	0.02
799	1.818	13.771	0.336	16.608	0.019
800	1.869	14.175	0.349	17.036	0.02
801	1.816	13.733	0.349	17.045	0.019
802	1.82	13.775	0.338	16.59	0.018
803	1.806	13.649	0.336	16.33	0.019
804	1.867	14.112	0.346	16.985	0.019
805	1.958	14.818	0.359	17.545	0.021
806	1.885	14.306	0.352	17.221	0.021
807	1.868	14.135	0.345	16.767	0.02
808	1.894	14.365	0.352	17.322	0.02
809	1.867	14.126	0.348	16.95	0.02
810	1.813	13.703	0.344	16.829	0.019
811	1.845	14.003	0.34	16.666	0.019
812	1.877	14.216	0.343	16.948	0.019
813	1.829	13.817	0.349	17.056	0.019
814	1.891	14.363	0.35	17.129	0.02
815	1.917	14.53	0.358	17.521	0.02
816	1.812	13.721	0.337	16.622	0.02
817	1.797	13.63	0.339	16.628	0.019
818	1.973	14.957	0.364	17.742	0.02
819	1.891	14.294	0.348	16.968	0.02
820	1.896	14.374	0.352	17.219	0.02
821	1.872	14.173	0.354	17.305	0.019
822	1.826	13.843	0.338	16.68	0.019
823	1.865	14.121	0.347	16.98	0.02
824	1.828	13.843	0.334	16.271	0.019
825	1.874	14.146	0.355	17.423	0.02
826	1.89	14.341	0.351	17.195	0.02
827	1.862	14.09	0.341	16.845	0.02
828	1.848	14.024	0.344	16.823	0.02
829	1.903	14.417	0.358	17.63	0.021
830	1.847	13.951	0.352	17.152	0.02
831	1.831	13.821	0.346	16.854	0.019
832	1.833	13.855	0.347	16.901	0.019
833	1.816	13.746	0.334	16.428	0.019
834	1.896	14.395	0.355	17.402	0.02
835	1.858	14.013	0.348	17.007	0.02
836	1.864	14.079	0.34	16.737	0.02
837	1.842	13.966	0.348	17.055	0.02
838	1.864	14.107	0.345	16.837	0.02
839	1.871	14.19	0.349	17.107	0.02
840	1.932	14.639	0.361	17.611	0.02
841	1.889	14.313	0.344	16.862	0.021
842	1.854	14.059	0.348	16.919	0.019
843	1.895	14.351	0.343	16.775	0.02
844	1.896	14.392	0.359	17.573	0.02
845	1.961	14.829	0.365	17.924	0.02
846	1.897	14.367	0.348	16.836	0.02
847	1.876	14.215	0.351	17.264	0.02
848	1.825	13.821	0.342	16.648	0.019
849	1.875	14.24	0.348	17.151	0.02
850	1.872	14.165	0.352	17.156	0.02
851	1.962	14.881	0.356	17.617	0.021
852	1.801	13.648	0.335	16.455	0.018
853	1.851	13.971	0.35	17.073	0.02
854	1.859	14.087	0.342	16.824	0.019
855	1.88	14.231	0.35	17.249	0.02
856	1.816	13.745	0.348	16.971	0.019
857	1.835	13.883	0.346	16.92	0.02
858	1.903	14.402	0.36	17.487	0.02
859	1.796	13.609	0.338	16.559	0.019
860	1.86	14.103	0.356	17.356	0.02
861	1.834	13.879	0.336	16.564	0.019
862	1.793	13.574	0.333	16.23	0.019
863	1.862	14.069	0.338	16.633	0.02
864	1.927	14.583	0.359	17.61	0.02
865	1.893	14.31	0.352	17.119	0.02
866	1.819	13.761	0.338	16.528	0.019
867	1.807	13.688	0.345	16.809	0.02
868	1.86	14.062	0.352	17.243	0.02
869	1.89	14.307	0.349	17.241	0.019
870	1.934	14.654	0.351	17.194	0.021
871	1.878	14.204	0.34	16.62	0.02
872	1.889	14.297	0.346	17.089	0.02
873	1.927	14.622	0.355	17.308	0.021
874	1.782	13.477	0.335	16.291	0.018
875	1.88	14.233	0.354	17.363	0.02
876	1.893	14.297	0.351	17.226	0.02
877	1.906	14.432	0.356	17.474	0.021
878	1.888	14.316	0.35	17.255	0.02
879	1.883	14.265	0.356	17.343	0.02
880	1.848	13.972	0.343	16.778	0.019
881	1.814	13.727	0.343	16.739	0.019
882	1.829	13.859	0.347	17.061	0.019
883	1.846	13.916	0.355	17.391	0.02
884	1.872	14.145	0.351	17.099	0.02
885	1.806	13.678	0.338	16.583	0.019
886	1.864	14.112	0.352	17.243	0.02
887	1.853	13.968	0.355	17.221	0.02
888	1.914	14.526	0.351	17.278	0.021
889	1.933	14.653	0.355	17.316	0.021
890	1.822	13.776	0.341	16.663	0.018
891	1.899	14.37	0.352	17.157	0.02
892	1.933	14.628	0.351	17.247	0.021
893	1.927	14.609	0.355	17.306	0.021
894	1.878	14.214	0.357	17.272	0.02
895	1.861	14.053	0.347	16.968	0.019
896	1.861	14.065	0.354	17.239	0.02
897	1.873	14.185	0.342	16.771	0.021
898	1.887	14.279	0.355	17.324	0.02
899	1.956	14.821	0.363	17.839	0.022
900	1.801	13.612	0.335	16.41	0.019
901	1.885	14.276	0.346	16.9	0.02
902	1.825	13.826	0.328	16.139	0.019
903	1.835	13.829	0.345	16.892	0.019
904	1.848	13.995	0.348	16.972	0.019
905	1.876	14.224	0.354	17.39	0.02
906	1.878	14.235	0.349	17.023	0.02
907	1.885	14.229	0.368	17.728	0.02
908	1.847	13.971	0.35	17.05	0.02
909	1.908	14.436	0.361	17.578	0.021
910	1.8	13.625	0.334	16.548	0.018
911	1.853	13.986	0.347	16.92	0.02
912	1.875	14.192	0.352	17.261	0.02
913	1.867	14.175	0.351	17.23	0.02
914	1.886	14.287	0.353	17.223	0.02
915	1.913	14.471	0.354	17.37	0.021
916	1.837	13.893	0.346	16.887	0.02
917	1.985	14.989	0.379	18.366	0.022
918	1.797	13.599	0.342	16.747	0.019
919	1.899	14.366	0.354	17.341	0.021
920	1.795	13.559	0.335	16.506	0.019
921	1.888	14.297	0.36	17.6	0.02
922	1.835	13.879	0.338	16.441	0.019
923	1.838	13.911	0.338	16.555	0.019
924	1.82	13.782	0.339	16.677	0.019
925	1.935	14.676	0.356	17.358	0.021
926	1.871	14.141	0.348	16.98	0.02
927	1.881	14.221	0.352	17.345	0.02
928	1.859	14.055	0.338	16.596	0.02
929	1.888	14.282	0.357	17.362	0.021
930	1.97	14.924	0.364	17.779	0.021
931	1.838	13.931	0.342	16.907	0.019
932	1.885	14.255	0.345	16.892	0.02
933	1.885	14.277	0.347	17.174	0.02
934	1.873	14.145	0.341	16.679	0.02
935	1.825	13.782	0.337	16.533	0.019
936	1.902	14.382	0.355	17.233	0.02
937	1.898	14.399	0.362	17.717	0.021
938	1.847	13.996	0.343	16.809	0.019
939	1.81	13.721	0.336	16.523	0.019
940	1.852	14.009	0.345	16.914	0.02
941	1.86	14.047	0.354	17.281	0.02
942	1.772	13.412	0.333	16.394	0.019
943	1.908	14.488	0.347	16.99	0.02
944	1.885	14.246	0.353	17.499	0.021
945	1.873	14.224	0.351	17.211	0.02
946	1.854	14.041	0.346	16.873	0.019
947	1.917	14.534	0.356	17.398	0.021
948	1.843	13.96	0.342	16.669	0.02
949	1.829	13.86	0.339	16.68	0.02
950	1.878	14.241	0.344	16.931	0.02
951	1.841	13.919	0.343	16.702	0.02
952	1.822	13.798	0.347	17.036	0.02
953	1.855	14.047	0.35	17.156	0.021
954	1.935	14.596	0.356	17.524	0.021
955	1.866	14.141	0.359	17.531	0.02
956	1.885	14.248	0.355	17.463	0.02
957	1.886	14.283	0.353	17.267	0.02
958	1.872	14.18	0.349	17.123	0.02
959	1.835	13.901	0.341	16.669	0.019
960	1.843	13.908	0.343	16.833	0.02
961	1.868	14.129	0.348	16.911	0.019
962	1.898	14.392	0.352	17.24	0.02
963	1.903	14.377	0.361	17.635	0.02
964	1.886	14.244	0.359	17.368	0.019
965	1.857	14.066	0.338	16.665	0.02
966	1.843	13.958	0.344	16.89	0.019
967	1.854	14.054	0.342	16.809	0.019
968	1.807	13.729	0.337	16.606	0.019
969	1.865	14.12	0.345	16.844	0.019
970	1.882	14.23	0.355	17.414	0.02
971	1.849	13.967	0.345	16.873	0.019
972	1.863	14.076	0.347	17.041	0.02
973	1.814	13.738	0.331	16.279	0.019
974	1.881	14.237	0.355	17.265	0.02
975	1.851	14.025	0.341	16.848	0.02
976	1.897	14.371	0.353	17.347	0.02
977	1.919	14.514	0.359	17.56	0.021
978	1.865	14.071	0.338	16.526	0.02
979	1.845	13.967	0.347	17.002	0.02
980	1.872	14.163	0.35	17.15	0.02
981	1.902	14.431	0.346	17.02	0.021
982	1.919	14.479	0.368	17.842	0.021
983	1.891	14.332	0.356	17.416	0.02
984	1.916	14.522	0.352	17.25	0.02
985	1.815	13.752	0.336	16.521	0.019
986	1.871	14.209	0.343	16.838	0.02
987	1.87	14.188	0.351	17.249	0.02
988	1.921	14.491	0.362	17.627	0.021
989	1.859	14.056	0.35	17.163	0.019
990	1.842	13.964	0.344	16.879	0.02
991	1.916	14.509	0.362	17.754	0.021
992	1.95	14.802	0.354	17.448	0.021
993	1.854	14.034	0.343	16.708	0.019
994	1.844	13.922	0.345	16.829	0.019
995	1.909	14.523	0.355	17.495	0.021
996	1.764	13.362	0.325	15.906	0.018
997	1.855	14.009	0.351	17.23	0.02
998	1.89	14.321	0.35	17.142	0.02
999	1.912	14.435	0.351	17.033	0.02
1000	1.832	13.851	0.342	16.785	0.019
