MutationType	Signature A	Signature B	Signature C	Signature D	Signature E	Signature F	Signature G	Signature H
A[C>A]A	5.86E-03	6.84E-03	1.12E-02	6.92E-03	6.09E-03	6.26E-03	4.76E-03	1.18E-02
A[C>A]C	4.51E-03	2.44E-03	1.26E-02	3.98E-03	5.43E-03	4.24E-03	6.22E-03	4.95E-03
A[C>A]G	1.70E-08	1.66E-08	2.25E-08	1.82E-08	1.95E-08	1.29E-08	1.20E-08	2.19E-08
A[C>A]T	2.18E-03	4.36E-03	2.74E-03	1.18E-03	3.17E-03	4.26E-03	2.30E-03	1.65E-03
A[C>G]A	4.28E-03	4.75E-03	4.29E-03	4.39E-03	4.24E-03	5.22E-03	5.46E-03	4.72E-03
A[C>G]C	2.01E-07	2.79E-03	6.86E-04	1.28E-03	6.21E-04	2.31E-04	1.20E-03	3.72E-07
A[C>G]G	1.70E-08	1.66E-08	2.25E-08	1.82E-08	1.95E-08	1.29E-08	1.20E-08	2.19E-08
A[C>G]T	2.76E-03	6.56E-04	9.80E-04	3.96E-03	3.56E-04	8.74E-04	2.27E-03	2.12E-03
A[C>T]A	1.26E-02	1.52E-02	1.27E-02	1.47E-02	7.37E-03	6.89E-03	7.42E-03	1.07E-02
A[C>T]C	3.11E-03	6.97E-03	3.23E-03	1.96E-03	5.94E-03	4.32E-06	3.31E-03	1.68E-03
A[C>T]G	4.12E-03	6.80E-03	3.22E-03	3.47E-03	3.46E-03	3.58E-03	5.16E-03	4.18E-03
A[C>T]T	9.98E-03	6.57E-03	7.80E-03	8.42E-03	8.66E-03	6.37E-03	8.52E-03	8.61E-03
A[T>A]A	2.25E-07	4.36E-07	2.86E-03	1.45E-03	2.10E-03	7.46E-04	1.73E-03	3.52E-04
A[T>A]C	2.58E-03	1.08E-05	4.05E-03	3.18E-03	1.18E-03	3.74E-03	4.55E-03	4.11E-03
A[T>A]G	4.35E-03	3.70E-03	5.59E-03	1.00E-02	6.65E-03	1.04E-02	4.24E-03	1.29E-02
A[T>A]T	1.64E-03	5.35E-07	5.60E-04	1.74E-07	6.17E-04	2.69E-03	2.13E-06	1.20E-03
A[T>C]A	4.66E-03	9.73E-03	1.18E-02	1.48E-02	8.21E-03	1.09E-02	9.08E-03	1.85E-02
A[T>C]C	1.34E-02	9.32E-03	1.38E-02	9.72E-03	5.34E-03	6.54E-03	7.04E-03	3.55E-03
A[T>C]G	5.24E-03	3.60E-03	1.15E-02	4.76E-03	3.06E-03	6.54E-03	3.02E-03	8.51E-03
A[T>C]T	1.14E-02	1.09E-02	8.53E-03	1.76E-02	1.34E-02	1.05E-02	2.05E-02	1.24E-02
A[T>G]A	1.70E-08	1.66E-08	2.25E-08	1.82E-08	1.95E-08	1.29E-08	1.20E-08	2.19E-08
A[T>G]C	8.51E-03	8.28E-03	9.87E-03	4.47E-03	8.39E-03	5.53E-03	3.37E-03	2.28E-03
A[T>G]G	2.18E-04	1.63E-07	1.16E-03	3.71E-04	1.54E-07	3.97E-07	9.65E-04	1.41E-03
A[T>G]T	1.70E-08	1.66E-08	2.25E-08	1.82E-08	1.95E-08	1.29E-08	1.20E-08	2.19E-08
C[C>A]A	7.90E-04	1.67E-03	1.45E-03	1.99E-07	8.39E-04	4.16E-07	9.18E-07	1.13E-07
C[C>A]C	1.70E-08	1.66E-08	2.25E-08	1.82E-08	1.95E-08	1.29E-08	1.20E-08	2.19E-08
C[C>A]G	1.70E-08	1.66E-08	2.25E-08	1.82E-08	1.95E-08	1.29E-08	1.20E-08	2.19E-08
C[C>A]T	3.93E-04	6.65E-04	1.21E-03	2.65E-03	3.24E-03	2.26E-03	1.75E-03	2.71E-03
C[C>G]A	5.90E-04	1.90E-07	5.16E-04	5.72E-07	1.06E-03	1.17E-07	1.79E-07	2.59E-04
C[C>G]C	1.70E-08	1.66E-08	2.25E-08	1.82E-08	1.95E-08	1.29E-08	1.20E-08	2.19E-08
C[C>G]G	1.70E-08	1.66E-08	2.25E-08	1.82E-08	1.95E-08	1.29E-08	1.20E-08	2.19E-08
C[C>G]T	4.90E-07	1.65E-07	5.72E-04	4.70E-04	1.03E-07	1.29E-03	4.32E-07	5.75E-04
C[C>T]A	7.64E-03	4.16E-03	6.12E-03	4.55E-03	8.65E-03	2.83E-03	5.59E-03	5.49E-03
C[C>T]C	5.70E-03	5.57E-03	3.72E-03	5.03E-03	6.19E-03	4.56E-03	4.34E-03	2.27E-03
C[C>T]G	3.54E-03	2.53E-03	3.58E-03	5.52E-03	3.12E-03	2.25E-03	4.07E-03	4.33E-03
C[C>T]T	5.00E-03	5.23E-03	4.52E-03	5.95E-03	8.62E-03	3.93E-03	5.90E-03	8.87E-03
C[T>A]A	8.82E-04	4.63E-03	3.06E-03	8.85E-04	2.65E-03	5.92E-03	1.21E-03	4.08E-03
C[T>A]C	5.60E-03	4.67E-03	4.38E-03	8.53E-03	8.45E-03	6.98E-03	8.01E-03	4.91E-03
C[T>A]G	3.77E-03	8.20E-03	6.08E-03	4.50E-03	6.86E-03	1.94E-03	9.40E-03	2.11E-03
C[T>A]T	8.41E-07	7.38E-07	4.84E-04	4.08E-04	9.15E-04	1.38E-03	1.52E-03	1.80E-03
C[T>C]A	8.37E-03	5.93E-03	8.13E-03	5.97E-03	5.93E-03	6.20E-03	6.63E-03	7.14E-03
C[T>C]C	9.40E-03	8.21E-03	1.22E-02	3.99E-03	6.18E-03	8.34E-03	9.36E-03	1.10E-02
C[T>C]G	3.76E-06	1.81E-03	3.21E-04	1.09E-06	4.77E-04	7.81E-04	6.41E-04	1.05E-03
C[T>C]T	4.81E-04	1.06E-03	1.26E-03	8.98E-04	3.88E-03	6.58E-03	6.84E-03	1.01E-03
C[T>G]A	1.91E-07	4.29E-07	3.31E-04	4.02E-07	2.60E-04	2.07E-07	9.25E-04	4.94E-04
C[T>G]C	3.16E-04	3.14E-03	1.08E-03	1.59E-03	9.66E-04	6.21E-04	1.37E-07	2.36E-03
C[T>G]G	1.88E-03	1.57E-03	3.64E-03	4.59E-04	1.66E-03	2.67E-03	4.58E-04	2.07E-03
C[T>G]T	1.70E-08	1.66E-08	2.25E-08	1.82E-08	1.95E-08	1.29E-08	1.20E-08	2.19E-08
G[C>A]A	1.91E-03	2.10E-03	1.81E-07	1.81E-03	5.10E-06	6.59E-04	5.29E-03	8.63E-04
G[C>A]C	7.68E-04	6.10E-04	1.12E-03	6.98E-04	4.42E-04	7.04E-04	7.96E-04	5.05E-04
G[C>A]G	1.70E-08	1.66E-08	2.25E-08	1.82E-08	1.95E-08	1.29E-08	1.20E-08	2.19E-08
G[C>A]T	5.37E-03	4.54E-03	9.24E-03	7.99E-03	6.05E-03	4.12E-03	6.89E-03	8.41E-03
G[C>G]A	7.89E-06	3.89E-07	2.42E-03	9.11E-04	1.54E-03	1.39E-03	3.88E-03	7.60E-03
G[C>G]C	4.84E-03	4.73E-03	4.20E-03	9.89E-03	2.85E-03	3.67E-03	8.19E-03	3.98E-03
G[C>G]G	1.70E-08	1.66E-08	2.25E-08	1.82E-08	1.95E-08	1.29E-08	1.20E-08	2.19E-08
G[C>G]T	2.38E-03	3.28E-03	4.76E-03	4.42E-03	6.30E-03	5.23E-03	2.81E-03	5.59E-03
G[C>T]A	2.28E-03	4.73E-03	3.51E-03	4.92E-03	3.11E-03	6.17E-03	5.07E-03	3.99E-03
G[C>T]C	6.01E-07	3.61E-04	5.53E-07	1.17E-03	1.40E-07	1.13E-03	1.04E-03	2.34E-04
G[C>T]G	1.70E-08	1.66E-08	2.25E-08	1.82E-08	1.95E-08	1.29E-08	1.20E-08	2.19E-08
G[C>T]T	3.91E-03	1.37E-02	3.92E-03	8.79E-03	4.56E-03	6.98E-03	6.74E-03	4.44E-03
G[T>A]A	1.70E-08	1.66E-08	2.25E-08	1.82E-08	1.95E-08	1.29E-08	1.20E-08	2.19E-08
G[T>A]C	4.91E-03	3.60E-03	6.20E-03	8.64E-03	2.40E-03	2.90E-03	5.80E-03	2.37E-03
G[T>A]G	1.70E-08	1.66E-08	2.25E-08	1.82E-08	1.95E-08	1.29E-08	1.20E-08	2.19E-08
G[T>A]T	6.82E-04	1.87E-07	4.11E-03	3.74E-03	1.50E-03	1.45E-07	2.02E-03	3.48E-03
G[T>C]A	2.91E-03	6.64E-03	4.24E-04	1.43E-03	1.49E-03	3.81E-03	3.46E-07	9.24E-04
G[T>C]C	4.12E-03	6.32E-03	5.01E-03	5.76E-03	7.07E-03	6.07E-03	4.28E-03	4.37E-03
G[T>C]G	6.78E-03	6.06E-03	7.00E-03	8.51E-03	5.63E-03	8.90E-03	5.88E-03	4.23E-03
G[T>C]T	3.97E-07	2.51E-03	2.49E-03	2.51E-03	2.42E-07	3.16E-03	4.48E-07	1.19E-03
G[T>G]A	1.70E-08	1.66E-08	2.25E-08	1.82E-08	1.95E-08	1.29E-08	1.20E-08	2.19E-08
G[T>G]C	9.78E-04	1.76E-03	6.78E-04	1.08E-03	4.20E-04	1.09E-03	3.35E-04	8.77E-04
G[T>G]G	1.70E-08	1.66E-08	2.25E-08	1.82E-08	1.95E-08	1.29E-08	1.20E-08	2.19E-08
G[T>G]T	1.77E-03	2.84E-04	1.53E-07	7.04E-04	5.38E-04	4.28E-04	2.33E-03	1.13E-07
T[C>A]A	5.72E-04	1.95E-03	5.59E-04	7.61E-04	1.38E-03	1.08E-03	5.13E-04	5.32E-07
T[C>A]C	2.31E-03	5.25E-03	6.66E-03	5.66E-03	6.86E-03	8.18E-03	8.91E-03	4.70E-03
T[C>A]G	1.70E-08	1.66E-08	2.25E-08	1.82E-08	1.95E-08	1.29E-08	1.20E-08	2.19E-08
T[C>A]T	2.62E-03	1.36E-03	5.55E-03	5.88E-03	3.85E-03	4.15E-03	2.26E-03	3.07E-03
T[C>G]A	1.97E-07	8.98E-04	1.70E-07	9.71E-04	1.63E-07	4.48E-04	1.04E-03	9.82E-08
T[C>G]C	2.47E-04	1.14E-03	2.19E-07	2.35E-03	2.09E-07	9.67E-04	2.03E-03	3.28E-04
T[C>G]G	1.70E-08	1.66E-08	2.25E-08	1.82E-08	1.95E-08	1.29E-08	1.20E-08	2.19E-08
T[C>G]T	2.63E-03	5.26E-03	5.68E-03	2.91E-03	8.68E-04	2.62E-03	6.99E-03	4.55E-03
T[C>T]A	1.27E-02	1.14E-02	9.28E-03	5.72E-03	1.30E-02	8.86E-03	7.34E-03	1.35E-02
T[C>T]C	7.56E-03	9.03E-03	7.25E-03	4.72E-03	1.02E-02	9.08E-03	6.96E-03	4.28E-03
T[C>T]G	1.70E-08	1.66E-08	2.25E-08	1.82E-08	1.95E-08	1.29E-08	1.20E-08	2.19E-08
T[C>T]T	1.13E-02	1.50E-02	8.69E-04	8.31E-03	4.74E-07	6.17E-07	3.66E-03	1.31E-02
T[T>A]A	4.38E-03	4.07E-03	2.84E-03	3.40E-03	4.59E-03	5.75E-03	6.18E-03	3.52E-03
T[T>A]C	3.53E-03	4.64E-03	6.13E-03	5.06E-03	4.29E-03	9.72E-03	7.48E-03	3.46E-03
T[T>A]G	5.93E-04	1.70E-07	1.07E-03	1.82E-07	2.00E-07	3.73E-04	5.69E-04	5.09E-04
T[T>A]T	1.08E-03	4.20E-03	3.06E-03	4.13E-04	3.17E-03	5.04E-03	2.46E-03	3.39E-03
T[T>C]A	9.21E-03	1.63E-02	8.44E-03	5.64E-03	1.13E-02	1.08E-02	5.15E-03	8.48E-03
T[T>C]C	1.39E-03	6.12E-03	2.58E-03	7.43E-03	3.54E-03	5.04E-03	1.36E-03	6.44E-03
T[T>C]G	8.56E-04	1.64E-03	1.73E-03	4.15E-07	2.59E-04	4.49E-07	3.33E-03	6.51E-07
T[T>C]T	2.33E-03	3.40E-03	1.76E-03	7.39E-03	2.54E-03	9.99E-03	5.04E-03	7.08E-03
T[T>G]A	5.61E-04	3.95E-04	2.24E-07	7.80E-08	2.25E-07	8.57E-04	9.63E-04	8.63E-04
T[T>G]C	1.55E-07	4.48E-04	3.95E-03	2.07E-03	2.74E-03	1.97E-03	5.51E-03	2.84E-03
T[T>G]G	1.70E-08	1.66E-08	2.25E-08	1.82E-08	1.95E-08	1.29E-08	1.20E-08	2.19E-08
T[T>G]T	1.95E-06	4.04E-04	1.87E-03	6.11E-06	1.58E-03	8.63E-04	1.47E-03	1.35E-03
